serviceName,nbIter,timestamp,totDurInServ,computeDur,parExec,totReqProcessed,scenario
S1_reprodscen2_4,74000001,0,26752397,26748357,0,0,scenario2
S1_reprodscen2_4,74000001,51419392,51277796,51276691,2,1,scenario2
S1_reprodscen2_4,74000001,51500800,26467547,26466542,2,1,scenario2
S1_reprodscen2_4,74000001,280075008,24432494,24431059,1,3,scenario2
S1_reprodscen2_4,74000001,429052160,23935382,23934075,1,4,scenario2
S1_reprodscen2_4,74000001,768437248,24239960,24238476,1,5,scenario2
S1_reprodscen2_4,74000001,828996608,25581941,25580326,1,6,scenario2
S1_reprodscen2_4,74000001,1249340928,25743948,25742412,1,7,scenario2
S1_reprodscen2_4,74000001,1310843392,25011301,25009603,0,8,scenario2
S1_reprodscen2_4,74000001,1470377728,24369664,24368088,1,9,scenario2
S1_reprodscen2_4,74000001,1776563200,27941311,27939693,1,10,scenario2
S1_reprodscen2_4,74000001,1943869184,24139278,24136502,1,11,scenario2
S1_reprodscen2_4,74000001,1992523264,26649519,26647949,1,12,scenario2
S1_reprodscen2_4,74000001,2464223232,53098033,53096627,2,13,scenario2
S1_reprodscen2_4,74000001,2464302336,25906808,25905577,2,13,scenario2
S1_reprodscen2_4,74000001,2800995328,25224681,25223242,1,15,scenario2
S1_reprodscen2_4,74000001,2836749568,25808444,25806852,1,16,scenario2
S1_reprodscen2_4,74000001,3064721408,24535415,24533837,1,17,scenario2
S1_reprodscen2_4,74000001,3148599040,26112970,26111180,1,18,scenario2
S1_reprodscen2_4,74000001,3436148992,25407831,25406205,1,19,scenario2
S1_reprodscen2_4,74000001,3554566144,30538021,30536124,1,20,scenario2
S1_reprodscen2_4,74000001,3680407552,26135415,26133823,1,21,scenario2
S1_reprodscen2_4,74000001,3856003584,24531225,24529690,1,22,scenario2
S1_reprodscen2_4,74000001,3911755008,27014636,27012923,1,23,scenario2
S1_reprodscen2_4,74000001,3955174912,25251021,25249487,1,24,scenario2
S1_reprodscen2_4,74000001,4007698432,26460878,26459477,1,25,scenario2
S1_reprodscen2_4,74000001,4239897600,26531034,26529476,1,26,scenario2
S1_reprodscen2_4,74000001,4324967680,24058272,24056952,1,27,scenario2
S1_reprodscen2_4,74000001,4801194240,77334579,77333074,3,28,scenario2
S1_reprodscen2_4,74000001,4801290240,52008322,52007063,3,28,scenario2
S1_reprodscen2_4,74000001,4801360384,26553081,26551979,3,28,scenario2
S1_reprodscen2_4,74000001,4951484160,79572475,79570777,3,31,scenario2
S1_reprodscen2_4,74000001,4951584256,51956486,51955216,3,31,scenario2
S1_reprodscen2_4,74000001,4951688704,25189170,25187726,3,31,scenario2
S1_reprodscen2_4,74000001,5249975296,25567738,25566316,1,34,scenario2
S1_reprodscen2_4,74000001,5833593344,26942193,26940476,1,35,scenario2
S1_reprodscen2_4,74000001,6139924480,23897244,23895875,1,36,scenario2
S1_reprodscen2_4,74000001,6179194880,28012126,28010571,1,37,scenario2
S1_reprodscen2_4,74000001,6214262016,29856277,29854799,1,38,scenario2
S1_reprodscen2_4,74000001,6269527296,51748894,51747507,2,39,scenario2
S1_reprodscen2_4,74000001,6269605888,26384034,26382954,2,39,scenario2
S1_reprodscen2_4,74000001,6391837440,24788944,24787267,1,41,scenario2
S1_reprodscen2_4,74000001,6557212672,23744774,23743368,0,42,scenario2
S1_reprodscen2_4,74000001,6773488128,55936518,55934579,2,43,scenario2
S1_reprodscen2_4,74000001,6773593600,27014253,27012998,2,43,scenario2
S1_reprodscen2_4,74000001,6843182592,28231688,28230000,1,45,scenario2
S1_reprodscen2_4,74000001,7066916352,55739501,55736962,2,46,scenario2
S1_reprodscen2_4,74000001,7067061248,27771533,27770354,2,46,scenario2
S1_reprodscen2_4,74000001,7125309696,28742699,28740755,1,48,scenario2
S1_reprodscen2_4,74000001,7422134784,50209087,50207407,2,49,scenario2
S1_reprodscen2_4,74000001,7422247424,25174864,25173705,2,49,scenario2
S1_reprodscen2_4,74000001,7482597888,26200277,26198515,1,51,scenario2
S1_reprodscen2_4,74000001,7721038080,25236211,25234725,1,52,scenario2
S1_reprodscen2_4,74000001,7859407104,26457901,26456261,1,53,scenario2
S1_reprodscen2_4,74000001,8215592960,104450360,104448791,4,54,scenario2
S1_reprodscen2_4,74000001,8215682304,79660748,79659627,4,54,scenario2
S1_reprodscen2_4,74000001,8215758592,51936039,51934927,4,54,scenario2
S1_reprodscen2_4,74000001,8215834112,25368206,25367278,4,54,scenario2
S1_reprodscen2_4,74000001,8364444160,50449366,50447925,2,58,scenario2
S1_reprodscen2_4,74000001,8364534528,24657203,24655975,2,58,scenario2
S1_reprodscen2_4,74000001,8469496832,53930265,53928756,2,60,scenario2
S1_reprodscen2_4,74000001,8469599488,26083856,26082662,2,60,scenario2
S1_reprodscen2_4,74000001,8508174848,25121849,25120389,1,62,scenario2
S1_reprodscen2_4,74000001,8715834624,26575806,26574068,1,63,scenario2
S1_reprodscen2_4,74000001,8754725632,25311360,25309695,1,64,scenario2
S1_reprodscen2_4,74000001,8847665664,26084015,26082225,1,65,scenario2
S1_reprodscen2_4,74000001,8900727552,27864869,27863079,1,66,scenario2
S1_reprodscen2_4,74000001,9158883328,24773842,24772215,1,67,scenario2
S1_reprodscen2_4,74000001,9258185984,27873377,27871626,1,68,scenario2
S1_reprodscen2_4,74000001,9366085632,55521506,55519846,2,69,scenario2
S1_reprodscen2_4,74000001,9366174208,24546784,24545524,2,69,scenario2
S1_reprodscen2_4,74000001,9421272576,50346227,50344814,2,71,scenario2
S1_reprodscen2_4,74000001,9421373184,26039224,26038156,1,72,scenario2
S1_reprodscen2_4,74000001,9566497536,53973975,53972470,2,73,scenario2
S1_reprodscen2_4,74000001,9566619392,26207205,26205938,2,73,scenario2
S1_reprodscen2_4,74000001,9762381056,108376137,108374654,4,75,scenario2
S1_reprodscen2_4,74000001,9762457344,79862394,79861021,4,75,scenario2
S1_reprodscen2_4,74000001,9762555136,54630397,54629396,4,75,scenario2
S1_reprodscen2_4,74000001,9762636544,27067860,27066959,4,75,scenario2
S1_reprodscen2_4,74000001,9865509632,52677468,52676066,2,79,scenario2
S1_reprodscen2_4,74000001,9865587712,25359207,25358103,2,79,scenario2
S1_reprodscen2_4,74000001,9931251968,26949421,26947726,1,81,scenario2
S1_reprodscen2_4,74000001,10188455424,24931488,24929969,1,82,scenario2
S1_reprodscen2_4,74000001,10331047680,24199494,24197977,1,83,scenario2
S1_reprodscen2_4,74000001,10426892032,75839633,75838228,3,84,scenario2
S1_reprodscen2_4,74000001,10426972160,49610534,49609459,2,85,scenario2
S1_reprodscen2_4,74000001,10427035392,23791766,23790778,2,85,scenario2
S1_reprodscen2_4,74000001,10858512896,26780524,26778998,1,87,scenario2
S1_reprodscen2_4,74000001,10908096256,25029381,25027929,1,88,scenario2
S1_reprodscen2_4,74000001,11024040704,52816203,52814673,2,89,scenario2
S1_reprodscen2_4,74000001,11024126208,25397681,25396430,2,89,scenario2
S1_reprodscen2_4,74000001,11079976192,24343733,24342244,1,91,scenario2
S1_reprodscen2_4,74000001,11129436416,48772461,48770932,2,92,scenario2
S1_reprodscen2_4,74000001,11129526272,24197593,24196439,2,92,scenario2
S1_reprodscen2_4,74000001,11159944192,25776897,25775257,1,94,scenario2
S1_reprodscen2_4,74000001,11434005760,23625758,23624323,1,95,scenario2
S1_reprodscen2_4,74000001,11506913792,52137633,52136111,2,96,scenario2
S1_reprodscen2_4,74000001,11507005440,25987689,25986510,2,96,scenario2
S1_reprodscen2_4,74000001,11569306624,52184226,52182590,2,98,scenario2
S1_reprodscen2_4,74000001,11569399040,25090330,25089275,2,98,scenario2
S1_reprodscen2_4,74000001,11813756160,77384016,77382446,3,100,scenario2
S1_reprodscen2_4,74000001,11813849088,52937439,52936410,3,100,scenario2
S1_reprodscen2_4,74000001,11813927680,25240363,25239442,3,100,scenario2
S1_reprodscen2_4,74000001,11950383872,28305501,28303928,1,103,scenario2
S1_reprodscen2_4,74000001,12077740032,50480124,50478506,2,104,scenario2
S1_reprodscen2_4,74000001,12077842944,25506234,25505037,2,104,scenario2
S1_reprodscen2_4,74000001,12133008896,24304949,24303343,1,106,scenario2
S1_reprodscen2_4,74000001,12209901568,27912597,27911077,1,107,scenario2
S1_reprodscen2_4,74000001,12263776000,27666035,27664358,1,108,scenario2
S1_reprodscen2_4,74000001,12298735360,27491315,27489379,1,109,scenario2
S1_reprodscen2_4,74000001,12355520768,24847170,24845625,1,110,scenario2
S1_reprodscen2_4,74000001,12558777088,74963248,74961611,3,111,scenario2
S1_reprodscen2_4,74000001,12558856448,49925017,49923835,3,111,scenario2
S1_reprodscen2_4,74000001,12558919936,24966556,24965673,3,111,scenario2
S1_reprodscen2_4,74000001,12999162880,108567989,108566544,4,114,scenario2
S1_reprodscen2_4,74000001,12999241472,81500169,81499244,4,114,scenario2
S1_reprodscen2_4,74000001,12999333632,54718776,54717761,4,114,scenario2
S1_reprodscen2_4,74000001,12999418880,27656681,27655744,4,114,scenario2
S1_reprodscen2_4,74000001,13029988096,27779328,27777852,1,118,scenario2
S1_reprodscen2_4,74000001,13282153216,133722427,133720769,5,119,scenario2
S1_reprodscen2_4,74000001,13282256128,109719044,109717755,5,119,scenario2
S1_reprodscen2_4,74000001,13282337536,85158601,85157285,5,119,scenario2
S1_reprodscen2_4,74000001,13282418688,51815242,51813683,5,119,scenario2
S1_reprodscen2_4,74000001,13282508544,25380783,25379613,5,119,scenario2
S1_reprodscen2_4,74000001,13343165440,58489571,58488146,2,124,scenario2
S1_reprodscen2_4,74000001,13343239424,28715646,28714440,2,124,scenario2
S1_reprodscen2_4,74000001,13372053504,25945017,25943536,1,126,scenario2
S1_reprodscen2_4,74000001,13560201728,26855850,26854176,1,127,scenario2
S1_reprodscen2_4,74000001,13703182592,24400549,24399124,1,128,scenario2
S1_reprodscen2_4,74000001,13736745472,24790410,24788865,1,129,scenario2
S1_reprodscen2_4,74000001,13917186304,57112680,57110966,2,130,scenario2
S1_reprodscen2_4,74000001,13917289216,26880055,26878416,2,130,scenario2
S1_reprodscen2_4,74000001,14006392064,50859868,50858282,2,132,scenario2
S1_reprodscen2_4,74000001,14006490368,24450052,24448350,2,132,scenario2
S1_reprodscen2_4,74000001,14095205376,24132896,24131510,1,134,scenario2
S1_reprodscen2_4,74000001,14168925184,27680179,27678553,1,135,scenario2
S1_reprodscen2_4,74000001,14333486336,53013378,53011777,2,136,scenario2
S1_reprodscen2_4,74000001,14333597952,24822425,24820767,2,136,scenario2
S1_reprodscen2_4,74000001,14375283456,31368459,31366826,1,138,scenario2
S1_reprodscen2_4,74000001,14475947008,28779721,28778100,1,139,scenario2
S1_reprodscen2_4,74000001,14514928128,25503959,25502368,1,140,scenario2
S1_reprodscen2_4,74000001,14570410496,28708122,28706314,1,141,scenario2
S1_reprodscen2_4,74000001,14761463552,77751694,77750127,3,142,scenario2
S1_reprodscen2_4,74000001,14761564160,48428392,48426693,3,142,scenario2
S1_reprodscen2_4,74000001,14761678336,24432444,24430836,3,142,scenario2
S1_reprodscen2_4,74000001,14855045632,28329445,28328016,1,145,scenario2
S1_reprodscen2_4,74000001,14916065024,28404630,28403026,1,146,scenario2
S1_reprodscen2_4,74000001,14975722496,27827265,27825658,1,147,scenario2
S1_reprodscen2_4,74000001,15023881472,27723436,27721738,1,148,scenario2
S1_reprodscen2_4,74000001,15144860416,82423202,82421621,3,149,scenario2
S1_reprodscen2_4,74000001,15144958976,52166675,52165041,3,149,scenario2
S1_reprodscen2_4,74000001,15145088512,25325363,25323869,3,149,scenario2
S1_reprodscen2_4,74000001,15375472896,30233200,30231481,1,152,scenario2
S1_reprodscen2_4,74000001,15416008192,25530707,25528994,1,153,scenario2
S1_reprodscen2_4,74000001,15462890496,28150075,28148288,1,154,scenario2
S1_reprodscen2_4,74000001,15555284992,25241303,25239902,1,155,scenario2
S1_reprodscen2_4,74000001,15702053888,29880801,29879242,1,156,scenario2
S1_reprodscen2_4,74000001,15753490432,31060240,31058499,1,157,scenario2
S1_reprodscen2_4,74000001,15824032256,24397139,24395529,1,158,scenario2
S1_reprodscen2_4,74000001,15949672448,28829832,28828118,1,159,scenario2
S1_reprodscen2_4,74000001,16035463168,24272232,24270862,1,160,scenario2
S1_reprodscen2_4,74000001,16120030464,25554196,25552798,1,161,scenario2
S1_reprodscen2_4,74000001,16181946112,27067801,27066347,1,162,scenario2
S1_reprodscen2_4,74000001,16246747904,24901656,24900049,1,163,scenario2
S1_reprodscen2_4,74000001,16431547392,103351684,103350247,4,164,scenario2
S1_reprodscen2_4,74000001,16431687424,78539442,78537589,4,164,scenario2
S1_reprodscen2_4,74000001,16431750400,51989559,51988011,4,164,scenario2
S1_reprodscen2_4,74000001,16431801600,26090045,26088683,4,164,scenario2
S1_reprodscen2_4,74000001,16586720000,59676802,59675319,2,168,scenario2
S1_reprodscen2_4,74000001,16586844928,26938033,26936832,2,168,scenario2
S1_reprodscen2_4,74000001,16721734656,28360084,28358310,1,170,scenario2
S1_reprodscen2_4,74000001,16779849728,26329810,26328272,1,171,scenario2
S1_reprodscen2_4,74000001,16894788352,23884199,23882796,1,172,scenario2
S1_reprodscen2_4,74000001,16940407808,24315685,24314110,1,173,scenario2
S1_reprodscen2_4,74000001,16996911872,27644467,27642805,1,174,scenario2
S1_reprodscen2_4,74000001,17032246272,27705328,27703633,1,175,scenario2
S1_reprodscen2_4,74000001,17202868992,26022723,26021044,1,176,scenario2
S1_reprodscen2_4,74000001,17457621760,158507271,158505775,6,177,scenario2
S1_reprodscen2_4,74000001,17457714688,132207727,132206626,6,177,scenario2
S1_reprodscen2_4,74000001,17457787136,106058165,106057323,6,177,scenario2
S1_reprodscen2_4,74000001,17457875200,79790716,79789871,6,177,scenario2
S1_reprodscen2_4,74000001,17457940992,54261612,54260539,6,177,scenario2
S1_reprodscen2_4,74000001,17458009344,27047535,27046621,6,177,scenario2
S1_reprodscen2_4,74000001,17560455936,23962094,23960634,1,183,scenario2
S1_reprodscen2_4,74000001,17757032448,51316208,51314777,2,184,scenario2
S1_reprodscen2_4,74000001,17757126144,24366718,24365539,2,184,scenario2
S1_reprodscen2_4,74000001,17914004480,25744917,25743392,1,186,scenario2
S1_reprodscen2_4,74000001,17987098880,50643001,50641578,2,187,scenario2
S1_reprodscen2_4,74000001,17987188736,24636491,24635304,2,187,scenario2
S1_reprodscen2_4,74000001,18051428352,25493576,25492162,1,189,scenario2
S1_reprodscen2_4,74000001,18108077568,25812611,25811138,1,190,scenario2
S1_reprodscen2_4,74000001,18160012544,27522948,27521416,1,191,scenario2
S1_reprodscen2_4,74000001,18355138560,77405828,77404329,3,192,scenario2
S1_reprodscen2_4,74000001,18355252736,53447301,53446100,3,192,scenario2
S1_reprodscen2_4,74000001,18355342336,26909639,26908727,3,192,scenario2
S1_reprodscen2_4,74000001,18459725056,24228956,24227610,1,195,scenario2
S1_reprodscen2_4,74000001,18569773056,53217421,53215899,2,196,scenario2
S1_reprodscen2_4,74000001,18569879040,27362654,27361433,2,196,scenario2
S1_reprodscen2_4,74000001,18703344896,24278231,24276721,1,198,scenario2
S1_reprodscen2_4,74000001,18761723904,28485369,28483696,1,199,scenario2
S1_reprodscen2_4,74000001,18869672704,79031155,79029531,3,200,scenario2
S1_reprodscen2_4,74000001,18869765888,53664292,53663050,3,200,scenario2
S1_reprodscen2_4,74000001,18869867264,26902557,26901426,3,200,scenario2
S1_reprodscen2_4,74000001,18900987392,27917460,27915919,1,203,scenario2
S1_reprodscen2_4,74000001,19104672256,26265386,26263941,1,204,scenario2
S1_reprodscen2_4,74000001,19144706560,25087628,25086086,1,205,scenario2
S1_reprodscen2_4,74000001,19214755584,23843844,23842379,1,206,scenario2
S1_reprodscen2_4,74000001,19255315200,27185891,27184387,1,207,scenario2
S1_reprodscen2_4,74000001,19308180992,25781918,25780334,1,208,scenario2
S1_reprodscen2_4,74000001,19442038784,50435080,50433764,2,209,scenario2
S1_reprodscen2_4,74000001,19442131456,25957311,25956192,2,209,scenario2
S1_reprodscen2_4,74000001,19492640512,25702641,25700989,1,211,scenario2
S1_reprodscen2_4,74000001,19957272576,132098635,132097066,5,212,scenario2
S1_reprodscen2_4,74000001,19957372160,104525047,104523977,5,212,scenario2
S1_reprodscen2_4,74000001,19957473280,78424367,78422913,5,212,scenario2
S1_reprodscen2_4,74000001,19957564672,52111153,52110038,5,212,scenario2
S1_reprodscen2_4,74000001,19957647616,24412750,24411710,5,212,scenario2
S1_reprodscen2_4,74000001,20008527872,27035812,27034098,1,217,scenario2
S1_reprodscen2_4,74000001,20117821184,74893086,74891589,3,218,scenario2
S1_reprodscen2_4,74000001,20117912064,50170832,50169861,3,218,scenario2
S1_reprodscen2_4,74000001,20117982208,25809070,25808228,3,218,scenario2
S1_reprodscen2_4,74000001,20219329536,29119602,29117957,1,221,scenario2
S1_reprodscen2_4,74000001,20322920704,27287934,27286357,1,222,scenario2
S1_reprodscen2_4,74000001,20354165504,27358647,27357194,1,223,scenario2
S1_reprodscen2_4,74000001,20425398272,24437747,24436338,1,224,scenario2
S1_reprodscen2_4,74000001,20567122688,23828066,23826600,1,225,scenario2
S1_reprodscen2_4,74000001,20806801664,26279011,26277214,1,226,scenario2
S1_reprodscen2_4,74000001,20925094144,83191272,83189685,3,227,scenario2
S1_reprodscen2_4,74000001,20925180672,55854889,55853586,3,227,scenario2
S1_reprodscen2_4,74000001,20925267456,27909702,27908507,3,227,scenario2
S1_reprodscen2_4,74000001,20954657024,27136036,27134390,1,230,scenario2
S1_reprodscen2_4,74000001,21110284544,152576477,152574917,6,231,scenario2
S1_reprodscen2_4,74000001,21110380288,126405764,126393017,6,231,scenario2
S1_reprodscen2_4,74000001,21110490624,101554901,101553972,6,231,scenario2
S1_reprodscen2_4,74000001,21110598144,75900374,75899071,6,231,scenario2
S1_reprodscen2_4,74000001,21110686720,51915197,51914056,6,231,scenario2
S1_reprodscen2_4,74000001,21110755072,26665926,26664858,6,231,scenario2
S1_reprodscen2_4,74000001,21273639680,31535463,31533789,1,237,scenario2
S1_reprodscen2_4,74000001,21369612544,24172361,24171006,1,238,scenario2
S1_reprodscen2_4,74000001,21580977920,27239296,27237693,1,239,scenario2
S1_reprodscen2_4,74000001,21717206272,29373209,29371371,1,240,scenario2
S1_reprodscen2_4,74000001,21905684992,25589628,25588039,1,241,scenario2
S1_reprodscen2_4,74000001,22153761024,103951417,103949803,4,242,scenario2
S1_reprodscen2_4,74000001,22153864448,78096819,78095703,4,242,scenario2
S1_reprodscen2_4,74000001,22153961728,51835761,51834916,4,242,scenario2
S1_reprodscen2_4,74000001,22154028032,25251155,25250277,4,242,scenario2
S1_reprodscen2_4,74000001,22242246656,29570250,29568537,1,246,scenario2
S1_reprodscen2_4,74000001,22313791488,23821699,23820188,1,247,scenario2
S1_reprodscen2_4,74000001,22372691200,51449225,51447644,2,248,scenario2
S1_reprodscen2_4,74000001,22372784128,25285828,25284624,2,248,scenario2
S1_reprodscen2_4,74000001,22464320256,23519988,23518638,1,250,scenario2
S1_reprodscen2_4,74000001,22585933056,73111800,73110193,3,251,scenario2
S1_reprodscen2_4,74000001,22586014208,49131107,49130000,3,251,scenario2
S1_reprodscen2_4,74000001,22586110464,24693714,24692797,3,251,scenario2
S1_reprodscen2_4,74000001,22863249152,53615745,53614163,2,254,scenario2
S1_reprodscen2_4,74000001,22863341312,25678011,25676857,2,254,scenario2
S1_reprodscen2_4,74000001,22924133632,25991178,25989467,1,256,scenario2
S1_reprodscen2_4,74000001,23079799808,26295475,26294105,1,257,scenario2
S1_reprodscen2_4,74000001,23156146944,75461188,75459643,3,258,scenario2
S1_reprodscen2_4,74000001,23156224768,50091231,50090117,3,258,scenario2
S1_reprodscen2_4,74000001,23156296192,24962718,24961901,3,258,scenario2
S1_reprodscen2_4,74000001,23251481344,26156120,26154545,1,261,scenario2
S1_reprodscen2_4,74000001,23305595904,50117393,50115731,2,262,scenario2
S1_reprodscen2_4,74000001,23305701376,25108333,25107252,2,262,scenario2
S1_reprodscen2_4,74000001,23404848640,24689521,24688082,1,264,scenario2
S1_reprodscen2_4,74000001,23507413760,24002349,24000901,1,265,scenario2
S1_reprodscen2_4,74000001,23567298816,52831666,52830107,2,266,scenario2
S1_reprodscen2_4,74000001,23567362048,27126630,27125504,2,266,scenario2
S1_reprodscen2_4,74000001,23793793280,26767721,26755219,1,268,scenario2
S1_reprodscen2_4,74000001,23820718336,26828296,26827081,1,269,scenario2
S1_reprodscen2_4,74000001,23849153024,27753987,27752390,1,270,scenario2
S1_reprodscen2_4,74000001,23930112768,24291902,24290447,1,271,scenario2
S1_reprodscen2_4,74000001,23961960448,25916325,25914888,1,272,scenario2
S1_reprodscen2_4,74000001,24182630144,24243358,24241867,1,273,scenario2
S1_reprodscen2_4,74000001,24237144576,28490876,28489392,1,274,scenario2
S1_reprodscen2_4,74000001,24429590528,127782439,127780899,5,275,scenario2
S1_reprodscen2_4,74000001,24429657088,101953739,101952649,5,275,scenario2
S1_reprodscen2_4,74000001,24429749504,76884288,76883376,5,275,scenario2
S1_reprodscen2_4,74000001,24429849088,50100286,50099332,5,275,scenario2
S1_reprodscen2_4,74000001,24429911808,25669063,25668133,5,275,scenario2
S1_reprodscen2_4,74000001,24512109056,33204570,33203000,1,280,scenario2
S1_reprodscen2_4,74000001,24582119168,23737014,23735582,1,281,scenario2
S1_reprodscen2_4,74000001,24846737664,27365210,27363536,1,282,scenario2
S1_reprodscen2_4,74000001,25073755648,129011141,129009590,5,283,scenario2
S1_reprodscen2_4,74000001,25073874176,104105534,104104488,5,283,scenario2
S1_reprodscen2_4,74000001,25073961984,78148023,78147176,5,283,scenario2
S1_reprodscen2_4,74000001,25074034176,52317698,52316442,5,283,scenario2
S1_reprodscen2_4,74000001,25074102784,26319032,26317952,5,283,scenario2
S1_reprodscen2_4,74000001,25247185408,53193455,53191954,2,288,scenario2
S1_reprodscen2_4,74000001,25247265792,25928911,25927714,2,288,scenario2
S1_reprodscen2_4,74000001,25303732992,53295048,53293533,2,290,scenario2
S1_reprodscen2_4,74000001,25303813376,26786517,26785402,2,290,scenario2
S1_reprodscen2_4,74000001,25494777344,51676282,51674894,2,292,scenario2
S1_reprodscen2_4,74000001,25494842624,25337356,25336215,2,292,scenario2
S1_reprodscen2_4,74000001,25551575040,52206205,52204584,2,294,scenario2
S1_reprodscen2_4,74000001,25551664384,25453446,25452378,2,294,scenario2
S1_reprodscen2_4,74000001,25802042880,81085636,81073276,3,296,scenario2
S1_reprodscen2_4,74000001,25802165248,54031966,54030856,3,296,scenario2
S1_reprodscen2_4,74000001,25802265600,25901181,25900064,3,296,scenario2
S1_reprodscen2_4,74000001,25881449216,24759821,24757032,1,299,scenario2
S1_reprodscen2_4,74000001,25955537664,24943078,24941536,1,300,scenario2
S1_reprodscen2_4,74000001,26017136384,27351404,27349710,1,301,scenario2
S1_reprodscen2_4,74000001,26054654464,25610472,25608749,1,302,scenario2
S1_reprodscen2_4,74000001,26121672448,26266348,26254096,1,303,scenario2
S1_reprodscen2_4,74000001,26229336576,23736376,23734926,1,304,scenario2
S1_reprodscen2_4,74000001,26337400064,25494146,25492629,1,305,scenario2
S1_reprodscen2_4,74000001,26413022208,52959884,52958402,2,306,scenario2
S1_reprodscen2_4,74000001,26413063424,26219707,26218582,2,306,scenario2
S1_reprodscen2_4,74000001,26478769920,28269873,28268362,1,308,scenario2
S1_reprodscen2_4,74000001,26571015424,24205990,24204321,1,309,scenario2
S1_reprodscen2_4,74000001,26845878016,26775270,26773543,1,310,scenario2
S1_reprodscen2_4,74000001,27016997888,26475801,26474254,1,311,scenario2
S1_reprodscen2_4,74000001,27105374464,53844535,53843069,2,312,scenario2
S1_reprodscen2_4,74000001,27105449984,26769334,26768232,2,312,scenario2
S1_reprodscen2_4,74000001,27218284288,50129395,50128027,2,314,scenario2
S1_reprodscen2_4,74000001,27218360064,24270347,24269144,2,314,scenario2
S1_reprodscen2_4,74000001,27305718784,27933174,27931496,1,316,scenario2
S1_reprodscen2_4,74000001,27402510592,25458730,25457042,1,317,scenario2
S1_reprodscen2_4,74000001,27516678400,74374522,74372876,3,318,scenario2
S1_reprodscen2_4,74000001,27516766208,50291069,50289934,3,318,scenario2
S1_reprodscen2_4,74000001,27516855808,26833322,26832470,3,318,scenario2
S1_reprodscen2_4,74000001,27561609472,24271800,24268984,1,321,scenario2
S1_reprodscen2_4,74000001,27630464768,54187972,54186325,2,322,scenario2
S1_reprodscen2_4,74000001,27630577664,27300139,27298727,2,322,scenario2
S1_reprodscen2_4,74000001,27871896064,24156997,24155419,1,324,scenario2
S1_reprodscen2_4,74000001,27947841792,54859581,54857915,2,325,scenario2
S1_reprodscen2_4,74000001,27947948800,27260685,27259408,2,325,scenario2
S1_reprodscen2_4,74000001,28029751552,25161910,25160328,1,327,scenario2
S1_reprodscen2_4,74000001,28079248896,25305193,25303723,1,328,scenario2
S1_reprodscen2_4,74000001,28126096128,27005222,27003747,1,329,scenario2
S1_reprodscen2_4,74000001,28300559616,24090632,24089325,1,330,scenario2
S1_reprodscen2_4,74000001,28403126016,80569039,80567182,3,331,scenario2
S1_reprodscen2_4,74000001,28403227392,54080859,54079574,3,331,scenario2
S1_reprodscen2_4,74000001,28403322624,27093474,27092449,3,331,scenario2
S1_reprodscen2_4,74000001,28459292672,25942213,25940629,1,334,scenario2
S1_reprodscen2_4,74000001,28500285696,23669026,23667603,1,335,scenario2
S1_reprodscen2_4,74000001,28599916288,25975994,25974540,1,336,scenario2
S1_reprodscen2_4,74000001,28626380032,25418659,25417010,1,337,scenario2
S1_reprodscen2_4,74000001,28767124480,24872114,24859597,1,338,scenario2
S1_reprodscen2_4,74000001,28957207296,23733379,23731880,1,339,scenario2
S1_reprodscen2_4,74000001,29067359488,49372870,49371500,2,340,scenario2
S1_reprodscen2_4,74000001,29067434752,24487962,24486838,2,340,scenario2
S1_reprodscen2_4,74000001,29268385280,51006853,51005501,2,342,scenario2
S1_reprodscen2_4,74000001,29268459776,27433879,27432727,2,342,scenario2
S1_reprodscen2_4,74000001,29310273536,24250498,24249017,1,344,scenario2
S1_reprodscen2_4,74000001,29347793152,25712339,25710741,1,345,scenario2
S1_reprodscen2_4,74000001,29401449984,27163775,27161776,0,346,scenario2
S1_reprodscen2_4,74000001,29426069504,24476872,24475797,1,347,scenario2
S1_reprodscen2_4,74000001,29508081920,26329221,26327644,1,348,scenario2
S1_reprodscen2_4,74000001,29560100352,28125511,28123905,1,349,scenario2
S1_reprodscen2_4,74000001,29625146880,26913473,26911954,1,350,scenario2
S1_reprodscen2_4,74000001,29837496320,29895444,29893655,1,351,scenario2
S1_reprodscen2_4,74000001,29967338496,55530671,55528293,2,352,scenario2
S1_reprodscen2_4,74000001,29967427072,25974194,25972947,2,352,scenario2
S1_reprodscen2_4,74000001,30007282944,25009814,25008355,1,354,scenario2
S1_reprodscen2_4,74000001,30073690112,28244021,28242463,1,355,scenario2
S1_reprodscen2_4,74000001,30150771968,54018256,54016735,2,356,scenario2
S1_reprodscen2_4,74000001,30150847232,27522592,27521522,2,356,scenario2
S1_reprodscen2_4,74000001,30258067200,25884418,25882810,1,358,scenario2
S1_reprodscen2_4,74000001,30359840512,26398302,26396813,1,359,scenario2
S1_reprodscen2_4,74000001,30416923136,26404564,26402946,1,360,scenario2
S1_reprodscen2_4,74000001,30516284416,50382255,50380706,2,361,scenario2
S1_reprodscen2_4,74000001,30516362752,25015066,25013905,2,361,scenario2
S1_reprodscen2_4,74000001,30608901120,30512881,30511267,1,363,scenario2
S1_reprodscen2_4,74000001,30767196160,27428129,27426695,1,364,scenario2
S1_reprodscen2_4,74000001,30798492928,25602063,25600600,1,365,scenario2
S1_reprodscen2_4,74000001,31284370944,77285490,77283926,3,366,scenario2
S1_reprodscen2_4,74000001,31284481280,51319804,51318640,3,366,scenario2
S1_reprodscen2_4,74000001,31284562176,25383259,25382271,3,366,scenario2
S1_reprodscen2_4,74000001,31331293184,25234847,25233337,1,369,scenario2
S1_reprodscen2_4,74000001,31383105792,24890162,24888607,1,370,scenario2
S1_reprodscen2_4,74000001,31476473344,53779810,53778329,2,371,scenario2
S1_reprodscen2_4,74000001,31502817792,53538710,53537438,2,372,scenario2
S1_reprodscen2_4,74000001,31502937600,26366909,26365842,2,372,scenario2
S1_reprodscen2_4,74000001,31548213760,24915953,24914459,1,374,scenario2
S1_reprodscen2_4,74000001,31614167552,49433625,49432314,2,375,scenario2
S1_reprodscen2_4,74000001,31614243328,24751593,24750398,2,375,scenario2
S1_reprodscen2_4,74000001,31826435840,51539787,51538222,2,377,scenario2
S1_reprodscen2_4,74000001,31826500864,25821904,25820772,2,377,scenario2
S1_reprodscen2_4,74000001,31866846720,25473207,25460354,1,379,scenario2
S1_reprodscen2_4,74000001,31970308608,26555569,26553938,1,380,scenario2
S1_reprodscen2_4,74000001,32128718592,23738610,23737157,1,381,scenario2
S1_reprodscen2_4,74000001,32181654272,51407967,51406570,2,382,scenario2
S1_reprodscen2_4,74000001,32181735424,24665468,24664265,2,382,scenario2
S1_reprodscen2_4,74000001,32285669888,23796261,23794831,1,384,scenario2
S1_reprodscen2_4,74000001,32396314112,25367469,25365866,1,385,scenario2
S1_reprodscen2_4,74000001,32450625280,27365527,27364006,1,386,scenario2
S1_reprodscen2_4,74000001,32550803456,52301684,52300299,2,387,scenario2
S1_reprodscen2_4,74000001,32550889472,27568091,27566956,2,387,scenario2
S1_reprodscen2_4,74000001,32626460928,29527831,29526324,1,389,scenario2
S1_reprodscen2_4,74000001,32743222016,24973244,24971835,1,390,scenario2
S1_reprodscen2_4,74000001,32927474432,25095931,25094390,1,391,scenario2
S1_reprodscen2_4,74000001,32959342848,29680419,29678948,1,392,scenario2
S1_reprodscen2_4,74000001,33126264064,48329447,48328094,2,393,scenario2
S1_reprodscen2_4,74000001,33126327040,24618822,24617780,2,393,scenario2
S1_reprodscen2_4,74000001,33169132288,24837846,24836275,1,395,scenario2
S1_reprodscen2_4,74000001,33307222272,25673557,25672137,1,396,scenario2
S1_reprodscen2_4,74000001,33342593280,23822425,23820737,0,397,scenario2
S1_reprodscen2_4,74000001,33409031936,24026245,24024802,1,398,scenario2
S1_reprodscen2_4,74000001,33446505472,27160062,27158519,1,399,scenario2
S1_reprodscen2_4,74000001,33548131584,25630231,25628889,1,400,scenario2
S1_reprodscen2_4,74000001,33587979520,25264553,25263092,1,401,scenario2
S1_reprodscen2_4,74000001,33643205888,25330281,25328710,1,402,scenario2
S1_reprodscen2_4,74000001,33897372928,78264659,78263305,3,403,scenario2
S1_reprodscen2_4,74000001,33897462784,52192792,52191544,3,403,scenario2
S1_reprodscen2_4,74000001,33897579264,25600152,25598605,3,403,scenario2
S1_reprodscen2_4,74000001,33936167680,25408829,25407163,1,406,scenario2
S1_reprodscen2_4,74000001,34093669120,23498002,23496649,1,407,scenario2
S1_reprodscen2_4,74000001,34217978624,23533346,23531895,1,408,scenario2
S1_reprodscen2_4,74000001,34288478720,52994147,52992665,2,409,scenario2
S1_reprodscen2_4,74000001,34313225984,50713535,50712506,2,410,scenario2
S1_reprodscen2_4,74000001,34313297408,24725117,24712749,2,410,scenario2
S1_reprodscen2_4,74000001,34474226688,23872194,23870799,1,412,scenario2
S1_reprodscen2_4,74000001,34518039808,25495824,25494317,1,413,scenario2
S1_reprodscen2_4,74000001,34592504320,53789512,53788066,2,414,scenario2
S1_reprodscen2_4,74000001,34592593664,26524904,26523689,2,414,scenario2
S1_reprodscen2_4,74000001,34823361024,24194298,24192903,1,416,scenario2
S1_reprodscen2_4,74000001,34932718080,50312014,50310583,2,417,scenario2
S1_reprodscen2_4,74000001,34932817920,24982590,24981457,2,417,scenario2
S1_reprodscen2_4,74000001,35092104192,50079131,50077731,2,419,scenario2
S1_reprodscen2_4,74000001,35092212992,24768846,24767733,2,419,scenario2
S1_reprodscen2_4,74000001,35209106944,23571127,23569684,1,421,scenario2
S1_reprodscen2_4,74000001,35384229888,48310147,48308830,2,422,scenario2
S1_reprodscen2_4,74000001,35384324096,23848950,23847825,1,423,scenario2
S1_reprodscen2_4,74000001,35418347264,24029086,24027709,1,424,scenario2
S1_reprodscen2_4,74000001,35449965312,23503714,23502344,1,425,scenario2
S1_reprodscen2_4,74000001,35520748800,25130770,25129336,1,426,scenario2
S1_reprodscen2_4,74000001,35554149376,27189341,27187921,1,427,scenario2
S1_reprodscen2_4,74000001,35908020992,29912097,29910599,1,428,scenario2
S1_reprodscen2_4,74000001,35976626176,24299470,24298081,1,429,scenario2
S1_reprodscen2_4,74000001,36027934720,26453809,26452222,1,430,scenario2
S1_reprodscen2_4,74000001,36129337088,49564355,49562968,2,431,scenario2
S1_reprodscen2_4,74000001,36129433088,24883230,24882075,2,431,scenario2
S1_reprodscen2_4,74000001,36293814272,25475224,25473852,1,433,scenario2
S1_reprodscen2_4,74000001,36332513792,27010970,27009487,1,434,scenario2
S1_reprodscen2_4,74000001,36440416512,23727792,23726301,1,435,scenario2
S1_reprodscen2_4,74000001,36471319808,24350569,24349047,1,436,scenario2
S1_reprodscen2_4,74000001,36529435136,52339516,52338023,2,437,scenario2
S1_reprodscen2_4,74000001,36529527808,25591917,25590796,2,437,scenario2
S1_reprodscen2_4,74000001,36576203008,27558801,27557258,1,439,scenario2
S1_reprodscen2_4,74000001,36915203328,26326004,26324313,1,440,scenario2
S1_reprodscen2_4,74000001,37027164928,26141025,26139320,1,441,scenario2
S1_reprodscen2_4,74000001,37087684864,24221054,24219628,1,442,scenario2
S1_reprodscen2_4,74000001,37320090880,74364444,74362906,3,443,scenario2
S1_reprodscen2_4,74000001,37320187648,49153413,49152301,3,443,scenario2
S1_reprodscen2_4,74000001,37320321536,24318922,24317615,3,443,scenario2
S1_reprodscen2_4,74000001,37384251392,24775363,24773775,1,446,scenario2
S1_reprodscen2_4,74000001,37638889728,85108698,85106972,3,447,scenario2
S1_reprodscen2_4,74000001,37694247936,113263285,113262136,4,448,scenario2
S1_reprodscen2_4,74000001,37694355968,88013690,88012780,4,448,scenario2
S1_reprodscen2_4,74000001,37694448896,55450560,55449388,4,448,scenario2
S1_reprodscen2_4,74000001,37694521088,26042323,26041370,4,448,scenario2
S1_reprodscen2_4,74000001,37956972288,24892704,24891186,1,452,scenario2
S1_reprodscen2_4,74000001,37994941952,25641739,25640176,1,453,scenario2
S1_reprodscen2_4,74000001,38034711808,24081942,24080573,1,454,scenario2
S1_reprodscen2_4,74000001,38119260160,53301301,53300031,2,455,scenario2
S1_reprodscen2_4,74000001,38119348480,25707820,25706749,2,455,scenario2
S1_reprodscen2_4,74000001,38218130176,23708203,23706834,1,457,scenario2
S1_reprodscen2_4,74000001,38291533568,24967393,24965855,1,458,scenario2
S1_reprodscen2_4,74000001,38357186048,51286150,51284841,2,459,scenario2
S1_reprodscen2_4,74000001,38357261312,24851160,24849989,2,459,scenario2
S1_reprodscen2_4,74000001,38408963840,23651759,23650093,1,461,scenario2
S1_reprodscen2_4,74000001,38499430144,24926830,24925489,1,462,scenario2
S1_reprodscen2_4,74000001,38535874816,24170282,24168831,1,463,scenario2
S1_reprodscen2_4,74000001,38804920576,24001223,23999638,1,464,scenario2
S1_reprodscen2_4,74000001,39025453568,54060707,54059113,2,465,scenario2
S1_reprodscen2_4,74000001,39025603584,25586182,25584893,2,465,scenario2
S1_reprodscen2_4,74000001,39103555584,77686849,77685607,3,467,scenario2
S1_reprodscen2_4,74000001,39103675648,51614204,51613063,3,467,scenario2
S1_reprodscen2_4,74000001,39103755264,25757787,25756853,3,467,scenario2
S1_reprodscen2_4,74000001,39251969024,50182822,50181438,2,470,scenario2
S1_reprodscen2_4,74000001,39252073216,25364127,25363044,2,470,scenario2
S1_reprodscen2_4,74000001,39301406464,25345149,25343591,1,472,scenario2
S1_reprodscen2_4,74000001,39355810304,25544230,25542681,1,473,scenario2
S1_reprodscen2_4,74000001,39527972352,24017606,24016196,1,474,scenario2
S1_reprodscen2_4,74000001,39622118912,26321215,26319616,1,475,scenario2
S1_reprodscen2_4,74000001,39797703168,23609102,23607723,1,476,scenario2
S1_reprodscen2_4,74000001,39830819072,24468334,24466868,1,477,scenario2
S1_reprodscen2_4,74000001,39897564928,23938868,23937444,1,478,scenario2
S1_reprodscen2_4,74000001,39967418880,23508336,23506898,1,479,scenario2
S1_reprodscen2_4,74000001,40017451776,28422152,28420748,1,480,scenario2
S1_reprodscen2_4,74000001,40105416192,53137667,53136222,2,481,scenario2
S1_reprodscen2_4,74000001,40105494016,26265379,26264287,2,481,scenario2
S1_reprodscen2_4,74000001,40209456896,29715502,29714052,1,483,scenario2
S1_reprodscen2_4,74000001,40265448960,24441620,24440096,1,484,scenario2
S1_reprodscen2_4,74000001,40603114752,50851117,50849731,2,485,scenario2
S1_reprodscen2_4,74000001,40603213568,25080691,25079460,2,485,scenario2
S1_reprodscen2_4,74000001,40807887872,24016799,24015333,1,487,scenario2
S1_reprodscen2_4,74000001,41129679872,75607856,75606432,3,488,scenario2
S1_reprodscen2_4,74000001,41129774592,49259218,49257993,3,488,scenario2
S1_reprodscen2_4,74000001,41129881088,24612274,24611384,3,488,scenario2
S1_reprodscen2_4,74000001,41235187456,26354218,26352723,1,491,scenario2
S1_reprodscen2_4,74000001,41332833024,23693267,23691841,1,492,scenario2
S1_reprodscen2_4,74000001,41387742976,24437907,24436435,1,493,scenario2
S1_reprodscen2_4,74000001,41412783872,24477063,24475606,1,494,scenario2
S1_reprodscen2_4,74000001,41450826496,25112561,25111021,1,495,scenario2
S1_reprodscen2_4,74000001,41478041088,25171842,25170178,1,496,scenario2
S1_reprodscen2_4,74000001,41617902336,25595904,25594450,1,497,scenario2
S1_reprodscen2_4,74000001,41788948224,25536415,25534996,1,498,scenario2
S1_reprodscen2_4,74000001,41920265216,26636551,26634833,0,499,scenario2
S1_reprodscen2_4,74000001,41946708736,26305853,26304749,1,500,scenario2
S1_reprodscen2_4,74000001,42043854080,23584041,23582699,1,501,scenario2
S1_reprodscen2_4,74000001,42129157632,23756091,23754626,1,502,scenario2
S1_reprodscen2_4,74000001,42183314432,23695784,23694247,1,503,scenario2
S1_reprodscen2_4,74000001,42276470272,52632415,52630795,2,504,scenario2
S1_reprodscen2_4,74000001,42276550400,27036646,27035436,2,504,scenario2
S1_reprodscen2_4,74000001,42442410240,50122267,50120713,2,506,scenario2
S1_reprodscen2_4,74000001,42442486272,25629207,25628040,2,506,scenario2
S1_reprodscen2_4,74000001,42584190464,25279066,25277597,1,508,scenario2
S1_reprodscen2_4,74000001,42841028608,51006695,51005138,2,509,scenario2
S1_reprodscen2_4,74000001,42841124352,24920594,24919415,2,509,scenario2
S1_reprodscen2_4,74000001,42893291520,48767658,48766137,2,511,scenario2
S1_reprodscen2_4,74000001,42893395712,24993243,24992129,2,511,scenario2
S1_reprodscen2_4,74000001,43219327744,24354036,24352547,1,513,scenario2
S1_reprodscen2_4,74000001,43314094848,50898839,50897222,2,514,scenario2
S1_reprodscen2_4,74000001,43314190080,25552735,25551522,2,514,scenario2
S1_reprodscen2_4,74000001,43391122688,27423866,27422270,1,516,scenario2
S1_reprodscen2_4,74000001,43540038912,74879696,74878321,3,517,scenario2
S1_reprodscen2_4,74000001,43540114432,51049614,51048578,3,517,scenario2
S1_reprodscen2_4,74000001,43540227840,26095693,26094798,3,517,scenario2
S1_reprodscen2_4,74000001,43901630976,75945506,75943896,3,520,scenario2
S1_reprodscen2_4,74000001,43901746176,50263131,50261966,3,520,scenario2
S1_reprodscen2_4,74000001,43901864960,25445204,25443780,3,520,scenario2
S1_reprodscen2_4,74000001,44097277184,25793035,25791527,1,523,scenario2
S1_reprodscen2_4,74000001,44308788992,26867023,26865655,1,524,scenario2
S1_reprodscen2_4,74000001,44361179648,27998610,27997133,1,525,scenario2
S1_reprodscen2_4,74000001,44437236736,75927781,75926626,3,526,scenario2
S1_reprodscen2_4,74000001,44437306368,50277994,50277169,3,526,scenario2
S1_reprodscen2_4,74000001,44437429760,25013913,25013015,3,526,scenario2
S1_reprodscen2_4,74000001,44558083584,24032361,24030856,1,529,scenario2
S1_reprodscen2_4,74000001,44850441728,24081219,24079510,1,530,scenario2
S1_reprodscen2_4,74000001,45037144576,77373423,77372030,3,531,scenario2
S1_reprodscen2_4,74000001,45037225728,50056009,50054840,3,531,scenario2
S1_reprodscen2_4,74000001,45037330944,25578631,25577786,3,531,scenario2
S1_reprodscen2_4,74000001,45398158848,76716025,76714495,3,534,scenario2
S1_reprodscen2_4,74000001,45398279424,50130805,50129681,3,534,scenario2
S1_reprodscen2_4,74000001,45398376960,25057945,25056873,3,534,scenario2
S1_reprodscen2_4,74000001,45428220928,25991848,25990313,1,537,scenario2
S1_reprodscen2_4,74000001,45569313792,23724457,23723053,1,538,scenario2
S1_reprodscen2_4,74000001,45602093824,27381947,27380371,1,539,scenario2
S1_reprodscen2_4,74000001,45815669504,27576409,27574950,1,540,scenario2
S1_reprodscen2_4,74000001,46118064896,23675131,23673795,1,541,scenario2
S1_reprodscen2_4,74000001,46272642560,53931993,53930532,2,542,scenario2
S1_reprodscen2_4,74000001,46272720128,25934444,25921826,2,542,scenario2
S1_reprodscen2_4,74000001,46333095936,25004668,25003051,1,544,scenario2
S1_reprodscen2_4,74000001,46399953152,25420753,25392931,1,545,scenario2
S1_reprodscen2_4,74000001,46538883072,61163138,61161824,2,546,scenario2
S1_reprodscen2_4,74000001,46538958336,31643247,31642085,2,546,scenario2
S1_reprodscen2_4,74000001,46591901952,25761530,25759743,1,548,scenario2
S1_reprodscen2_4,74000001,46616637184,24343641,24342392,1,549,scenario2
S1_reprodscen2_4,74000001,47024979968,25463637,25462139,1,550,scenario2
S1_reprodscen2_4,74000001,47058127104,25215689,25214141,0,551,scenario2
S1_reprodscen2_4,74000001,47347592704,51452662,51451116,2,552,scenario2
S1_reprodscen2_4,74000001,47347670016,27270127,27269097,2,552,scenario2
S1_reprodscen2_4,74000001,47391563520,26029598,26028212,1,554,scenario2
S1_reprodscen2_4,74000001,47568649984,24015971,24014392,1,555,scenario2
S1_reprodscen2_4,74000001,47705820928,103911881,103910298,4,556,scenario2
S1_reprodscen2_4,74000001,47705911296,76997153,76995928,4,556,scenario2
S1_reprodscen2_4,74000001,47705997824,50335239,50334341,4,556,scenario2
S1_reprodscen2_4,74000001,47706067712,25066344,25065270,4,556,scenario2
S1_reprodscen2_4,74000001,47791822592,23989408,23987832,1,560,scenario2
S1_reprodscen2_4,74000001,47834414336,25319941,25318404,1,561,scenario2
S1_reprodscen2_4,74000001,48109522432,54980640,54979315,2,562,scenario2
S1_reprodscen2_4,74000001,48109597440,27191306,27190213,2,562,scenario2
S1_reprodscen2_4,74000001,48247697408,23713970,23712132,0,564,scenario2
S1_reprodscen2_4,74000001,48293036544,26835256,26833743,1,565,scenario2
S1_reprodscen2_4,74000001,48404124928,25626272,25624822,1,566,scenario2
S1_reprodscen2_4,74000001,48447145984,25655391,25653784,1,567,scenario2
S1_reprodscen2_4,74000001,48559919360,49954529,49953160,2,568,scenario2
S1_reprodscen2_4,74000001,48560019968,24609675,24608406,2,568,scenario2
S1_reprodscen2_4,74000001,48804619520,24280114,24278517,1,570,scenario2
S1_reprodscen2_4,74000001,48922786048,26269819,26268255,1,571,scenario2
S1_reprodscen2_4,74000001,49144454144,23570385,23569045,1,572,scenario2
S1_reprodscen2_4,74000001,49239111680,24960534,24959187,1,573,scenario2
S1_reprodscen2_4,74000001,49448509440,23896182,23894733,1,574,scenario2
S1_reprodscen2_4,74000001,49474795776,26102016,26100827,1,575,scenario2
S1_reprodscen2_4,74000001,49533238272,24198746,24197275,1,576,scenario2
S1_reprodscen2_4,74000001,49559872512,26476251,26474872,1,577,scenario2
S1_reprodscen2_4,74000001,49645763584,26254616,26253143,1,578,scenario2
S1_reprodscen2_4,74000001,49920172544,51358726,51357278,2,579,scenario2
S1_reprodscen2_4,74000001,49920301312,27379649,27378589,2,579,scenario2
S1_reprodscen2_4,74000001,49964218624,25917555,25916016,1,581,scenario2
S1_reprodscen2_4,74000001,50130000640,25286433,25285015,1,582,scenario2
S1_reprodscen2_4,74000001,50214539264,25486244,25484857,1,583,scenario2
S1_reprodscen2_4,74000001,50367675648,27402164,27400573,1,584,scenario2
S1_reprodscen2_4,74000001,50514412544,23749448,23748110,1,585,scenario2
S1_reprodscen2_4,74000001,50567815168,24995759,24994325,1,586,scenario2
S1_reprodscen2_4,74000001,50638605568,24522050,24520483,1,587,scenario2
S1_reprodscen2_4,74000001,50792737024,24455988,24454500,1,588,scenario2
S1_reprodscen2_4,74000001,50946116352,23606941,23605680,1,589,scenario2
S1_reprodscen2_4,74000001,51054363904,71405549,71404189,3,590,scenario2
S1_reprodscen2_4,74000001,51054438656,46405043,46403996,3,590,scenario2
S1_reprodscen2_4,74000001,51054580992,23378293,23377344,3,590,scenario2
S1_reprodscen2_4,74000001,51269189632,25512077,25510632,1,593,scenario2
S1_reprodscen2_4,74000001,51312563200,24731469,24729977,1,594,scenario2
S1_reprodscen2_4,74000001,51342006784,25967657,25966164,1,595,scenario2
S1_reprodscen2_4,74000001,51486636032,29182784,29181328,1,596,scenario2
S1_reprodscen2_4,74000001,51975756288,26999507,26997903,1,597,scenario2
S1_reprodscen2_4,74000001,52008451328,24575678,24574093,1,598,scenario2
S1_reprodscen2_4,74000001,52134341888,56229755,56228286,2,599,scenario2
S1_reprodscen2_4,74000001,52134447872,28607744,28606619,2,599,scenario2
S1_reprodscen2_4,74000001,52168742400,26250919,26249214,1,601,scenario2
S1_reprodscen2_4,74000001,52344562432,25752578,25751235,1,602,scenario2
S1_reprodscen2_4,74000001,52374175232,25170371,25168909,1,603,scenario2
S1_reprodscen2_4,74000001,52442922496,23469300,23467894,1,604,scenario2
S1_reprodscen2_4,74000001,52528318976,23634296,23632655,1,605,scenario2
S1_reprodscen2_4,74000001,52852389120,23470727,23469371,1,606,scenario2
S1_reprodscen2_4,74000001,52944992512,26636659,26635223,1,607,scenario2
S1_reprodscen2_4,74000001,53223501056,23927938,23926574,1,608,scenario2
S1_reprodscen2_4,74000001,53299331840,27452835,27451428,1,609,scenario2
S1_reprodscen2_4,74000001,53658639616,24694280,24692768,1,610,scenario2
S1_reprodscen2_4,74000001,53737437696,74352315,74350862,3,611,scenario2
S1_reprodscen2_4,74000001,53737527552,49232701,49231616,3,611,scenario2
S1_reprodscen2_4,74000001,53737625088,24743404,24742476,3,611,scenario2
S1_reprodscen2_4,74000001,53891335424,23448807,23447353,0,614,scenario2
S1_reprodscen2_4,74000001,54108076800,54729568,54728314,2,615,scenario2
S1_reprodscen2_4,74000001,54108151296,27255309,27253983,2,615,scenario2
S1_reprodscen2_4,74000001,54399279104,25563183,25561826,1,617,scenario2
S1_reprodscen2_4,74000001,54465134336,23927267,23925915,1,618,scenario2
S1_reprodscen2_4,74000001,54554139648,23810276,23808926,1,619,scenario2
S1_reprodscen2_4,74000001,54591777280,24096272,24094799,1,620,scenario2
S1_reprodscen2_4,74000001,54659471360,23665141,23663747,1,621,scenario2
S1_reprodscen2_4,74000001,54814096128,27016126,27014571,1,622,scenario2
S1_reprodscen2_4,74000001,54930946304,25618080,25616600,1,623,scenario2
S1_reprodscen2_4,74000001,54963635712,25138691,25137100,1,624,scenario2
S1_reprodscen2_4,74000001,55034937088,26098127,26096674,1,625,scenario2
S1_reprodscen2_4,74000001,55143102208,26007624,26006306,1,626,scenario2
S1_reprodscen2_4,74000001,55171311616,28076686,28075392,1,627,scenario2
S1_reprodscen2_4,74000001,55515111168,23496111,23494776,1,628,scenario2
S1_reprodscen2_4,74000001,55587996672,25029367,25027817,1,629,scenario2
S1_reprodscen2_4,74000001,56222919680,81373386,81372094,3,630,scenario2
S1_reprodscen2_4,74000001,56223014912,54172372,54171287,3,630,scenario2
S1_reprodscen2_4,74000001,56223122944,27204533,27203568,3,630,scenario2
S1_reprodscen2_4,74000001,56307517440,24285745,24284188,1,633,scenario2
S1_reprodscen2_4,74000001,56374854144,49357491,49345759,2,634,scenario2
S1_reprodscen2_4,74000001,56374963456,24286763,24285508,2,634,scenario2
S1_reprodscen2_4,74000001,56470285312,24030517,24029101,1,636,scenario2
S1_reprodscen2_4,74000001,56503370752,23816172,23814724,1,637,scenario2
S1_reprodscen2_4,74000001,56876794880,28143594,28142085,1,638,scenario2
S1_reprodscen2_4,74000001,57120686336,24620087,24618407,0,639,scenario2
S1_reprodscen2_4,74000001,57188102400,27825904,27824354,1,640,scenario2
S1_reprodscen2_4,74000001,57330363904,23762074,23760656,1,641,scenario2
S1_reprodscen2_4,74000001,57392093184,25993040,25991724,1,642,scenario2
S1_reprodscen2_4,74000001,57514779392,23545051,23543727,1,643,scenario2
S1_reprodscen2_4,74000001,57614249472,25883797,25882233,1,644,scenario2
S1_reprodscen2_4,74000001,57699427840,27826201,27824550,1,645,scenario2
S1_reprodscen2_4,74000001,58259017472,26161474,26160087,1,646,scenario2
S1_reprodscen2_4,74000001,58456124416,48989227,48987893,2,647,scenario2
S1_reprodscen2_4,74000001,58456251136,24429233,24427969,2,647,scenario2
S1_reprodscen2_4,74000001,58527597824,26072563,26071042,1,649,scenario2
S1_reprodscen2_4,74000001,58646692352,51723028,51721613,2,650,scenario2
S1_reprodscen2_4,74000001,58646794752,25749371,25748144,2,650,scenario2
S1_reprodscen2_4,74000001,58677076736,26817561,26815905,1,652,scenario2
S1_reprodscen2_4,74000001,58966246144,25613848,25612240,1,653,scenario2
S1_reprodscen2_4,74000001,59104959232,24052742,24051334,1,654,scenario2
S1_reprodscen2_4,74000001,59226163456,23887129,23885862,1,655,scenario2
S1_reprodscen2_4,74000001,59355316992,23914441,23913071,1,656,scenario2
S1_reprodscen2_4,74000001,59493694464,24085161,24083588,1,657,scenario2
S1_reprodscen2_4,74000001,59589937664,24031944,24030456,1,658,scenario2
S1_reprodscen2_4,74000001,59647478528,24279340,24277654,1,659,scenario2
S1_reprodscen2_4,74000001,59963623936,76143236,76141821,3,660,scenario2
S1_reprodscen2_4,74000001,59963725312,52056363,52055264,3,660,scenario2
S1_reprodscen2_4,74000001,59963818752,25527789,25526896,3,660,scenario2
S1_reprodscen2_4,74000001,60088378112,23925618,23924192,1,663,scenario2
S1_reprodscen2_4,74000001,60317907968,26366908,26364693,0,664,scenario2
S1_reprodscen2_4,74000001,60390668288,24706105,24704804,1,665,scenario2
S1_reprodscen2_4,74000001,60580046080,25073558,25072089,1,666,scenario2
S1_reprodscen2_4,74000001,61044659200,29221233,29219897,1,667,scenario2
S1_reprodscen2_4,74000001,61075130880,25472801,25471506,1,668,scenario2
S1_reprodscen2_4,74000001,61353589504,24583564,24582222,1,669,scenario2
S1_reprodscen2_4,74000001,61587158528,26094032,26092584,1,670,scenario2
S1_reprodscen2_4,74000001,61633856512,26585492,26572920,1,671,scenario2
S1_reprodscen2_4,74000001,61659774720,25276574,25274914,1,672,scenario2
S1_reprodscen2_4,74000001,61701366016,25469515,25468025,1,673,scenario2
S1_reprodscen2_4,74000001,61890222592,53166693,53165031,2,674,scenario2
S1_reprodscen2_4,74000001,61890315264,25480702,25479474,2,674,scenario2
S1_reprodscen2_4,74000001,61990340608,23724687,23723199,1,676,scenario2
S1_reprodscen2_4,74000001,62026754048,23839118,23837737,1,677,scenario2
S1_reprodscen2_4,74000001,62064009216,23870285,23868805,1,678,scenario2
S1_reprodscen2_4,74000001,62250701056,26413656,26412113,1,679,scenario2
S1_reprodscen2_4,74000001,62500190208,23561705,23560358,1,680,scenario2
S1_reprodscen2_4,74000001,62947036928,28036848,28035460,1,681,scenario2
S1_reprodscen2_4,74000001,63611917056,24836074,24834462,1,682,scenario2
S1_reprodscen2_4,74000001,63718613248,105049857,105048286,4,683,scenario2
S1_reprodscen2_4,74000001,63718714368,79654725,79653358,4,683,scenario2
S1_reprodscen2_4,74000001,63718828032,54876632,54875490,4,683,scenario2
S1_reprodscen2_4,74000001,63718912768,27093333,27092292,4,683,scenario2
S1_reprodscen2_4,74000001,63956863744,23560795,23559428,1,687,scenario2
S1_reprodscen2_4,74000001,64036098048,23490157,23488781,1,688,scenario2
S1_reprodscen2_4,74000001,64344976896,27174160,27172602,1,689,scenario2
S1_reprodscen2_4,74000001,64466253312,25007762,25006450,1,690,scenario2
S1_reprodscen2_4,74000001,64547669760,49221437,49220091,2,691,scenario2
S1_reprodscen2_4,74000001,64547771136,24421364,24420307,2,691,scenario2
S1_reprodscen2_4,74000001,64819539456,23686900,23685487,1,693,scenario2
S1_reprodscen2_4,74000001,64855502592,24369171,24367683,1,694,scenario2
S1_reprodscen2_4,74000001,65194415104,50078315,50076845,2,695,scenario2
S1_reprodscen2_4,74000001,65194503680,25129295,25128079,2,695,scenario2
S1_reprodscen2_4,74000001,65350499840,25806188,25804792,1,697,scenario2
S1_reprodscen2_4,74000001,65636673024,23666315,23664843,1,698,scenario2
S1_reprodscen2_4,74000001,66383465728,105322716,105321251,4,699,scenario2
S1_reprodscen2_4,74000001,66383568128,79688694,79687604,4,699,scenario2
S1_reprodscen2_4,74000001,66383658240,52843062,52842232,4,699,scenario2
S1_reprodscen2_4,74000001,66383735040,25713599,25712690,4,699,scenario2
S1_reprodscen2_4,74000001,66415701248,28637550,28635882,1,703,scenario2
S1_reprodscen2_4,74000001,66680242176,31735567,31733569,1,704,scenario2
S1_reprodscen2_4,74000001,66824822016,25281079,25279462,1,705,scenario2
S1_reprodscen2_4,74000001,66991852032,26125350,26123734,1,706,scenario2
S1_reprodscen2_4,74000001,67120599808,26584650,26582778,1,707,scenario2
S1_reprodscen2_4,74000001,67333292544,28803062,28800674,1,708,scenario2
S1_reprodscen2_4,74000001,67505982720,26242857,26241098,1,709,scenario2
S1_reprodscen2_4,74000001,67719156480,27333295,27331798,1,710,scenario2
S1_reprodscen2_4,74000001,67956852480,50761650,50760192,2,711,scenario2
S1_reprodscen2_4,74000001,67956931584,25651859,25650719,2,711,scenario2
S1_reprodscen2_4,74000001,68588298496,107609727,107608402,4,713,scenario2
S1_reprodscen2_4,74000001,68588375808,79917624,79916502,4,713,scenario2
S1_reprodscen2_4,74000001,68588487168,51879321,51878379,4,713,scenario2
S1_reprodscen2_4,74000001,68588551168,26431440,26430526,4,713,scenario2
S1_reprodscen2_4,74000001,68843520256,27764127,27762524,1,717,scenario2
S1_reprodscen2_4,74000001,68936590336,23555250,23553831,1,718,scenario2
S1_reprodscen2_4,74000001,69257460736,25368520,25366999,1,719,scenario2
S1_reprodscen2_4,74000001,69344408832,23927760,23926294,1,720,scenario2
S1_reprodscen2_4,74000001,69449624064,24897183,24895649,1,721,scenario2
S1_reprodscen2_4,74000001,70146992128,25916802,25915395,1,722,scenario2
S1_reprodscen2_4,74000001,70224375296,50364897,50363334,2,723,scenario2
S1_reprodscen2_4,74000001,70224463616,25511165,25509804,2,723,scenario2
S1_reprodscen2_4,74000001,70511414272,23637081,23635726,1,725,scenario2
S1_reprodscen2_4,74000001,70642612480,23696771,23695356,1,726,scenario2
S1_reprodscen2_4,74000001,70924203264,24898905,24897462,1,727,scenario2
S1_reprodscen2_4,74000001,71407880192,51339899,51338307,2,728,scenario2
S1_reprodscen2_4,74000001,71407988480,26879120,26878013,2,728,scenario2
S1_reprodscen2_4,74000001,71552691968,23495697,23494306,1,730,scenario2
S1_reprodscen2_4,74000001,71645354496,28989006,28987443,1,731,scenario2
S1_reprodscen2_4,74000001,71970929920,24148928,24147537,1,732,scenario2
S1_reprodscen2_4,74000001,72086636288,48555750,48554397,2,733,scenario2
S1_reprodscen2_4,74000001,72086755584,24752542,24751442,2,733,scenario2
S1_reprodscen2_4,74000001,72231611392,26943656,26942277,1,735,scenario2
S1_reprodscen2_4,74000001,72424984576,25163100,25161715,1,736,scenario2
S1_reprodscen2_4,74000001,73036137984,26049292,26047598,1,737,scenario2
S1_reprodscen2_4,74000001,73211378176,24924763,24923328,1,738,scenario2
S1_reprodscen2_4,74000001,73321814528,26069737,26068182,1,739,scenario2
S1_reprodscen2_4,74000001,73386668544,23768984,23767659,1,740,scenario2
S1_reprodscen2_4,74000001,73463875328,27551597,27550209,1,741,scenario2
S1_reprodscen2_4,74000001,73900202496,23728890,23727338,1,742,scenario2
S1_reprodscen2_4,74000001,74032104960,55399843,55398287,2,743,scenario2
S1_reprodscen2_4,74000001,74032198144,27815621,27814467,2,743,scenario2
S1_reprodscen2_4,74000001,74439126016,23881882,23880382,1,745,scenario2
S1_reprodscen2_4,74000001,74695718400,27089959,27088527,1,746,scenario2
S1_reprodscen2_4,74000001,75084638464,26955027,26953424,1,747,scenario2
S1_reprodscen2_4,74000001,75172953088,25000044,24998464,1,748,scenario2
S1_reprodscen2_4,74000001,75369169408,23942138,23940485,1,749,scenario2
S1_reprodscen2_4,74000001,75733645312,52224574,52223119,2,750,scenario2
S1_reprodscen2_4,74000001,75733768960,25646009,25644743,2,750,scenario2
S1_reprodscen2_4,74000001,75904854016,23756296,23754704,1,752,scenario2
S1_reprodscen2_4,74000001,75943905280,24665214,24663664,1,753,scenario2
S1_reprodscen2_4,74000001,76209336064,23717134,23715691,1,754,scenario2
S1_reprodscen2_4,74000001,76376460544,26651987,26650454,1,755,scenario2
S1_reprodscen2_4,74000001,76613974016,23878497,23877113,1,756,scenario2
S1_reprodscen2_4,74000001,76848420096,23995552,23994068,1,757,scenario2
S1_reprodscen2_4,74000001,76902917888,25165267,25163760,1,758,scenario2
S1_reprodscen2_4,74000001,77075915264,25071663,25070035,1,759,scenario2
S1_reprodscen2_4,74000001,77122436352,27405753,27404138,1,760,scenario2
S1_reprodscen2_4,74000001,77508529920,25975776,25974240,1,761,scenario2
S1_reprodscen2_4,74000001,78172217088,25636431,25634811,1,762,scenario2
S1_reprodscen2_4,74000001,78299281920,25274403,25272906,1,763,scenario2
S1_reprodscen2_4,74000001,78325808384,25566173,25564511,1,764,scenario2
S1_reprodscen2_4,74000001,78430139648,25303544,25302165,1,765,scenario2
S1_reprodscen2_4,74000001,78483904512,26057621,26056098,1,766,scenario2
S1_reprodscen2_4,74000001,78988586240,26233282,26231647,1,767,scenario2
S1_reprodscen2_4,74000001,79189730816,28269226,28267533,1,768,scenario2
S1_reprodscen2_4,74000001,79479435520,28730726,28729167,1,769,scenario2
S1_reprodscen2_4,74000001,79654361088,26864217,26862697,1,770,scenario2
S1_reprodscen2_4,74000001,79695084544,27855176,27853670,1,771,scenario2
S1_reprodscen2_4,74000001,79867431680,24000626,23988629,1,772,scenario2
S1_reprodscen2_4,74000001,80286577920,25777562,25776040,1,773,scenario2
S1_reprodscen2_4,74000001,80433751808,25769742,25768263,1,774,scenario2
S1_reprodscen2_4,74000001,80521551872,26544593,26543018,1,775,scenario2
S1_reprodscen2_4,74000001,80720973312,27688103,27686520,1,776,scenario2
S1_reprodscen2_4,74000001,80925110272,27533509,27521107,1,777,scenario2
S1_reprodscen2_4,74000001,81124087808,24178157,24176559,1,778,scenario2
S1_reprodscen2_4,74000001,81304080896,26795542,26783463,1,779,scenario2
S1_reprodscen2_4,74000001,81480870912,25340186,25338734,1,780,scenario2
S1_reprodscen2_4,74000001,81584580352,27687429,27685761,1,781,scenario2
S1_reprodscen2_4,74000001,81922176512,25189609,25187922,1,782,scenario2
S1_reprodscen2_4,74000001,82081149696,54950236,54948585,2,783,scenario2
S1_reprodscen2_4,74000001,82081246208,29838891,29837371,2,783,scenario2
S1_reprodscen2_4,74000001,82227671296,24740597,24738756,1,785,scenario2
S1_reprodscen2_4,74000001,82706797312,23726942,23725493,1,786,scenario2
S1_reprodscen2_4,74000001,82864555520,27335657,27334091,1,787,scenario2
S1_reprodscen2_4,74000001,82948653824,25116381,25114703,1,788,scenario2
S1_reprodscen2_4,74000001,83139047936,24143280,24141749,1,789,scenario2
S1_reprodscen2_4,74000001,83383223552,23875453,23873997,1,790,scenario2
S1_reprodscen2_4,74000001,83463652352,27047590,27046231,1,791,scenario2
S1_reprodscen2_4,74000001,84089807616,49799344,49797845,2,792,scenario2
S1_reprodscen2_4,74000001,84089918976,25198198,25196645,2,792,scenario2
S1_reprodscen2_4,74000001,84155355904,24959656,24958183,1,794,scenario2
S1_reprodscen2_4,74000001,84321718016,53987839,53986367,2,795,scenario2
S1_reprodscen2_4,74000001,84321824000,25941749,25940350,2,795,scenario2
S1_reprodscen2_4,74000001,84881801984,24617403,24615905,1,797,scenario2
S1_reprodscen2_4,74000001,84953216512,28962939,28961307,1,798,scenario2
S1_reprodscen2_4,74000001,85196969472,25375459,25374042,1,799,scenario2
S1_reprodscen2_4,74000001,85432147968,25264511,25262974,1,800,scenario2
S1_reprodscen2_4,74000001,85479701760,26686064,26684435,0,801,scenario2
S1_reprodscen2_4,74000001,86168938240,26751444,26749684,1,802,scenario2
S1_reprodscen2_4,74000001,86216731136,28258688,28256985,1,803,scenario2
S1_reprodscen2_4,74000001,86246881792,24121621,24119930,1,804,scenario2
S1_reprodscen2_4,74000001,86407829760,50728697,50727197,2,805,scenario2
S1_reprodscen2_4,74000001,86407869696,25145553,25144442,2,805,scenario2
S1_reprodscen2_4,74000001,86958333696,27774900,27762522,1,807,scenario2
S1_reprodscen2_4,74000001,87300276480,26451205,26449719,1,808,scenario2
S1_reprodscen2_4,74000001,87330084608,26085373,26083692,1,809,scenario2
S1_reprodscen2_4,74000001,87362360832,25164775,25163124,1,810,scenario2
S1_reprodscen2_4,74000001,87583518208,23878021,23876678,1,811,scenario2
S1_reprodscen2_4,74000001,87944870912,26987165,26985571,1,812,scenario2
S1_reprodscen2_4,74000001,88023222016,24126872,24125178,0,813,scenario2
S1_reprodscen2_4,74000001,88108910592,54553939,54552423,2,814,scenario2
S1_reprodscen2_4,74000001,88109001472,27235443,27234076,2,814,scenario2
S1_reprodscen2_4,74000001,88323648256,28767129,28765484,1,816,scenario2
S1_reprodscen2_4,74000001,88898870528,23550175,23548676,1,817,scenario2
S1_reprodscen2_4,74000001,89018608384,25996436,25994501,1,818,scenario2
S1_reprodscen2_4,74000001,89086160128,25409273,25407663,1,819,scenario2
S1_reprodscen2_4,74000001,89486037248,24925701,24924249,1,820,scenario2
S1_reprodscen2_4,74000001,89723945472,26575707,26574031,1,821,scenario2
S1_reprodscen2_4,74000001,89859720192,26020013,26018289,1,822,scenario2
S1_reprodscen2_4,74000001,90300074752,24987734,24985733,1,823,scenario2
S1_reprodscen2_4,74000001,90364610304,26423353,26421678,1,824,scenario2
S1_reprodscen2_4,74000001,90633127168,24680570,24678978,1,825,scenario2
S1_reprodscen2_4,74000001,90749831680,27204369,27202686,1,826,scenario2
S1_reprodscen2_4,74000001,90956602368,24651629,24650003,1,827,scenario2
S1_reprodscen2_4,74000001,91358925312,26789389,26787703,1,828,scenario2
S1_reprodscen2_4,74000001,91411319040,26955904,26954248,1,829,scenario2
S1_reprodscen2_4,74000001,91456218624,26606486,26604861,1,830,scenario2
S1_reprodscen2_4,74000001,91596831744,23862187,23860744,1,831,scenario2
S1_reprodscen2_4,74000001,91957129728,23962670,23961060,1,832,scenario2
S1_reprodscen2_4,74000001,91994813952,26489907,26488126,1,833,scenario2
S1_reprodscen2_4,74000001,92379258624,27643273,27641684,1,834,scenario2
S1_reprodscen2_4,74000001,92437256960,26466180,26464487,1,835,scenario2
S1_reprodscen2_4,74000001,92556378368,27275453,27273740,1,836,scenario2
S1_reprodscen2_4,74000001,92735689472,24351946,24350396,1,837,scenario2
S1_reprodscen2_4,74000001,92918755584,51130877,51129185,2,838,scenario2
S1_reprodscen2_4,74000001,92918863616,27176593,27175335,2,838,scenario2
S1_reprodscen2_4,74000001,93292862464,26764536,26762842,1,840,scenario2
S1_reprodscen2_4,74000001,93386757120,27366794,27365081,1,841,scenario2
S1_reprodscen2_4,74000001,93474446848,26706459,26705016,1,842,scenario2
S1_reprodscen2_4,74000001,93524580352,29640571,29639152,1,843,scenario2
S1_reprodscen2_4,74000001,94038739968,26637393,26635709,1,844,scenario2
S1_reprodscen2_4,74000001,94454195200,24884278,24882710,1,845,scenario2
S1_reprodscen2_4,74000001,94481582848,27024887,27023565,1,846,scenario2
S1_reprodscen2_4,74000001,94520411392,27551155,27549489,1,847,scenario2
S1_reprodscen2_4,74000001,94607395840,28444052,28442268,1,848,scenario2
S1_reprodscen2_4,74000001,94739202304,25975641,25974099,1,849,scenario2
S1_reprodscen2_4,74000001,95082892544,25437422,25435725,1,850,scenario2
S1_reprodscen2_4,74000001,95291965440,24151979,24150537,1,851,scenario2
S1_reprodscen2_4,74000001,95410450944,26518503,26516818,1,852,scenario2
S1_reprodscen2_4,74000001,95646711808,50395096,50393644,2,853,scenario2
S1_reprodscen2_4,74000001,95646806784,25546885,25545664,2,853,scenario2
S1_reprodscen2_4,74000001,95751206656,24387788,24386377,1,855,scenario2
S1_reprodscen2_4,74000001,95905043200,26037648,26036063,1,856,scenario2
S1_reprodscen2_4,74000001,96116015872,26785691,26784107,1,857,scenario2
S1_reprodscen2_4,74000001,96164584448,25141682,25140098,1,858,scenario2
S1_reprodscen2_4,74000001,96615283968,83639667,83637957,3,859,scenario2
S1_reprodscen2_4,74000001,96615397120,55997683,55996471,3,859,scenario2
S1_reprodscen2_4,74000001,96615473408,27938064,27936385,3,859,scenario2
S1_reprodscen2_4,74000001,96736185344,31876212,31873937,1,862,scenario2
S1_reprodscen2_4,74000001,96913402624,24613321,24611817,1,863,scenario2
S1_reprodscen2_4,74000001,97117505792,25750766,25749020,1,864,scenario2
S1_reprodscen2_4,74000001,97252853248,24922857,24921068,1,865,scenario2
S1_reprodscen2_4,74000001,97383617792,25304395,25302866,1,866,scenario2
S1_reprodscen2_4,74000001,97444190720,26782081,26780412,1,867,scenario2
S1_reprodscen2_4,74000001,97723562240,54058004,54056489,2,868,scenario2
S1_reprodscen2_4,74000001,97723678976,26621462,26620293,2,868,scenario2
S1_reprodscen2_4,74000001,97871919104,27864146,27862645,1,870,scenario2
S1_reprodscen2_4,74000001,97961228288,25952655,25951056,1,871,scenario2
S1_reprodscen2_4,74000001,98033035264,29539631,29537840,1,872,scenario2
S1_reprodscen2_4,74000001,98263739904,24977199,24975696,1,873,scenario2
S1_reprodscen2_4,74000001,98424465920,26496784,26494959,1,874,scenario2
S1_reprodscen2_4,74000001,98576666624,26446226,26444519,1,875,scenario2
S1_reprodscen2_4,74000001,98607206400,27804372,27802750,1,876,scenario2
S1_reprodscen2_4,74000001,98867539712,26831873,26830286,1,877,scenario2
S1_reprodscen2_4,74000001,98948850688,24764433,24763086,1,878,scenario2
S1_reprodscen2_4,74000001,99300108544,25900424,25898968,1,879,scenario2
S1_reprodscen2_4,74000001,99385822976,27263394,27261874,1,880,scenario2
S1_reprodscen2_4,74000001,99463952384,26170039,26168406,1,881,scenario2
S1_reprodscen2_4,74000001,99658141440,26095296,26093757,1,882,scenario2
S1_reprodscen2_4,74000001,99712395776,25118787,25117167,1,883,scenario2
S1_reprodscen2_4,74000001,99967797248,28302598,28300893,1,884,scenario2
S1_reprodscen2_4,74000001,100173599232,80909606,80907929,3,885,scenario2
S1_reprodscen2_4,74000001,100173698560,52008266,52007105,3,885,scenario2
S1_reprodscen2_4,74000001,100173808896,26660981,26660103,3,885,scenario2
S1_reprodscen2_4,74000001,100446643200,26199815,26198115,1,888,scenario2
S1_reprodscen2_4,74000001,100526530560,25838014,25836520,1,889,scenario2
S1_reprodscen2_4,74000001,100702403328,52491768,52490326,2,890,scenario2
S1_reprodscen2_4,74000001,100702508288,27407099,27405981,2,890,scenario2
S1_reprodscen2_4,74000001,100924346880,52913721,52912093,2,892,scenario2
S1_reprodscen2_4,74000001,100924470784,26543539,26542349,2,892,scenario2
S1_reprodscen2_4,74000001,100980439040,24483000,24481541,1,894,scenario2
S1_reprodscen2_4,74000001,101223201024,24963985,24962581,1,895,scenario2
S1_reprodscen2_4,74000001,101370334208,26800732,26799191,1,896,scenario2
S1_reprodscen2_4,74000001,101427945472,27207249,27205619,1,897,scenario2
S1_reprodscen2_4,74000001,101551965952,24986498,24985101,1,898,scenario2
S1_reprodscen2_4,74000001,101730885888,24648654,24647131,1,899,scenario2
S1_reprodscen2_4,74000001,101901750272,27219671,27218190,1,900,scenario2
S1_reprodscen2_4,74000001,101946178560,28477512,28476001,1,901,scenario2
S1_reprodscen2_4,74000001,102006711040,28715862,28714375,1,902,scenario2
S1_reprodscen2_4,74000001,102036521472,26370708,26369193,1,903,scenario2
S1_reprodscen2_4,74000001,102066998784,27257990,27256272,1,904,scenario2
S1_reprodscen2_4,74000001,102227290368,26709193,26707537,1,905,scenario2
S1_reprodscen2_4,74000001,102286836992,52111648,52110063,2,906,scenario2
S1_reprodscen2_4,74000001,102286920192,26058428,26057136,2,906,scenario2
S1_reprodscen2_4,74000001,102416450560,26226138,26224543,1,908,scenario2
S1_reprodscen2_4,74000001,102963371520,53837623,53836014,2,909,scenario2
S1_reprodscen2_4,74000001,102963491072,26957908,26956108,2,909,scenario2
S1_reprodscen2_4,74000001,103081212160,25270190,25268526,1,911,scenario2
S1_reprodscen2_4,74000001,103139796480,26554583,26552967,1,912,scenario2
S1_reprodscen2_4,74000001,103310168320,26701673,26700118,1,913,scenario2
S1_reprodscen2_4,74000001,103525974784,52256384,52254928,2,914,scenario2
S1_reprodscen2_4,74000001,103526078208,25457082,25455908,2,914,scenario2
S1_reprodscen2_4,74000001,103714356224,52081486,52079915,2,916,scenario2
S1_reprodscen2_4,74000001,103714448640,25533950,25532737,2,916,scenario2
S1_reprodscen2_4,74000001,103885505280,24706963,24705463,1,918,scenario2
S1_reprodscen2_4,74000001,103968049152,24004697,24003189,1,919,scenario2
S1_reprodscen2_4,74000001,104185672704,27394029,27392440,1,920,scenario2
S1_reprodscen2_4,74000001,104323509760,23954825,23953320,1,921,scenario2
S1_reprodscen2_4,74000001,104476788224,53815009,53813398,2,922,scenario2
S1_reprodscen2_4,74000001,104476874496,25980813,25979597,2,922,scenario2
S1_reprodscen2_4,74000001,104603622912,80069634,80068230,3,924,scenario2
S1_reprodscen2_4,74000001,104603719168,52384657,52383460,3,924,scenario2
S1_reprodscen2_4,74000001,104603780352,26723015,26722186,3,924,scenario2
S1_reprodscen2_4,74000001,104940010752,52719333,52717599,2,927,scenario2
S1_reprodscen2_4,74000001,104940123904,26486232,26485080,2,927,scenario2
S1_reprodscen2_4,74000001,105084843520,28163470,28161878,1,929,scenario2
S1_reprodscen2_4,74000001,105250581248,24557093,24555611,1,930,scenario2
S1_reprodscen2_4,74000001,105376086784,25861667,25860079,1,931,scenario2
S1_reprodscen2_4,74000001,105531185152,56665255,56663735,2,932,scenario2
S1_reprodscen2_4,74000001,105531290368,28279203,28278040,2,932,scenario2
S1_reprodscen2_4,74000001,105615595520,53742301,53740671,2,934,scenario2
S1_reprodscen2_4,74000001,105615690496,25757908,25756741,2,934,scenario2
S1_reprodscen2_4,74000001,105680929792,27498629,27497062,1,936,scenario2
S1_reprodscen2_4,74000001,105905886976,25082675,25081214,1,937,scenario2
S1_reprodscen2_4,74000001,105974563584,27714016,27712215,0,938,scenario2
S1_reprodscen2_4,74000001,106255061760,23693504,23692104,1,939,scenario2
S1_reprodscen2_4,74000001,106305024768,27688901,27687303,1,940,scenario2
S1_reprodscen2_4,74000001,106404115456,52562518,52560993,2,941,scenario2
S1_reprodscen2_4,74000001,106404214528,26624362,26622596,2,941,scenario2
S1_reprodscen2_4,74000001,106467955712,26917206,26915343,0,943,scenario2
S1_reprodscen2_4,74000001,106599009280,55741976,55740242,2,944,scenario2
S1_reprodscen2_4,74000001,106599107072,27191497,27190367,2,944,scenario2
S1_reprodscen2_4,74000001,106671111424,26349755,26347927,1,946,scenario2
S1_reprodscen2_4,74000001,106899089920,26195318,26193659,1,947,scenario2
S1_reprodscen2_4,74000001,106959549184,26293623,26291963,1,948,scenario2
S1_reprodscen2_4,74000001,107051654656,26262626,26260904,1,949,scenario2
S1_reprodscen2_4,74000001,107306031616,27448778,27447162,1,950,scenario2
S1_reprodscen2_4,74000001,107357561856,27733307,27731707,1,951,scenario2
S1_reprodscen2_4,74000001,107458699520,24548600,24547027,1,952,scenario2
S1_reprodscen2_4,74000001,107502566656,26228426,26226722,1,953,scenario2
S1_reprodscen2_4,74000001,107552871424,27236749,27235139,1,954,scenario2
S1_reprodscen2_4,74000001,107596548864,26677035,26675387,1,955,scenario2
S1_reprodscen2_4,74000001,107683018752,27012883,27011243,1,956,scenario2
S1_reprodscen2_4,74000001,107769168384,25953786,25952088,1,957,scenario2
S1_reprodscen2_4,74000001,107895043328,26653488,26651754,1,958,scenario2
S1_reprodscen2_4,74000001,108140002304,57316173,57314560,2,959,scenario2
S1_reprodscen2_4,74000001,108140096768,28251109,28249804,2,959,scenario2
S1_reprodscen2_4,74000001,108185783040,26838885,26837319,1,961,scenario2
S1_reprodscen2_4,74000001,108297140992,27901140,27899468,1,962,scenario2
S1_reprodscen2_4,74000001,108355377920,49798192,49796688,2,963,scenario2
S1_reprodscen2_4,74000001,108355452928,25052768,25051531,2,963,scenario2
S1_reprodscen2_4,74000001,108407274752,28277727,28276045,1,965,scenario2
S1_reprodscen2_4,74000001,108501211648,25133319,25131641,1,966,scenario2
S1_reprodscen2_4,74000001,108720336128,24991336,24989719,1,967,scenario2
S1_reprodscen2_4,74000001,108772594688,27067455,27065802,1,968,scenario2
S1_reprodscen2_4,74000001,108886563584,23731836,23730379,1,969,scenario2
S1_reprodscen2_4,74000001,109078222848,27231530,27229793,1,970,scenario2
S1_reprodscen2_4,74000001,109128229376,28997184,28995463,1,971,scenario2
S1_reprodscen2_4,74000001,109333793024,106312162,106310558,4,972,scenario2
S1_reprodscen2_4,74000001,109333892352,77168610,77167250,4,972,scenario2
S1_reprodscen2_4,74000001,109333989888,51197264,51196176,4,972,scenario2
S1_reprodscen2_4,74000001,109334054912,25961060,25960073,4,972,scenario2
S1_reprodscen2_4,74000001,109378848512,28588340,28586535,1,976,scenario2
S1_reprodscen2_4,74000001,109490100480,27631315,27629601,1,977,scenario2
S1_reprodscen2_4,74000001,109720738560,52062823,52061063,2,978,scenario2
S1_reprodscen2_4,74000001,109720818944,26348607,26347401,2,978,scenario2
S1_reprodscen2_4,74000001,109985672960,108530568,108528814,4,980,scenario2
S1_reprodscen2_4,74000001,109985757440,82183087,82181854,4,980,scenario2
S1_reprodscen2_4,74000001,109985830912,55713573,55712446,4,980,scenario2
S1_reprodscen2_4,74000001,109985902336,28853802,28852659,4,980,scenario2
S1_reprodscen2_4,74000001,110090307072,24175972,24174505,1,984,scenario2
S1_reprodscen2_4,74000001,110126739456,25410433,25408686,1,985,scenario2
S1_reprodscen2_4,74000001,110330707456,24129050,24127474,1,986,scenario2
S1_reprodscen2_4,74000001,110399830784,53043079,53041469,2,987,scenario2
S1_reprodscen2_4,74000001,110399920128,26562087,26560895,2,987,scenario2
S1_reprodscen2_4,74000001,110456080128,25828971,25827487,1,989,scenario2
S1_reprodscen2_4,74000001,110555179264,27847171,27845599,1,990,scenario2
S1_reprodscen2_4,74000001,110745640704,24049081,24047445,1,991,scenario2
S1_reprodscen2_4,74000001,110915406848,25357686,25356267,1,992,scenario2
S1_reprodscen2_4,74000001,110965230592,28167548,28165835,1,993,scenario2
S1_reprodscen2_4,74000001,111034695424,51220198,51218574,2,994,scenario2
S1_reprodscen2_4,74000001,111034779904,26144760,26143559,2,994,scenario2
S1_reprodscen2_4,74000001,111260107008,51341827,51340191,2,996,scenario2
S1_reprodscen2_4,74000001,111260198400,26096853,26084273,2,996,scenario2
S1_reprodscen2_4,74000001,111321506560,53335468,53333798,2,998,scenario2
S1_reprodscen2_4,74000001,111321586688,25222246,25220969,2,998,scenario2
S1_reprodscen2_4,74000001,111376620800,50981899,50980293,2,1000,scenario2
S1_reprodscen2_4,74000001,111376707072,25353889,25352539,2,1000,scenario2
S1_reprodscen2_4,74000001,111590689280,59652133,59650240,2,1002,scenario2
S1_reprodscen2_4,74000001,111590775296,30674289,30672968,2,1002,scenario2
S1_reprodscen2_4,74000001,112078976512,28451441,28449841,1,1004,scenario2
S1_reprodscen2_4,74000001,112155651840,28863908,28862316,1,1005,scenario2
S1_reprodscen2_4,74000001,112218290944,31341127,31339486,1,1006,scenario2
S1_reprodscen2_4,74000001,112253098240,29808285,29806652,1,1007,scenario2
S1_reprodscen2_4,74000001,112292814848,28373417,28371868,1,1008,scenario2
S1_reprodscen2_4,74000001,112354349568,29727434,29725699,1,1009,scenario2
S1_reprodscen2_4,74000001,112398977536,30137995,30136314,1,1010,scenario2
S1_reprodscen2_4,74000001,112443543040,28571045,28569379,1,1011,scenario2
S1_reprodscen2_4,74000001,112500963072,33821201,33819472,1,1012,scenario2
S1_reprodscen2_4,74000001,112552793600,31358983,31357272,1,1013,scenario2
S1_reprodscen2_4,74000001,112640631552,28833336,28831346,0,1014,scenario2
S1_reprodscen2_4,74000001,112668738816,27959718,27957925,1,1015,scenario2
S1_reprodscen2_4,74000001,112753505792,30258027,30256361,1,1016,scenario2
S1_reprodscen2_4,74000001,112927485696,25025358,25023732,1,1017,scenario2
S1_reprodscen2_4,74000001,113255107584,26422203,26420533,1,1018,scenario2
S1_reprodscen2_4,74000001,113330065152,52045685,52044276,2,1019,scenario2
S1_reprodscen2_4,74000001,113330163968,24835186,24833590,2,1019,scenario2
S1_reprodscen2_4,74000001,113398555904,55118372,55116641,2,1021,scenario2
S1_reprodscen2_4,74000001,113398642688,26766917,26765127,2,1021,scenario2
S1_reprodscen2_4,74000001,113455887104,31080494,31078841,1,1023,scenario2
S1_reprodscen2_4,74000001,113584166912,58187063,58185428,2,1024,scenario2
S1_reprodscen2_4,74000001,113584259584,27563210,27561592,2,1024,scenario2
S1_reprodscen2_4,74000001,113667375360,79935183,79933534,3,1026,scenario2
S1_reprodscen2_4,74000001,113667476224,52292969,52291201,3,1026,scenario2
S1_reprodscen2_4,74000001,113667583488,25853103,25851383,3,1026,scenario2
S1_reprodscen2_4,74000001,113697531136,28503004,28501324,1,1029,scenario2
S1_reprodscen2_4,74000001,113915474176,29258980,29257114,1,1030,scenario2
S1_reprodscen2_4,74000001,113976445184,30959688,30957970,1,1031,scenario2
S1_reprodscen2_4,74000001,114034154240,27544263,27542517,1,1032,scenario2
S1_reprodscen2_4,74000001,114122636288,55787434,55785693,2,1033,scenario2
S1_reprodscen2_4,74000001,114122719232,28620905,28619579,2,1033,scenario2
S1_reprodscen2_4,74000001,114246465536,26227494,26225822,1,1035,scenario2
S1_reprodscen2_4,74000001,114304730112,24080564,24079075,1,1036,scenario2
S1_reprodscen2_4,74000001,114358776832,25126358,25124757,1,1037,scenario2
S1_reprodscen2_4,74000001,114403851264,26856298,26854641,1,1038,scenario2
S1_reprodscen2_4,74000001,114462118656,27074440,27072723,1,1039,scenario2
S1_reprodscen2_4,74000001,114586884864,28533612,28531837,1,1040,scenario2
S1_reprodscen2_4,74000001,114646702848,27187077,27185228,1,1041,scenario2
S1_reprodscen2_4,74000001,114795467264,54665860,54664239,2,1042,scenario2
S1_reprodscen2_4,74000001,114795566080,27242903,27241740,2,1042,scenario2
S1_reprodscen2_4,74000001,114911165952,26877803,26876129,1,1044,scenario2
S1_reprodscen2_4,74000001,114965276416,23833563,23831951,1,1045,scenario2
S1_reprodscen2_4,74000001,115011597056,27820086,27818523,1,1046,scenario2
S1_reprodscen2_4,74000001,115143838720,26819918,26818376,1,1047,scenario2
S1_reprodscen2_4,74000001,115208184576,58000246,57998603,2,1048,scenario2
S1_reprodscen2_4,74000001,115208265472,28749556,28748430,2,1048,scenario2
S1_reprodscen2_4,74000001,115282738944,54186123,54184367,2,1050,scenario2
S1_reprodscen2_4,74000001,115282829824,27251445,27250233,2,1050,scenario2
S1_reprodscen2_4,74000001,115323702784,27643590,27641980,1,1052,scenario2
S1_reprodscen2_4,74000001,115471038208,25738971,25737225,1,1053,scenario2
S1_reprodscen2_4,74000001,115539356416,26820576,26818855,1,1054,scenario2
S1_reprodscen2_4,74000001,115600720384,28005252,28003502,1,1055,scenario2
S1_reprodscen2_4,74000001,115630247424,29267733,29266472,1,1056,scenario2
S1_reprodscen2_4,74000001,115755372800,26234283,26232545,1,1057,scenario2
S1_reprodscen2_4,74000001,115979137024,82747842,82746046,3,1058,scenario2
S1_reprodscen2_4,74000001,115979225344,54878852,54877635,3,1058,scenario2
S1_reprodscen2_4,74000001,115979324928,27187670,27186653,3,1058,scenario2
S1_reprodscen2_4,74000001,116088068352,28054674,28052979,1,1061,scenario2
S1_reprodscen2_4,74000001,116169908992,25619179,25617689,1,1062,scenario2
S1_reprodscen2_4,74000001,116319549696,26071293,26069626,1,1063,scenario2
S1_reprodscen2_4,74000001,116419652864,26958850,26957168,1,1064,scenario2
S1_reprodscen2_4,74000001,116516648960,29683044,29681269,0,1065,scenario2
S1_reprodscen2_4,74000001,116678864640,162090390,162089149,6,1066,scenario2
S1_reprodscen2_4,74000001,116678939392,134610070,134609238,6,1066,scenario2
S1_reprodscen2_4,74000001,116679041024,108191997,108190963,6,1066,scenario2
S1_reprodscen2_4,74000001,116679139328,80137406,80136497,6,1066,scenario2
S1_reprodscen2_4,74000001,116679205376,53758481,53757446,6,1066,scenario2
S1_reprodscen2_4,74000001,116679274240,26369221,26368124,6,1066,scenario2
S1_reprodscen2_4,74000001,116709090304,28585596,28583786,1,1072,scenario2
S1_reprodscen2_4,74000001,116914252032,25527394,25525571,1,1073,scenario2
S1_reprodscen2_4,74000001,116996441600,24445161,24443631,1,1074,scenario2
S1_reprodscen2_4,74000001,117102172160,55073611,55071926,2,1075,scenario2
S1_reprodscen2_4,74000001,117102254336,28054791,28053416,2,1075,scenario2
S1_reprodscen2_4,74000001,117144572416,28012380,28010570,1,1077,scenario2
S1_reprodscen2_4,74000001,117202379776,27630407,27628737,1,1078,scenario2
S1_reprodscen2_4,74000001,117383826176,107793818,107792149,4,1079,scenario2
S1_reprodscen2_4,74000001,117383930112,79468389,79467015,4,1079,scenario2
S1_reprodscen2_4,74000001,117384033536,51904976,51903525,4,1079,scenario2
S1_reprodscen2_4,74000001,117384114688,26247027,26245578,4,1079,scenario2
S1_reprodscen2_4,74000001,117469555968,26758989,26745306,1,1083,scenario2
S1_reprodscen2_4,74000001,117514356480,28352241,28350466,1,1084,scenario2
S1_reprodscen2_4,74000001,117565085952,25951432,25949737,1,1085,scenario2
S1_reprodscen2_4,74000001,117604452096,26030914,26029272,1,1086,scenario2
S1_reprodscen2_4,74000001,117768091392,28345360,28343684,1,1087,scenario2
S1_reprodscen2_4,74000001,118068337408,105442932,105441378,4,1088,scenario2
S1_reprodscen2_4,74000001,118068427008,78088011,78086789,4,1088,scenario2
S1_reprodscen2_4,74000001,118068505600,50640382,50639364,4,1088,scenario2
S1_reprodscen2_4,74000001,118068605440,25669172,25667647,4,1088,scenario2
S1_reprodscen2_4,74000001,118148724992,26914109,26912160,1,1092,scenario2
S1_reprodscen2_4,74000001,118189122304,25080532,25078994,1,1093,scenario2
S1_reprodscen2_4,74000001,118409791232,26549124,26547440,1,1094,scenario2
S1_reprodscen2_4,74000001,118524377600,83894150,83880382,3,1095,scenario2
S1_reprodscen2_4,74000001,118524467968,55573712,55572367,3,1095,scenario2
S1_reprodscen2_4,74000001,118524557056,29935761,29934605,3,1095,scenario2
S1_reprodscen2_4,74000001,118583628800,54522214,54520608,2,1098,scenario2
S1_reprodscen2_4,74000001,118583719936,27643535,27642418,2,1098,scenario2
S1_reprodscen2_4,74000001,118762139648,109170100,109168530,4,1100,scenario2
S1_reprodscen2_4,74000001,118762234112,81182496,81181181,4,1100,scenario2
S1_reprodscen2_4,74000001,118762322688,52348359,52347389,4,1100,scenario2
S1_reprodscen2_4,74000001,118762407424,27090721,27089805,4,1100,scenario2
S1_reprodscen2_4,74000001,118979807488,27567101,27565479,1,1104,scenario2
S1_reprodscen2_4,74000001,119028355840,26856998,26855246,1,1105,scenario2
S1_reprodscen2_4,74000001,119119336192,57701504,57699747,2,1106,scenario2
S1_reprodscen2_4,74000001,119119436032,27607432,27606088,2,1106,scenario2
S1_reprodscen2_4,74000001,119223029248,79962135,79960540,3,1108,scenario2
S1_reprodscen2_4,74000001,119223129600,54136842,54135582,3,1108,scenario2
S1_reprodscen2_4,74000001,119223255296,27213176,27211739,3,1108,scenario2
S1_reprodscen2_4,74000001,119260428288,26725292,26723559,1,1111,scenario2
S1_reprodscen2_4,74000001,119342708224,27685803,27683891,1,1112,scenario2
S1_reprodscen2_4,74000001,119378199296,25943484,25941980,1,1113,scenario2
S1_reprodscen2_4,74000001,119417904640,25515267,25513615,1,1114,scenario2
S1_reprodscen2_4,74000001,119623391744,52786061,52784380,2,1115,scenario2
S1_reprodscen2_4,74000001,119623485184,26140504,26139178,2,1115,scenario2
S1_reprodscen2_4,74000001,119705766912,26885238,26883480,1,1117,scenario2
S1_reprodscen2_4,74000001,119752582400,28373933,28372037,0,1118,scenario2
S1_reprodscen2_4,74000001,119779672832,26989947,26988655,1,1119,scenario2
S1_reprodscen2_4,74000001,119993436672,25748805,25747325,1,1120,scenario2
S1_reprodscen2_4,74000001,120087241728,56372135,56370357,2,1121,scenario2
S1_reprodscen2_4,74000001,120087340544,27411566,27410355,2,1121,scenario2
S1_reprodscen2_4,74000001,120140711424,28395341,28393605,1,1123,scenario2
S1_reprodscen2_4,74000001,120220117760,27589922,27588178,1,1124,scenario2
S1_reprodscen2_4,74000001,120457628160,57005958,57004210,2,1125,scenario2
S1_reprodscen2_4,74000001,120457721344,29234655,29233404,2,1125,scenario2
S1_reprodscen2_4,74000001,120658044672,194976868,194975082,7,1127,scenario2
S1_reprodscen2_4,74000001,120658119168,167675846,167674602,7,1127,scenario2
S1_reprodscen2_4,74000001,120658197248,139226108,139224934,7,1127,scenario2
S1_reprodscen2_4,74000001,120658263808,112834689,112833611,7,1127,scenario2
S1_reprodscen2_4,74000001,120658327040,85931686,85930625,7,1127,scenario2
S1_reprodscen2_4,74000001,120658393856,58572823,58571805,7,1127,scenario2
S1_reprodscen2_4,74000001,120658464000,31621143,31620061,7,1127,scenario2
S1_reprodscen2_4,74000001,120791575808,57934050,57932424,2,1134,scenario2
S1_reprodscen2_4,74000001,120791657984,28034597,28033337,2,1134,scenario2
S1_reprodscen2_4,74000001,121024629248,113621316,113619646,4,1136,scenario2
S1_reprodscen2_4,74000001,121024738560,80598327,80596976,4,1136,scenario2
S1_reprodscen2_4,74000001,121024857600,53344857,53342966,4,1136,scenario2
S1_reprodscen2_4,74000001,121024937216,27593753,27592637,4,1136,scenario2
S1_reprodscen2_4,74000001,121079664640,52878950,52877268,2,1140,scenario2
S1_reprodscen2_4,74000001,121079757312,24735692,24734497,2,1140,scenario2
S1_reprodscen2_4,74000001,121198970112,54720472,54718708,2,1142,scenario2
S1_reprodscen2_4,74000001,121199066624,27115243,27113966,2,1142,scenario2
S1_reprodscen2_4,74000001,121463963648,164287860,164286104,6,1144,scenario2
S1_reprodscen2_4,74000001,121464077056,135996983,135995811,5,1145,scenario2
S1_reprodscen2_4,74000001,121464163584,107197730,107196462,5,1145,scenario2
S1_reprodscen2_4,74000001,121464244736,80198789,80197757,5,1145,scenario2
S1_reprodscen2_4,74000001,121464317440,53797179,53796094,5,1145,scenario2
S1_reprodscen2_4,74000001,121464389376,26837535,26836432,5,1145,scenario2
S1_reprodscen2_4,74000001,121611973632,29150552,29148851,1,1150,scenario2
S1_reprodscen2_4,74000001,121682920192,27972527,27970756,1,1151,scenario2
S1_reprodscen2_4,74000001,121776416768,28170980,28169287,1,1152,scenario2
S1_reprodscen2_4,74000001,122147856384,222589691,222588070,8,1153,scenario2
S1_reprodscen2_4,74000001,122147945728,191894029,191892746,8,1153,scenario2
S1_reprodscen2_4,74000001,122148040960,164203693,164202480,8,1153,scenario2
S1_reprodscen2_4,74000001,122148110848,137179833,137178963,8,1153,scenario2
S1_reprodscen2_4,74000001,122148178688,109865426,109864277,8,1153,scenario2
S1_reprodscen2_4,74000001,122148252416,80937089,80935957,8,1153,scenario2
S1_reprodscen2_4,74000001,122148320256,53951301,53950208,8,1153,scenario2
S1_reprodscen2_4,74000001,122148387072,27281060,27280063,8,1153,scenario2
S1_reprodscen2_4,74000001,122261435392,30337374,30335708,1,1161,scenario2
S1_reprodscen2_4,74000001,122527502080,27229025,27227311,1,1162,scenario2
S1_reprodscen2_4,74000001,122581613056,28088982,28087346,1,1163,scenario2
S1_reprodscen2_4,74000001,122614806784,29047883,29046140,1,1164,scenario2
S1_reprodscen2_4,74000001,122700235520,26186378,26184730,1,1165,scenario2
S1_reprodscen2_4,74000001,122785438720,83278002,83276458,3,1166,scenario2
S1_reprodscen2_4,74000001,122785557248,53681142,53679876,3,1166,scenario2
S1_reprodscen2_4,74000001,122785643264,26784444,26783397,3,1166,scenario2
S1_reprodscen2_4,74000001,122812258560,26039982,26038554,1,1169,scenario2
S1_reprodscen2_4,74000001,123076754176,164507716,164506112,6,1170,scenario2
S1_reprodscen2_4,74000001,123076888576,137103916,137102746,6,1170,scenario2
S1_reprodscen2_4,74000001,123076961024,110660861,110659978,6,1170,scenario2
S1_reprodscen2_4,74000001,123077025024,85085226,85084216,6,1170,scenario2
S1_reprodscen2_4,74000001,123077087744,56863382,56862470,6,1170,scenario2
S1_reprodscen2_4,74000001,123077149696,28818388,28817261,6,1170,scenario2
S1_reprodscen2_4,74000001,123304265472,27744520,27742793,1,1176,scenario2
S1_reprodscen2_4,74000001,123339152896,28447373,28445654,1,1177,scenario2
S1_reprodscen2_4,74000001,123453199360,84233209,84231668,3,1178,scenario2
S1_reprodscen2_4,74000001,123453307904,53940971,53939648,3,1178,scenario2
S1_reprodscen2_4,74000001,123453384448,27180007,27179052,3,1178,scenario2
S1_reprodscen2_4,74000001,123533519872,24972577,24971098,1,1181,scenario2
S1_reprodscen2_4,74000001,123726491904,129744816,129743281,5,1182,scenario2
S1_reprodscen2_4,74000001,123726603776,103165941,103164697,5,1182,scenario2
S1_reprodscen2_4,74000001,123726691328,77859086,77858230,5,1182,scenario2
S1_reprodscen2_4,74000001,123726766336,53120869,53119894,5,1182,scenario2
S1_reprodscen2_4,74000001,123726831872,25816806,25815887,5,1182,scenario2
S1_reprodscen2_4,74000001,123814353664,26602254,26600756,1,1187,scenario2
S1_reprodscen2_4,74000001,124149975808,193109883,193108169,7,1188,scenario2
S1_reprodscen2_4,74000001,124150096384,165349889,165348739,7,1188,scenario2
S1_reprodscen2_4,74000001,124150215424,139323357,139322124,7,1188,scenario2
S1_reprodscen2_4,74000001,124150291456,109892132,109890586,7,1188,scenario2
S1_reprodscen2_4,74000001,124150385408,82316666,82314983,7,1188,scenario2
S1_reprodscen2_4,74000001,124150467584,55132345,55131160,7,1188,scenario2
S1_reprodscen2_4,74000001,124150567680,27276461,27274653,7,1188,scenario2
S1_reprodscen2_4,74000001,124189463040,27480529,27478959,1,1195,scenario2
S1_reprodscen2_4,74000001,124267194624,27049616,27047900,1,1196,scenario2
S1_reprodscen2_4,74000001,124399533312,25015965,25014416,1,1197,scenario2
S1_reprodscen2_4,74000001,124453186560,27600171,27598527,1,1198,scenario2
S1_reprodscen2_4,74000001,124501091072,28289215,28287453,1,1199,scenario2
S1_reprodscen2_4,74000001,124555128576,28141366,28139309,0,1200,scenario2
S1_reprodscen2_4,74000001,124720495360,90244485,90242853,3,1201,scenario2
S1_reprodscen2_4,74000001,124720620032,58730660,58728802,3,1201,scenario2
S1_reprodscen2_4,74000001,124720717312,28384730,28383029,3,1201,scenario2
S1_reprodscen2_4,74000001,124827197952,56361293,56359594,2,1204,scenario2
S1_reprodscen2_4,74000001,124827300608,26850480,26849278,2,1204,scenario2
S1_reprodscen2_4,74000001,125004244224,56971496,56970021,2,1206,scenario2
S1_reprodscen2_4,74000001,125004349952,28191970,28190647,2,1206,scenario2
S1_reprodscen2_4,74000001,125049615616,24973100,24971573,1,1208,scenario2
S1_reprodscen2_4,74000001,125126787840,28981113,28979382,1,1209,scenario2
S1_reprodscen2_4,74000001,125257056256,83016451,83014865,3,1210,scenario2
S1_reprodscen2_4,74000001,125257150464,54394886,54393642,3,1210,scenario2
S1_reprodscen2_4,74000001,125257238272,27033002,27032092,3,1210,scenario2
S1_reprodscen2_4,74000001,125398248448,25568656,25567111,1,1213,scenario2
S1_reprodscen2_4,74000001,125543308288,106371436,106369779,4,1214,scenario2
S1_reprodscen2_4,74000001,125543384064,79155207,79154046,4,1214,scenario2
S1_reprodscen2_4,74000001,125543467008,53204875,53203370,4,1214,scenario2
S1_reprodscen2_4,74000001,125543556608,26774946,26773402,4,1214,scenario2
S1_reprodscen2_4,74000001,125574799616,29116775,29115118,1,1218,scenario2
S1_reprodscen2_4,74000001,125660050176,80178403,80176816,3,1219,scenario2
S1_reprodscen2_4,74000001,125660156672,53449705,53448259,3,1219,scenario2
S1_reprodscen2_4,74000001,125660269568,26831340,26829621,3,1219,scenario2
S1_reprodscen2_4,74000001,125723822336,30283914,30282142,1,1222,scenario2
S1_reprodscen2_4,74000001,125856293888,51542135,51540523,2,1223,scenario2
S1_reprodscen2_4,74000001,125856417024,24956049,24954598,2,1223,scenario2
S1_reprodscen2_4,74000001,126087075840,27050036,27048451,1,1225,scenario2
S1_reprodscen2_4,74000001,126117671168,27470970,27469617,1,1226,scenario2
S1_reprodscen2_4,74000001,126159229952,26818710,26817084,1,1227,scenario2
S1_reprodscen2_4,74000001,126394278144,190727067,190725533,7,1228,scenario2
S1_reprodscen2_4,74000001,126394375424,163852143,163850899,7,1228,scenario2
S1_reprodscen2_4,74000001,126394477056,136842073,136840859,7,1228,scenario2
S1_reprodscen2_4,74000001,126394554368,110331997,110330763,7,1228,scenario2
S1_reprodscen2_4,74000001,126394624000,82068695,82067402,7,1228,scenario2
S1_reprodscen2_4,74000001,126394690560,54667796,54666846,7,1228,scenario2
S1_reprodscen2_4,74000001,126394773248,27107675,27106361,7,1228,scenario2
S1_reprodscen2_4,74000001,126461786624,31761210,31759577,1,1235,scenario2
S1_reprodscen2_4,74000001,126516983808,25723368,25721722,1,1236,scenario2
S1_reprodscen2_4,74000001,126788241664,207777536,207774897,7,1237,scenario2
S1_reprodscen2_4,74000001,126788364032,177545331,177543812,7,1237,scenario2
S1_reprodscen2_4,74000001,126788440320,147616192,147614868,7,1237,scenario2
S1_reprodscen2_4,74000001,126788504064,117558970,117557735,7,1237,scenario2
S1_reprodscen2_4,74000001,126788573184,87756571,87755273,7,1237,scenario2
S1_reprodscen2_4,74000001,126788637440,58385273,58384028,7,1237,scenario2
S1_reprodscen2_4,74000001,126788703744,28131967,28130463,7,1237,scenario2
S1_reprodscen2_4,74000001,126988138240,27438586,27437013,1,1244,scenario2
S1_reprodscen2_4,74000001,127099124736,57227279,57225466,2,1245,scenario2
S1_reprodscen2_4,74000001,127099207424,27819131,27817841,2,1245,scenario2
S1_reprodscen2_4,74000001,127228415488,114055882,114053803,4,1247,scenario2
S1_reprodscen2_4,74000001,127228537344,86975258,86973538,4,1247,scenario2
S1_reprodscen2_4,74000001,127228631040,58877393,58875905,4,1247,scenario2
S1_reprodscen2_4,74000001,127228721408,30414453,30413127,4,1247,scenario2
S1_reprodscen2_4,74000001,127310062080,54753942,54752545,2,1251,scenario2
S1_reprodscen2_4,74000001,127310167296,26748911,26747748,2,1251,scenario2
S1_reprodscen2_4,74000001,127449373184,129730595,129729137,5,1253,scenario2
S1_reprodscen2_4,74000001,127449477888,103558362,103557219,4,1254,scenario2
S1_reprodscen2_4,74000001,127449558016,78641727,78640691,4,1254,scenario2
S1_reprodscen2_4,74000001,127449624576,52856072,52855173,4,1254,scenario2
S1_reprodscen2_4,74000001,127449692672,26389401,26388354,4,1254,scenario2
S1_reprodscen2_4,74000001,127566690816,31877298,31875347,1,1258,scenario2
S1_reprodscen2_4,74000001,127656772864,86930363,86928418,3,1259,scenario2
S1_reprodscen2_4,74000001,127656877568,58941952,58940675,3,1259,scenario2
S1_reprodscen2_4,74000001,127656979456,29431947,29430763,3,1259,scenario2
S1_reprodscen2_4,74000001,127703771904,32141047,32138761,1,1262,scenario2
S1_reprodscen2_4,74000001,127762532352,26806871,26805268,1,1263,scenario2
S1_reprodscen2_4,74000001,128038980864,83075010,83073360,3,1264,scenario2
S1_reprodscen2_4,74000001,128039077632,55609349,55608018,3,1264,scenario2
S1_reprodscen2_4,74000001,128039181312,28474610,28473320,3,1264,scenario2
S1_reprodscen2_4,74000001,128127450880,84934786,84933115,3,1267,scenario2
S1_reprodscen2_4,74000001,128127581696,57565919,57564788,2,1268,scenario2
S1_reprodscen2_4,74000001,128127655168,29270125,29268931,2,1268,scenario2
S1_reprodscen2_4,74000001,128196634112,58565121,58563475,2,1270,scenario2
S1_reprodscen2_4,74000001,128196755712,28090048,28088746,2,1270,scenario2
S1_reprodscen2_4,74000001,128377594624,27064114,27062423,1,1272,scenario2
S1_reprodscen2_4,74000001,128520155648,24142493,24141025,1,1273,scenario2
S1_reprodscen2_4,74000001,128679481344,157472215,157470595,6,1274,scenario2
S1_reprodscen2_4,74000001,128679587072,128592585,128591229,6,1274,scenario2
S1_reprodscen2_4,74000001,128679660288,102675967,102674873,6,1274,scenario2
S1_reprodscen2_4,74000001,128679729408,76231548,76230449,6,1274,scenario2
S1_reprodscen2_4,74000001,128679792640,51249635,51248672,6,1274,scenario2
S1_reprodscen2_4,74000001,128679854336,26717458,26716337,6,1274,scenario2
S1_reprodscen2_4,74000001,128811543040,115142521,115140833,4,1280,scenario2
S1_reprodscen2_4,74000001,128811649024,88609603,88608493,4,1280,scenario2
S1_reprodscen2_4,74000001,128811715584,61379566,61378403,4,1280,scenario2
S1_reprodscen2_4,74000001,128811786752,31837491,31836563,4,1280,scenario2
S1_reprodscen2_4,74000001,129157064192,219316316,219314501,8,1284,scenario2
S1_reprodscen2_4,74000001,129157177856,190564820,190563498,8,1284,scenario2
S1_reprodscen2_4,74000001,129157267712,163528923,163527985,8,1284,scenario2
S1_reprodscen2_4,74000001,129157336320,134680487,134679340,8,1284,scenario2
S1_reprodscen2_4,74000001,129157428736,107276338,107274939,8,1284,scenario2
S1_reprodscen2_4,74000001,129157505536,79905614,79904440,8,1284,scenario2
S1_reprodscen2_4,74000001,129157577216,54821743,54820638,8,1284,scenario2
S1_reprodscen2_4,74000001,129157650176,28983614,28982270,8,1284,scenario2
S1_reprodscen2_4,74000001,129212142848,54420551,54419249,2,1292,scenario2
S1_reprodscen2_4,74000001,129212252416,26488954,26487761,1,1293,scenario2
S1_reprodscen2_4,74000001,129280923136,60000930,59998978,2,1294,scenario2
S1_reprodscen2_4,74000001,129281036544,26881615,26880094,2,1294,scenario2
S1_reprodscen2_4,74000001,129442274304,28903859,28902006,1,1296,scenario2
S1_reprodscen2_4,74000001,129528530688,29063435,29061666,1,1297,scenario2
S1_reprodscen2_4,74000001,129635822080,52085088,52083582,2,1298,scenario2
S1_reprodscen2_4,74000001,129635925504,24991316,24989792,2,1298,scenario2
S1_reprodscen2_4,74000001,129733678592,84452518,84450973,3,1300,scenario2
S1_reprodscen2_4,74000001,129733791232,54999244,54997581,3,1300,scenario2
S1_reprodscen2_4,74000001,129733873664,26175810,26174594,3,1300,scenario2
S1_reprodscen2_4,74000001,129763804928,25046993,25045483,1,1303,scenario2
S1_reprodscen2_4,74000001,129991239680,27321756,27320014,1,1304,scenario2
S1_reprodscen2_4,74000001,130119310080,28153907,28152161,1,1305,scenario2
S1_reprodscen2_4,74000001,130282455040,29123726,29122012,1,1306,scenario2
S1_reprodscen2_4,74000001,130483847680,182285468,182283776,7,1307,scenario2
S1_reprodscen2_4,74000001,130539855616,211093842,211092506,8,1308,scenario2
S1_reprodscen2_4,74000001,130539960064,184608526,184607410,8,1308,scenario2
S1_reprodscen2_4,74000001,130540037120,156162723,156161613,8,1308,scenario2
S1_reprodscen2_4,74000001,130540105472,131016225,131015119,8,1308,scenario2
S1_reprodscen2_4,74000001,130540168704,106303781,106302710,8,1308,scenario2
S1_reprodscen2_4,74000001,130540239872,80422663,80421540,8,1308,scenario2
S1_reprodscen2_4,74000001,130540302592,56330429,56329338,8,1308,scenario2
S1_reprodscen2_4,74000001,130540364544,28535938,28534853,8,1308,scenario2
S1_reprodscen2_4,74000001,130599697920,59270285,59269110,2,1316,scenario2
S1_reprodscen2_4,74000001,130599784192,59357831,27645789,2,1316,scenario2
S1_reprodscen2_4,74000001,130672714240,52780516,52779043,2,1318,scenario2
S1_reprodscen2_4,74000001,130672814848,26522038,26520842,2,1318,scenario2
S1_reprodscen2_4,74000001,130786397696,110085685,110083939,4,1320,scenario2
S1_reprodscen2_4,74000001,130786492416,82964456,82963152,4,1320,scenario2
S1_reprodscen2_4,74000001,130786615296,58382881,58381520,4,1320,scenario2
S1_reprodscen2_4,74000001,130786681344,30721812,30720957,4,1320,scenario2
S1_reprodscen2_4,74000001,130827240448,29294839,29293178,1,1324,scenario2
S1_reprodscen2_4,74000001,131023429632,26236182,26234397,1,1325,scenario2
S1_reprodscen2_4,74000001,131096765952,53304650,53303069,2,1326,scenario2
S1_reprodscen2_4,74000001,131096874496,26910905,26909602,2,1326,scenario2
S1_reprodscen2_4,74000001,131148327680,28454723,28453002,1,1328,scenario2
S1_reprodscen2_4,74000001,131212020736,27955301,27953615,1,1329,scenario2
S1_reprodscen2_4,74000001,131297765120,28072996,28071436,1,1330,scenario2
S1_reprodscen2_4,74000001,131362195456,26724743,26723195,1,1331,scenario2
S1_reprodscen2_4,74000001,131545283072,52592446,52580312,2,1332,scenario2
S1_reprodscen2_4,74000001,131545394944,24980745,24979577,2,1332,scenario2
S1_reprodscen2_4,74000001,131579230464,28120072,28118457,1,1334,scenario2
S1_reprodscen2_4,74000001,131618513408,28201004,28199306,1,1335,scenario2
S1_reprodscen2_4,74000001,131841599232,222946053,222944737,8,1336,scenario2
S1_reprodscen2_4,74000001,131841693184,196624630,196623442,8,1336,scenario2
S1_reprodscen2_4,74000001,131841807872,169978122,169976990,8,1336,scenario2
S1_reprodscen2_4,74000001,131841878528,141711846,141710835,8,1336,scenario2
S1_reprodscen2_4,74000001,131841947904,113501571,113500138,8,1336,scenario2
S1_reprodscen2_4,74000001,131842014208,85070168,85069057,8,1336,scenario2
S1_reprodscen2_4,74000001,131842089728,58130579,58129330,8,1336,scenario2
S1_reprodscen2_4,74000001,131842158080,29716470,29715008,8,1336,scenario2
S1_reprodscen2_4,74000001,131899817728,57592289,57591173,2,1344,scenario2
S1_reprodscen2_4,74000001,131899908352,57683902,29049818,2,1344,scenario2
S1_reprodscen2_4,74000001,132110184960,164538264,164536208,6,1346,scenario2
S1_reprodscen2_4,74000001,132110275328,137410884,137409483,6,1346,scenario2
S1_reprodscen2_4,74000001,132110363136,109298935,109297916,6,1346,scenario2
S1_reprodscen2_4,74000001,132110431232,81669494,81668448,6,1346,scenario2
S1_reprodscen2_4,74000001,132110495232,54148396,54147465,6,1346,scenario2
S1_reprodscen2_4,74000001,132110565632,26165633,26164441,6,1346,scenario2
S1_reprodscen2_4,74000001,132238847488,52966693,52965071,2,1352,scenario2
S1_reprodscen2_4,74000001,132238967296,24966939,24965641,2,1352,scenario2
S1_reprodscen2_4,74000001,132302383360,54037349,54035694,2,1354,scenario2
S1_reprodscen2_4,74000001,132302490112,26522952,26521729,2,1354,scenario2
S1_reprodscen2_4,74000001,132404592896,25822977,25821351,1,1356,scenario2
S1_reprodscen2_4,74000001,132523193344,54044357,54042884,2,1357,scenario2
S1_reprodscen2_4,74000001,132523294208,25946041,25944755,2,1357,scenario2
S1_reprodscen2_4,74000001,132602380800,54912579,54910909,2,1359,scenario2
S1_reprodscen2_4,74000001,132602477824,27242962,27241753,2,1359,scenario2
S1_reprodscen2_4,74000001,132663766016,27885219,27883445,1,1361,scenario2
S1_reprodscen2_4,74000001,132812873472,82746487,82745005,3,1362,scenario2
S1_reprodscen2_4,74000001,132868835584,110708359,110707249,4,1363,scenario2
S1_reprodscen2_4,74000001,132868924672,82626611,82625704,4,1363,scenario2
S1_reprodscen2_4,74000001,132869015296,56035685,56034495,4,1363,scenario2
S1_reprodscen2_4,74000001,132869092864,27421279,27420214,4,1363,scenario2
S1_reprodscen2_4,74000001,132986125312,26933153,26931447,1,1367,scenario2
S1_reprodscen2_4,74000001,133070733056,54422216,54420459,2,1368,scenario2
S1_reprodscen2_4,74000001,133070851840,27039533,27037954,2,1368,scenario2
S1_reprodscen2_4,74000001,133156839424,56047496,56045863,2,1370,scenario2
S1_reprodscen2_4,74000001,133156936960,26642337,26641093,2,1370,scenario2
S1_reprodscen2_4,74000001,133231246080,54032127,54030470,2,1372,scenario2
S1_reprodscen2_4,74000001,133231351296,27552733,27551496,2,1372,scenario2
S1_reprodscen2_4,74000001,133477890816,209197814,209196309,8,1374,scenario2
S1_reprodscen2_4,74000001,133477980672,183246077,183244711,8,1374,scenario2
S1_reprodscen2_4,74000001,133478091520,157435506,157434426,8,1374,scenario2
S1_reprodscen2_4,74000001,133478155264,130614861,130613821,8,1374,scenario2
S1_reprodscen2_4,74000001,133478217216,104209511,104208402,8,1374,scenario2
S1_reprodscen2_4,74000001,133478278912,78108982,78107990,8,1374,scenario2
S1_reprodscen2_4,74000001,133478346752,50850706,50849532,8,1374,scenario2
S1_reprodscen2_4,74000001,133478408960,24611112,24610183,8,1374,scenario2
S1_reprodscen2_4,74000001,133576304384,54900064,54898493,2,1382,scenario2
S1_reprodscen2_4,74000001,133576410112,27072634,27071280,2,1382,scenario2
S1_reprodscen2_4,74000001,133658262528,28445216,28443433,1,1384,scenario2
S1_reprodscen2_4,74000001,133687734272,28868657,28867063,1,1385,scenario2
S1_reprodscen2_4,74000001,133782017792,53842875,53841122,2,1386,scenario2
S1_reprodscen2_4,74000001,133782122496,26845736,26844440,2,1386,scenario2
S1_reprodscen2_4,74000001,133881496064,31879991,31878277,1,1388,scenario2
S1_reprodscen2_4,74000001,134119181312,109330688,109328967,4,1389,scenario2
S1_reprodscen2_4,74000001,134119315200,81584281,81580433,4,1389,scenario2
S1_reprodscen2_4,74000001,134119405824,55185730,55184381,4,1389,scenario2
S1_reprodscen2_4,74000001,134119488512,26539040,26537752,4,1389,scenario2
S1_reprodscen2_4,74000001,134176097792,56072123,56070454,2,1393,scenario2
S1_reprodscen2_4,74000001,134176204800,27744378,27743150,2,1393,scenario2
S1_reprodscen2_4,74000001,134252161280,51957912,51956234,2,1395,scenario2
S1_reprodscen2_4,74000001,134252251904,25920064,25918839,2,1395,scenario2
S1_reprodscen2_4,74000001,134359303680,81685260,81683679,3,1397,scenario2
S1_reprodscen2_4,74000001,134359383040,53546844,53545598,3,1397,scenario2
S1_reprodscen2_4,74000001,134359459840,25920024,25919091,3,1397,scenario2
S1_reprodscen2_4,74000001,134418454528,28162288,28160668,1,1400,scenario2
S1_reprodscen2_4,74000001,134460774144,24088351,24086884,1,1401,scenario2
S1_reprodscen2_4,74000001,134553310976,86539594,86537940,3,1402,scenario2
S1_reprodscen2_4,74000001,134553409792,57887688,57886373,3,1402,scenario2
S1_reprodscen2_4,74000001,134553511936,28616973,28615795,3,1402,scenario2
S1_reprodscen2_4,74000001,134584111872,28777102,28775408,1,1405,scenario2
S1_reprodscen2_4,74000001,134738617088,31026668,31024910,1,1406,scenario2
S1_reprodscen2_4,74000001,134902766336,107945104,107943488,4,1407,scenario2
S1_reprodscen2_4,74000001,134902847232,79022349,79021081,4,1407,scenario2
S1_reprodscen2_4,74000001,134902960384,52964715,52963579,4,1407,scenario2
S1_reprodscen2_4,74000001,134903030016,27778517,27777471,4,1407,scenario2
S1_reprodscen2_4,74000001,135012232704,55640667,55638935,2,1411,scenario2
S1_reprodscen2_4,74000001,135012345088,28260857,28259626,2,1411,scenario2
S1_reprodscen2_4,74000001,135073776384,25785107,25783396,1,1413,scenario2
S1_reprodscen2_4,74000001,135368378880,221179566,221177874,8,1414,scenario2
S1_reprodscen2_4,74000001,135368470272,192769064,192767805,8,1414,scenario2
S1_reprodscen2_4,74000001,135368571136,164753588,164752379,8,1414,scenario2
S1_reprodscen2_4,74000001,135368640768,137231742,137230601,8,1414,scenario2
S1_reprodscen2_4,74000001,135368703232,109606179,109605104,8,1414,scenario2
S1_reprodscen2_4,74000001,135368765440,81396545,81395485,8,1414,scenario2
S1_reprodscen2_4,74000001,135368829440,53912188,53911103,8,1414,scenario2
S1_reprodscen2_4,74000001,135368891136,26852138,26851196,8,1414,scenario2
S1_reprodscen2_4,74000001,135446415360,77460155,77459171,3,1422,scenario2
S1_reprodscen2_4,74000001,135473201664,104247416,76891193,4,1422,scenario2
S1_reprodscen2_4,74000001,135473284864,51357339,51356412,4,1422,scenario2
S1_reprodscen2_4,74000001,135473401600,26877615,26876582,1,1425,scenario2
S1_reprodscen2_4,74000001,135524729856,30227120,30225511,1,1426,scenario2
S1_reprodscen2_4,74000001,135656703232,26983080,26981347,1,1427,scenario2
S1_reprodscen2_4,74000001,135763013632,54084759,54083026,2,1428,scenario2
S1_reprodscen2_4,74000001,135763119872,27776928,27775698,2,1428,scenario2
S1_reprodscen2_4,74000001,135870444544,80094219,80092731,3,1430,scenario2
S1_reprodscen2_4,74000001,135870575104,54457002,54455810,3,1430,scenario2
S1_reprodscen2_4,74000001,135870659840,28320349,28318706,3,1430,scenario2
S1_reprodscen2_4,74000001,136102573568,138508853,138507163,5,1433,scenario2
S1_reprodscen2_4,74000001,136102645760,110266822,110265790,5,1433,scenario2
S1_reprodscen2_4,74000001,136102719232,83551387,83550218,5,1433,scenario2
S1_reprodscen2_4,74000001,136102782720,56117228,56116045,5,1433,scenario2
S1_reprodscen2_4,74000001,136102846720,28336558,28335346,5,1433,scenario2
S1_reprodscen2_4,74000001,136215945728,83050351,83048505,3,1438,scenario2
S1_reprodscen2_4,74000001,136216019968,54325191,54323909,3,1438,scenario2
S1_reprodscen2_4,74000001,136216093184,26657378,26656174,3,1438,scenario2
S1_reprodscen2_4,74000001,136306738688,32237979,32236266,1,1441,scenario2
S1_reprodscen2_4,74000001,136363755264,27109273,27107571,1,1442,scenario2
S1_reprodscen2_4,74000001,136395220480,27421384,27419706,1,1443,scenario2
S1_reprodscen2_4,74000001,136427470848,25436378,25434357,0,1444,scenario2
S1_reprodscen2_4,74000001,136481366528,28128822,28127029,1,1445,scenario2
S1_reprodscen2_4,74000001,136593749760,111393750,111392202,4,1446,scenario2
S1_reprodscen2_4,74000001,136593854208,81715939,81714773,4,1446,scenario2
S1_reprodscen2_4,74000001,136593943040,53609704,53608489,4,1446,scenario2
S1_reprodscen2_4,74000001,136594007040,25536681,25535616,4,1446,scenario2
S1_reprodscen2_4,74000001,136681181952,26961336,26959610,1,1450,scenario2
S1_reprodscen2_4,74000001,136795286016,80827568,80825840,3,1451,scenario2
S1_reprodscen2_4,74000001,136795393024,52682632,52681154,3,1451,scenario2
S1_reprodscen2_4,74000001,136795490304,26214806,26213663,3,1451,scenario2
S1_reprodscen2_4,74000001,136828856064,27814260,27812502,1,1454,scenario2
S1_reprodscen2_4,74000001,136869571840,26326649,26325042,1,1455,scenario2
S1_reprodscen2_4,74000001,137043182848,25728163,25726135,0,1456,scenario2
S1_reprodscen2_4,74000001,137137360384,55679123,55677574,2,1457,scenario2
S1_reprodscen2_4,74000001,137137471488,28302860,28301686,2,1457,scenario2
S1_reprodscen2_4,74000001,137192724736,53778841,53777153,2,1459,scenario2
S1_reprodscen2_4,74000001,137192816640,26797243,26796005,2,1459,scenario2
S1_reprodscen2_4,74000001,137293741312,59267574,59265813,2,1461,scenario2
S1_reprodscen2_4,74000001,137293826304,30015629,30014358,2,1461,scenario2
S1_reprodscen2_4,74000001,137381794048,57854100,57852447,2,1463,scenario2
S1_reprodscen2_4,74000001,137381887232,28620681,28619183,2,1463,scenario2
S1_reprodscen2_4,74000001,137417241344,27851658,27849953,1,1465,scenario2
S1_reprodscen2_4,74000001,137446340352,26762548,26761023,1,1466,scenario2
S1_reprodscen2_4,74000001,137543778304,27953691,27952082,1,1467,scenario2
S1_reprodscen2_4,74000001,137701528832,114546933,114545196,4,1468,scenario2
S1_reprodscen2_4,74000001,137701628160,85286586,85285104,4,1468,scenario2
S1_reprodscen2_4,74000001,137701721856,58655082,58653783,4,1468,scenario2
S1_reprodscen2_4,74000001,137701794048,31002653,31001369,4,1468,scenario2
S1_reprodscen2_4,74000001,137932573184,201694123,201692410,7,1472,scenario2
S1_reprodscen2_4,74000001,137932677376,168651409,168649723,7,1472,scenario2
S1_reprodscen2_4,74000001,137932789504,139462631,139460550,7,1472,scenario2
S1_reprodscen2_4,74000001,137932877312,110635465,110633760,7,1472,scenario2
S1_reprodscen2_4,74000001,137932963072,82013675,82011974,7,1472,scenario2
S1_reprodscen2_4,74000001,137933047040,54128723,54127045,7,1472,scenario2
S1_reprodscen2_4,74000001,137933131264,27470852,27469318,7,1472,scenario2
S1_reprodscen2_4,74000001,138059752704,32525347,32523602,1,1479,scenario2
S1_reprodscen2_4,74000001,138321750016,222429156,222427612,8,1480,scenario2
S1_reprodscen2_4,74000001,138321892608,190720675,190718846,8,1480,scenario2
S1_reprodscen2_4,74000001,138321994752,161841039,161839078,8,1480,scenario2
S1_reprodscen2_4,74000001,138322085632,133330042,133328643,8,1480,scenario2
S1_reprodscen2_4,74000001,138322167808,105824317,105822692,8,1480,scenario2
S1_reprodscen2_4,74000001,138322247680,79245084,79243764,8,1480,scenario2
S1_reprodscen2_4,74000001,138322328832,52603045,52601542,8,1480,scenario2
S1_reprodscen2_4,74000001,138322404864,26899291,26898251,8,1480,scenario2
S1_reprodscen2_4,74000001,138379569408,57093247,57092020,2,1488,scenario2
S1_reprodscen2_4,74000001,138379665664,29425560,29424669,1,1489,scenario2
S1_reprodscen2_4,74000001,138486186240,29731776,29730179,1,1490,scenario2
S1_reprodscen2_4,74000001,138699517184,213201107,213199943,8,1491,scenario2
S1_reprodscen2_4,74000001,138700652288,187563865,187562600,8,1491,scenario2
S1_reprodscen2_4,74000001,138700739072,161292468,161291566,8,1491,scenario2
S1_reprodscen2_4,74000001,138700809472,135005466,135004543,8,1491,scenario2
S1_reprodscen2_4,74000001,138700871680,107871635,107870643,8,1491,scenario2
S1_reprodscen2_4,74000001,138700937728,82041839,82040955,8,1491,scenario2
S1_reprodscen2_4,74000001,138700999168,55367069,55365908,8,1491,scenario2
S1_reprodscen2_4,74000001,138701060096,28180419,28179481,8,1491,scenario2
S1_reprodscen2_4,74000001,138770509824,32092110,32090412,1,1499,scenario2
S1_reprodscen2_4,74000001,138841081088,55460507,55458834,2,1500,scenario2
S1_reprodscen2_4,74000001,138841189120,28528662,28527428,2,1500,scenario2
S1_reprodscen2_4,74000001,139053930496,28908677,28906962,1,1502,scenario2
S1_reprodscen2_4,74000001,139122403328,27145813,27144104,1,1503,scenario2
S1_reprodscen2_4,74000001,139196814080,26325836,26323793,0,1504,scenario2
S1_reprodscen2_4,74000001,139244421632,28773616,28771797,1,1505,scenario2
S1_reprodscen2_4,74000001,139272001280,27006520,27004910,1,1506,scenario2
S1_reprodscen2_4,74000001,139375022848,25891138,25889339,1,1507,scenario2
S1_reprodscen2_4,74000001,139456849152,55484111,55482481,2,1508,scenario2
S1_reprodscen2_4,74000001,139456967424,26741821,26740475,2,1508,scenario2
S1_reprodscen2_4,74000001,139644647936,184894692,184892956,7,1510,scenario2
S1_reprodscen2_4,74000001,139644764160,158876541,158875217,7,1510,scenario2
S1_reprodscen2_4,74000001,139644831488,132961875,132960785,7,1510,scenario2
S1_reprodscen2_4,74000001,139644896256,105865860,105864734,7,1510,scenario2
S1_reprodscen2_4,74000001,139644958464,80040999,80039932,7,1510,scenario2
S1_reprodscen2_4,74000001,139645020928,55127461,55126421,7,1510,scenario2
S1_reprodscen2_4,74000001,139645082368,28380054,28378912,7,1510,scenario2
S1_reprodscen2_4,74000001,139695202048,26955782,26954086,1,1517,scenario2
S1_reprodscen2_4,74000001,139747974912,29537100,29535388,1,1518,scenario2
S1_reprodscen2_4,74000001,139914254080,158430651,158428959,6,1519,scenario2
S1_reprodscen2_4,74000001,139914357760,131232614,131219830,6,1519,scenario2
S1_reprodscen2_4,74000001,139914443008,106431226,106430221,6,1519,scenario2
S1_reprodscen2_4,74000001,139914506240,82882280,82881455,6,1519,scenario2
S1_reprodscen2_4,74000001,139914595584,56100264,56099149,6,1519,scenario2
S1_reprodscen2_4,74000001,139914662144,28949599,28948548,6,1519,scenario2
S1_reprodscen2_4,74000001,140092653056,57771817,57770107,2,1525,scenario2
S1_reprodscen2_4,74000001,140092745472,26804668,26803406,2,1525,scenario2
S1_reprodscen2_4,74000001,140204348672,28001880,28000177,1,1527,scenario2
S1_reprodscen2_4,74000001,140247023616,26437464,26435825,1,1528,scenario2
S1_reprodscen2_4,74000001,140361209600,112528514,112526708,4,1529,scenario2
S1_reprodscen2_4,74000001,140361285888,84069872,84068665,4,1529,scenario2
S1_reprodscen2_4,74000001,140361353728,54868963,54867847,4,1529,scenario2
S1_reprodscen2_4,74000001,140361418496,29322967,29321909,4,1529,scenario2
S1_reprodscen2_4,74000001,140445106688,29477045,29475409,1,1533,scenario2
S1_reprodscen2_4,74000001,140547021312,53034819,53033210,2,1534,scenario2
S1_reprodscen2_4,74000001,140547127040,26245883,26244599,2,1534,scenario2
S1_reprodscen2_4,74000001,140624762880,29384377,29382627,1,1536,scenario2
S1_reprodscen2_4,74000001,140889610496,217042533,217040757,8,1537,scenario2
S1_reprodscen2_4,74000001,140889735168,190254192,190252913,8,1537,scenario2
S1_reprodscen2_4,74000001,140889815552,163812061,163811135,8,1537,scenario2
S1_reprodscen2_4,74000001,140889886208,137223923,137222819,8,1537,scenario2
S1_reprodscen2_4,74000001,140889958400,109319847,109318691,8,1537,scenario2
S1_reprodscen2_4,74000001,140890031616,81396270,81395071,8,1537,scenario2
S1_reprodscen2_4,74000001,140890099968,55530415,55529266,8,1537,scenario2
S1_reprodscen2_4,74000001,140890163968,29350549,29349396,8,1537,scenario2
S1_reprodscen2_4,74000001,140916286720,26060345,26059438,3,1544,scenario2
S1_reprodscen2_4,74000001,140992918016,102692576,76549235,3,1546,scenario2
S1_reprodscen2_4,74000001,140993002240,51075109,51074281,3,1546,scenario2
S1_reprodscen2_4,74000001,140993075200,51148955,25927754,3,1546,scenario2
S1_reprodscen2_4,74000001,141059781888,24547519,24545852,1,1549,scenario2
S1_reprodscen2_4,74000001,141264135168,190843779,190842105,7,1550,scenario2
S1_reprodscen2_4,74000001,141264239104,161531902,161530610,7,1550,scenario2
S1_reprodscen2_4,74000001,141264325120,132546232,132545226,7,1550,scenario2
S1_reprodscen2_4,74000001,141264389376,105893041,105891956,7,1550,scenario2
S1_reprodscen2_4,74000001,141264455168,80955983,80954898,7,1550,scenario2
S1_reprodscen2_4,74000001,141264518656,54045966,54044850,7,1550,scenario2
S1_reprodscen2_4,74000001,141264581376,27154240,27153171,7,1550,scenario2
S1_reprodscen2_4,74000001,141411429888,144734893,144733204,5,1557,scenario2
S1_reprodscen2_4,74000001,141411532544,116358260,116357010,5,1557,scenario2
S1_reprodscen2_4,74000001,141411614464,86936368,86935252,5,1557,scenario2
S1_reprodscen2_4,74000001,141411677952,58855532,58854464,5,1557,scenario2
S1_reprodscen2_4,74000001,141411740416,27902755,27901637,5,1557,scenario2
S1_reprodscen2_4,74000001,141586240000,147497911,147496088,5,1562,scenario2
S1_reprodscen2_4,74000001,141586347008,118992800,118991597,5,1562,scenario2
S1_reprodscen2_4,74000001,141586437120,91051913,91050555,5,1562,scenario2
S1_reprodscen2_4,74000001,141586512384,59086021,59084816,5,1562,scenario2
S1_reprodscen2_4,74000001,141586591232,31006482,31005360,5,1562,scenario2
S1_reprodscen2_4,74000001,141797938432,89290518,89288791,3,1567,scenario2
S1_reprodscen2_4,74000001,141798046464,55833136,55831781,3,1567,scenario2
S1_reprodscen2_4,74000001,141798123008,27203047,27201935,3,1567,scenario2
S1_reprodscen2_4,74000001,141840564480,26361395,26359750,1,1570,scenario2
S1_reprodscen2_4,74000001,141897624320,53281525,53279844,2,1571,scenario2
S1_reprodscen2_4,74000001,141897708032,26314642,26313453,2,1571,scenario2
S1_reprodscen2_4,74000001,142167696128,134834036,134832416,5,1573,scenario2
S1_reprodscen2_4,74000001,142167826432,106042369,106041061,5,1573,scenario2
S1_reprodscen2_4,74000001,142167914752,79702500,79701418,5,1573,scenario2
S1_reprodscen2_4,74000001,142167984896,54298857,54297833,5,1573,scenario2
S1_reprodscen2_4,74000001,142168056320,26182501,26181308,5,1573,scenario2
S1_reprodscen2_4,74000001,142208435456,27562320,27560693,1,1578,scenario2
S1_reprodscen2_4,74000001,142256280320,28176911,28175181,1,1579,scenario2
S1_reprodscen2_4,74000001,142321613824,27325476,27323848,1,1580,scenario2
S1_reprodscen2_4,74000001,142422243840,83736639,83735067,3,1581,scenario2
S1_reprodscen2_4,74000001,142422352896,57017185,57015966,3,1581,scenario2
S1_reprodscen2_4,74000001,142422417152,27197806,27196699,3,1581,scenario2
S1_reprodscen2_4,74000001,142465661440,27511411,27509855,1,1584,scenario2
S1_reprodscen2_4,74000001,142561026048,27586153,27584528,1,1585,scenario2
S1_reprodscen2_4,74000001,142598942720,28220757,28219117,1,1586,scenario2
S1_reprodscen2_4,74000001,142817865216,218800368,218799142,8,1587,scenario2
S1_reprodscen2_4,74000001,142817956096,191044740,191043831,8,1587,scenario2
S1_reprodscen2_4,74000001,142818036992,163686935,163685881,8,1587,scenario2
S1_reprodscen2_4,74000001,142818098944,134816524,134815484,8,1587,scenario2
S1_reprodscen2_4,74000001,142818162688,106908357,106907230,8,1587,scenario2
S1_reprodscen2_4,74000001,142818229760,80364565,80363690,8,1587,scenario2
S1_reprodscen2_4,74000001,142818292224,55118320,55117423,8,1587,scenario2
S1_reprodscen2_4,74000001,142818362112,28800557,28799479,8,1587,scenario2
S1_reprodscen2_4,74000001,142847840256,29415171,29414138,1,1595,scenario2
S1_reprodscen2_4,74000001,142910576896,27241812,27230634,1,1596,scenario2
S1_reprodscen2_4,74000001,143242790144,212237133,212235463,8,1597,scenario2
S1_reprodscen2_4,74000001,143242895104,183226209,183225041,8,1597,scenario2
S1_reprodscen2_4,74000001,143242971392,155398415,155397406,8,1597,scenario2
S1_reprodscen2_4,74000001,143243035136,130127219,130126319,8,1597,scenario2
S1_reprodscen2_4,74000001,143243097088,105065734,105064644,8,1597,scenario2
S1_reprodscen2_4,74000001,143243164160,78507523,78506426,8,1597,scenario2
S1_reprodscen2_4,74000001,143243224064,52069498,52068565,8,1597,scenario2
S1_reprodscen2_4,74000001,143243286016,28102010,28101150,8,1597,scenario2
S1_reprodscen2_4,74000001,143297460992,54113625,54112384,2,1605,scenario2
S1_reprodscen2_4,74000001,143297563904,27359430,27358382,1,1606,scenario2
S1_reprodscen2_4,74000001,143452398336,111812222,111810721,4,1607,scenario2
S1_reprodscen2_4,74000001,143452512256,84525767,84524492,4,1607,scenario2
S1_reprodscen2_4,74000001,143452591360,54615333,54614378,4,1607,scenario2
S1_reprodscen2_4,74000001,143452656128,25749585,25748718,4,1607,scenario2
S1_reprodscen2_4,74000001,143550628352,53256531,53254971,2,1611,scenario2
S1_reprodscen2_4,74000001,143550723328,25773464,25772253,2,1611,scenario2
S1_reprodscen2_4,74000001,143626627328,26848618,26846822,1,1613,scenario2
S1_reprodscen2_4,74000001,143683738112,25717829,25716086,1,1614,scenario2
S1_reprodscen2_4,74000001,143934470912,163234433,163232742,6,1615,scenario2
S1_reprodscen2_4,74000001,143934601472,139308686,139307620,6,1615,scenario2
S1_reprodscen2_4,74000001,143934694144,112504572,112503237,6,1615,scenario2
S1_reprodscen2_4,74000001,143934760192,81844517,81843169,6,1615,scenario2
S1_reprodscen2_4,74000001,143934863872,53142009,53140343,6,1615,scenario2
S1_reprodscen2_4,74000001,143934941696,25670390,25669200,6,1615,scenario2
S1_reprodscen2_4,74000001,144276272896,221660617,221659018,8,1621,scenario2
S1_reprodscen2_4,74000001,144276409856,192524562,192523206,8,1621,scenario2
S1_reprodscen2_4,74000001,144276482816,162729800,162728763,8,1621,scenario2
S1_reprodscen2_4,74000001,144276552960,134741928,134741051,8,1621,scenario2
S1_reprodscen2_4,74000001,144276622080,108424216,108423291,8,1621,scenario2
S1_reprodscen2_4,74000001,144276691456,81714331,81713412,8,1621,scenario2
S1_reprodscen2_4,74000001,144276757760,55750736,55749425,8,1621,scenario2
S1_reprodscen2_4,74000001,144276826880,28564189,28562974,8,1621,scenario2
S1_reprodscen2_4,74000001,144436190208,159298458,159297406,6,1629,scenario2
S1_reprodscen2_4,74000001,144436293120,159402330,132662194,6,1629,scenario2
S1_reprodscen2_4,74000001,144436384256,106842931,106842018,6,1629,scenario2
S1_reprodscen2_4,74000001,144436446720,106905848,82731334,6,1629,scenario2
S1_reprodscen2_4,74000001,144436508160,55118168,55117009,6,1629,scenario2
S1_reprodscen2_4,74000001,144436569088,26248039,26246981,6,1629,scenario2
S1_reprodscen2_4,74000001,144528111616,27942016,27940303,1,1635,scenario2
S1_reprodscen2_4,74000001,144557405952,26634603,26632884,1,1636,scenario2
S1_reprodscen2_4,74000001,144610484992,30436127,30434286,1,1637,scenario2
S1_reprodscen2_4,74000001,144655339264,27041268,27039497,1,1638,scenario2
S1_reprodscen2_4,74000001,144737065984,53545540,53544020,2,1639,scenario2
S1_reprodscen2_4,74000001,144737181952,26747468,26746149,2,1639,scenario2
S1_reprodscen2_4,74000001,144767875072,26631005,26629236,0,1641,scenario2
S1_reprodscen2_4,74000001,144794515456,26509095,26508045,1,1642,scenario2
S1_reprodscen2_4,74000001,144866831872,25348454,25346858,1,1643,scenario2
S1_reprodscen2_4,74000001,144900658688,28056666,28054385,1,1644,scenario2
S1_reprodscen2_4,74000001,145079170560,27321609,27319809,1,1645,scenario2
S1_reprodscen2_4,74000001,145189399808,104376008,104374483,4,1646,scenario2
S1_reprodscen2_4,74000001,145189503488,77363105,77361844,4,1646,scenario2
S1_reprodscen2_4,74000001,145189582336,50741815,50740641,4,1646,scenario2
S1_reprodscen2_4,74000001,145189647360,25508555,25507624,4,1646,scenario2
S1_reprodscen2_4,74000001,145282334208,28652452,28650841,1,1650,scenario2
S1_reprodscen2_4,74000001,145534716928,186905708,186904149,7,1651,scenario2
S1_reprodscen2_4,74000001,145534830848,158689390,158688039,7,1651,scenario2
S1_reprodscen2_4,74000001,145534912000,132482175,132481057,7,1651,scenario2
S1_reprodscen2_4,74000001,145534983168,106825105,106824123,7,1651,scenario2
S1_reprodscen2_4,74000001,145535052032,80810996,80809805,7,1651,scenario2
S1_reprodscen2_4,74000001,145535121408,54622418,54621471,7,1651,scenario2
S1_reprodscen2_4,74000001,145535189760,27552599,27551602,7,1651,scenario2
S1_reprodscen2_4,74000001,145710791168,134443216,134441517,5,1658,scenario2
S1_reprodscen2_4,74000001,145710865152,109034897,109033712,5,1658,scenario2
S1_reprodscen2_4,74000001,145710932992,84790823,84789957,5,1658,scenario2
S1_reprodscen2_4,74000001,145710997504,58048320,58047288,5,1658,scenario2
S1_reprodscen2_4,74000001,145711060224,28250423,28249287,5,1658,scenario2
S1_reprodscen2_4,74000001,145783138048,26835050,26833373,1,1663,scenario2
S1_reprodscen2_4,74000001,145945768704,139255536,139253823,5,1664,scenario2
S1_reprodscen2_4,74000001,145945874688,112210740,112209601,5,1664,scenario2
S1_reprodscen2_4,74000001,145945956352,84768377,84767432,5,1664,scenario2
S1_reprodscen2_4,74000001,145946025216,57255305,57254439,5,1664,scenario2
S1_reprodscen2_4,74000001,145946087424,27378764,27377695,5,1664,scenario2
S1_reprodscen2_4,74000001,146094074624,84554115,84552444,3,1669,scenario2
S1_reprodscen2_4,74000001,146094203648,54626852,54625602,3,1669,scenario2
S1_reprodscen2_4,74000001,146094286592,25819559,25818407,3,1669,scenario2
S1_reprodscen2_4,74000001,146150048000,53931036,53929389,2,1672,scenario2
S1_reprodscen2_4,74000001,146150141952,26804183,26803024,2,1672,scenario2
S1_reprodscen2_4,74000001,146222957056,28377648,28375995,1,1674,scenario2
S1_reprodscen2_4,74000001,146301108224,25370125,25368480,1,1675,scenario2
S1_reprodscen2_4,74000001,146391714816,25752536,25750900,1,1676,scenario2
S1_reprodscen2_4,74000001,146429083648,25923364,25921280,0,1677,scenario2
S1_reprodscen2_4,74000001,146636982016,207762534,207761329,8,1678,scenario2
S1_reprodscen2_4,74000001,146637067520,181693837,181692766,8,1678,scenario2
S1_reprodscen2_4,74000001,146637132800,155159321,155158305,8,1678,scenario2
S1_reprodscen2_4,74000001,146637198336,128933895,128932944,8,1678,scenario2
S1_reprodscen2_4,74000001,146637260032,104443339,104442460,8,1678,scenario2
S1_reprodscen2_4,74000001,146637320960,77202278,77201373,8,1678,scenario2
S1_reprodscen2_4,74000001,146637382400,49645362,49644465,8,1678,scenario2
S1_reprodscen2_4,74000001,146637445376,24308083,24307192,8,1678,scenario2
S1_reprodscen2_4,74000001,146668573184,31066465,31065269,1,1686,scenario2
S1_reprodscen2_4,74000001,146751276288,80204841,80203342,3,1687,scenario2
S1_reprodscen2_4,74000001,146751378944,52151152,52149938,3,1687,scenario2
S1_reprodscen2_4,74000001,146751471360,24689139,24688014,3,1687,scenario2
S1_reprodscen2_4,74000001,146789206016,27526190,27524496,1,1690,scenario2
S1_reprodscen2_4,74000001,146860035840,26098108,26096415,1,1691,scenario2
S1_reprodscen2_4,74000001,146930507264,25325369,25323737,1,1692,scenario2
S1_reprodscen2_4,74000001,147127948288,27571255,27569652,1,1693,scenario2
S1_reprodscen2_4,74000001,147268423680,27822142,27820413,1,1694,scenario2
S1_reprodscen2_4,74000001,147328239872,57430990,57429295,2,1695,scenario2
S1_reprodscen2_4,74000001,147328340480,28656770,28654833,2,1695,scenario2
S1_reprodscen2_4,74000001,147415137792,27968317,27966644,1,1697,scenario2
S1_reprodscen2_4,74000001,147648303872,217925283,217923516,8,1698,scenario2
S1_reprodscen2_4,74000001,147648411392,191123578,191122339,8,1698,scenario2
S1_reprodscen2_4,74000001,147648482048,164645290,164644282,8,1698,scenario2
S1_reprodscen2_4,74000001,147648551424,138621670,138620418,8,1698,scenario2
S1_reprodscen2_4,74000001,147648621824,110977627,110976369,8,1698,scenario2
S1_reprodscen2_4,74000001,147648691456,83565902,83564658,8,1698,scenario2
S1_reprodscen2_4,74000001,147648767232,56850264,56849129,8,1698,scenario2
S1_reprodscen2_4,74000001,147648846592,29178020,29176863,8,1698,scenario2
S1_reprodscen2_4,74000001,147756364032,107446299,107445106,4,1706,scenario2
S1_reprodscen2_4,74000001,147784556800,135640409,107088739,5,1706,scenario2
S1_reprodscen2_4,74000001,147784628736,79795647,79794407,5,1706,scenario2
S1_reprodscen2_4,74000001,147784747520,79915271,54514563,5,1706,scenario2
S1_reprodscen2_4,74000001,147810069504,53557604,53556275,5,1708,scenario2
S1_reprodscen2_4,74000001,147943572480,158742653,158741634,6,1711,scenario2
S1_reprodscen2_4,74000001,147943656448,133457074,133455986,6,1711,scenario2
S1_reprodscen2_4,74000001,147943765760,105168616,105166850,6,1711,scenario2
S1_reprodscen2_4,74000001,147943833856,78899116,78897899,6,1711,scenario2
S1_reprodscen2_4,74000001,147943905792,51641466,51640441,6,1711,scenario2
S1_reprodscen2_4,74000001,147943981824,25461407,25460250,6,1711,scenario2
S1_reprodscen2_4,74000001,148076541440,53336505,53334885,2,1717,scenario2
S1_reprodscen2_4,74000001,148076640512,25488065,25486826,2,1717,scenario2
S1_reprodscen2_4,74000001,148130579968,53836031,53834816,2,1719,scenario2
S1_reprodscen2_4,74000001,148130679040,27252218,27251124,2,1719,scenario2
S1_reprodscen2_4,74000001,148177216512,30173813,30171989,1,1721,scenario2
S1_reprodscen2_4,74000001,148208462080,27098000,27096365,1,1722,scenario2
S1_reprodscen2_4,74000001,148272819200,28173042,28171062,0,1723,scenario2
S1_reprodscen2_4,74000001,148324564992,51599027,51597699,2,1724,scenario2
S1_reprodscen2_4,74000001,148324640512,26407949,26406829,2,1724,scenario2
S1_reprodscen2_4,74000001,148401489152,27320366,27318775,1,1726,scenario2
S1_reprodscen2_4,74000001,148491607808,26104543,26102550,1,1727,scenario2
S1_reprodscen2_4,74000001,148706112000,196446041,196444452,7,1728,scenario2
S1_reprodscen2_4,74000001,148706221568,169530596,169529354,7,1728,scenario2
S1_reprodscen2_4,74000001,148706287872,139000867,138999827,7,1728,scenario2
S1_reprodscen2_4,74000001,148706350592,111340366,111339336,7,1728,scenario2
S1_reprodscen2_4,74000001,148706412544,83241051,83239913,7,1728,scenario2
S1_reprodscen2_4,74000001,148706479616,55381891,55380987,7,1728,scenario2
S1_reprodscen2_4,74000001,148706550272,27783167,27782056,7,1728,scenario2
S1_reprodscen2_4,74000001,148754215680,28157432,28155605,1,1735,scenario2
S1_reprodscen2_4,74000001,148866384896,80140995,80139329,3,1736,scenario2
S1_reprodscen2_4,74000001,148866499584,54220376,54219262,2,1737,scenario2
S1_reprodscen2_4,74000001,148866578176,28231172,28230233,2,1737,scenario2
S1_reprodscen2_4,74000001,148944173824,54282077,54280443,2,1739,scenario2
S1_reprodscen2_4,74000001,148944286976,27389525,27388292,2,1739,scenario2
S1_reprodscen2_4,74000001,149274213888,214927849,214926298,8,1741,scenario2
S1_reprodscen2_4,74000001,149274327808,186922851,186909112,8,1741,scenario2
S1_reprodscen2_4,74000001,149274396160,158531424,158530494,8,1741,scenario2
S1_reprodscen2_4,74000001,149274459648,132512223,132511325,8,1741,scenario2
S1_reprodscen2_4,74000001,149274522368,106198314,106197433,8,1741,scenario2
S1_reprodscen2_4,74000001,149274595840,79554675,79553595,8,1741,scenario2
S1_reprodscen2_4,74000001,149274661632,54183750,54182762,8,1741,scenario2
S1_reprodscen2_4,74000001,149274739968,26771407,26770348,8,1741,scenario2
S1_reprodscen2_4,74000001,149377068800,86203099,86201575,3,1749,scenario2
S1_reprodscen2_4,74000001,149377163520,55390981,55389856,3,1749,scenario2
S1_reprodscen2_4,74000001,149377230336,29073541,29072585,3,1749,scenario2
S1_reprodscen2_4,74000001,149540611584,155199579,155198043,6,1752,scenario2
S1_reprodscen2_4,74000001,149540716032,129205776,129204643,6,1752,scenario2
S1_reprodscen2_4,74000001,149540808960,101653809,101652853,6,1752,scenario2
S1_reprodscen2_4,74000001,149540872448,76609704,76608837,6,1752,scenario2
S1_reprodscen2_4,74000001,149540934144,51056179,51055306,6,1752,scenario2
S1_reprodscen2_4,74000001,149540996096,25512444,25511503,6,1752,scenario2
S1_reprodscen2_4,74000001,149579762432,29947068,29945574,1,1758,scenario2
S1_reprodscen2_4,74000001,149707109888,26127384,26125823,1,1759,scenario2
S1_reprodscen2_4,74000001,149764202752,26034568,26032798,1,1760,scenario2
S1_reprodscen2_4,74000001,149802503168,27147121,27145371,1,1761,scenario2
S1_reprodscen2_4,74000001,149840111616,26545993,26544343,1,1762,scenario2
S1_reprodscen2_4,74000001,149912546304,50567023,50565532,2,1763,scenario2
S1_reprodscen2_4,74000001,149912648704,26508012,26506880,2,1763,scenario2
S1_reprodscen2_4,74000001,150070747648,24410886,24409190,1,1765,scenario2
S1_reprodscen2_4,74000001,150406124288,230526058,230524205,8,1766,scenario2
S1_reprodscen2_4,74000001,150406243328,202162612,202161191,8,1766,scenario2
S1_reprodscen2_4,74000001,150406325760,171826245,171824669,8,1766,scenario2
S1_reprodscen2_4,74000001,150406404864,143097044,143095650,8,1766,scenario2
S1_reprodscen2_4,74000001,150406487296,114008213,114006765,8,1766,scenario2
S1_reprodscen2_4,74000001,150406591232,87034064,87032049,8,1766,scenario2
S1_reprodscen2_4,74000001,150406668544,58177967,58176528,8,1766,scenario2
S1_reprodscen2_4,74000001,150406743296,28392270,28390999,8,1766,scenario2
S1_reprodscen2_4,74000001,150489624832,82806602,82805505,3,1774,scenario2
S1_reprodscen2_4,74000001,150489734912,82917945,54855307,3,1774,scenario2
S1_reprodscen2_4,74000001,150515122944,52071662,52070725,4,1774,scenario2
S1_reprodscen2_4,74000001,150620586496,130740251,130738975,5,1777,scenario2
S1_reprodscen2_4,74000001,150670976256,155729822,155728871,6,1778,scenario2
S1_reprodscen2_4,74000001,150671045888,130109622,130108622,6,1778,scenario2
S1_reprodscen2_4,74000001,150671154944,104712594,104711666,6,1778,scenario2
S1_reprodscen2_4,74000001,150671219456,76641081,76640013,6,1778,scenario2
S1_reprodscen2_4,74000001,150671286016,50590637,50589531,6,1778,scenario2
S1_reprodscen2_4,74000001,150671351552,25467318,25466391,6,1778,scenario2
S1_reprodscen2_4,74000001,150822753024,53170954,53169523,2,1784,scenario2
S1_reprodscen2_4,74000001,150822861056,25469921,25468737,2,1784,scenario2
S1_reprodscen2_4,74000001,150855959552,26992732,26991317,1,1786,scenario2
S1_reprodscen2_4,74000001,150905499136,24341006,24339461,1,1787,scenario2
S1_reprodscen2_4,74000001,150947816192,24397445,24395988,1,1788,scenario2
S1_reprodscen2_4,74000001,151091704320,27145945,27144237,1,1789,scenario2
S1_reprodscen2_4,74000001,151326951680,187083463,187081927,7,1790,scenario2
S1_reprodscen2_4,74000001,151381627392,215682612,215681491,8,1791,scenario2
S1_reprodscen2_4,74000001,151381721344,189615492,189614468,8,1791,scenario2
S1_reprodscen2_4,74000001,151381814784,163852730,163851952,8,1791,scenario2
S1_reprodscen2_4,74000001,151381878272,136715681,136714783,8,1791,scenario2
S1_reprodscen2_4,74000001,151381940480,110885295,110884405,8,1791,scenario2
S1_reprodscen2_4,74000001,151382010880,82840259,82839285,8,1791,scenario2
S1_reprodscen2_4,74000001,151382078464,54994159,54992890,8,1791,scenario2
S1_reprodscen2_4,74000001,151382140928,27742796,27741843,8,1791,scenario2
S1_reprodscen2_4,74000001,151426196480,29558044,29556595,1,1799,scenario2
S1_reprodscen2_4,74000001,151462778880,23947652,23946113,1,1800,scenario2
S1_reprodscen2_4,74000001,151574987008,56049541,56047649,2,1801,scenario2
S1_reprodscen2_4,74000001,151575079168,27236737,27235550,2,1801,scenario2
S1_reprodscen2_4,74000001,151679934976,84601102,84599546,3,1803,scenario2
S1_reprodscen2_4,74000001,151680027392,55212372,55211055,3,1803,scenario2
S1_reprodscen2_4,74000001,151680156672,27578268,27576993,3,1803,scenario2
S1_reprodscen2_4,74000001,151767079424,30253682,30252020,1,1806,scenario2
S1_reprodscen2_4,74000001,151933803008,161662939,161661401,6,1807,scenario2
S1_reprodscen2_4,74000001,151933924352,133111561,133110139,6,1807,scenario2
S1_reprodscen2_4,74000001,151934007040,105340882,105339726,6,1807,scenario2
S1_reprodscen2_4,74000001,151934070528,78586963,78585968,6,1807,scenario2
S1_reprodscen2_4,74000001,151934136832,53239966,53239055,6,1807,scenario2
S1_reprodscen2_4,74000001,151934202624,26663395,26662363,6,1807,scenario2
S1_reprodscen2_4,74000001,152143547136,26205099,26192941,1,1813,scenario2
S1_reprodscen2_4,74000001,152206302976,52785039,52783412,2,1814,scenario2
S1_reprodscen2_4,74000001,152206408704,25615782,25614391,2,1814,scenario2
S1_reprodscen2_4,74000001,152276804096,24879531,24878042,1,1816,scenario2
S1_reprodscen2_4,74000001,152314580480,25410446,25408774,1,1817,scenario2
S1_reprodscen2_4,74000001,152411680256,25161626,25160179,1,1818,scenario2
S1_reprodscen2_4,74000001,152463674112,28173494,28171654,0,1819,scenario2
S1_reprodscen2_4,74000001,152533650944,23939827,23938377,1,1820,scenario2
S1_reprodscen2_4,74000001,152753623552,213688916,213687175,8,1821,scenario2
S1_reprodscen2_4,74000001,152753725440,186374767,186373766,8,1821,scenario2
S1_reprodscen2_4,74000001,152753814272,159695770,159694758,8,1821,scenario2
S1_reprodscen2_4,74000001,152753882112,133200179,133199337,8,1821,scenario2
S1_reprodscen2_4,74000001,152753945600,107465246,107464299,8,1821,scenario2
S1_reprodscen2_4,74000001,152754011136,80815833,80814897,8,1821,scenario2
S1_reprodscen2_4,74000001,152754073344,52140296,52139386,8,1821,scenario2
S1_reprodscen2_4,74000001,152754138624,26393153,26392079,8,1821,scenario2
S1_reprodscen2_4,74000001,152890712832,136510802,136510008,5,1829,scenario2
S1_reprodscen2_4,74000001,152890825984,136625027,106305647,5,1829,scenario2
S1_reprodscen2_4,74000001,152890895360,79521732,79520772,5,1829,scenario2
S1_reprodscen2_4,74000001,152917109504,105736628,78869647,6,1829,scenario2
S1_reprodscen2_4,74000001,152917210880,53009395,53008487,6,1829,scenario2
S1_reprodscen2_4,74000001,152917308160,26331858,26330842,5,1830,scenario2
S1_reprodscen2_4,74000001,152969119488,51730741,51729744,2,1835,scenario2
S1_reprodscen2_4,74000001,152969196800,25782487,25781658,2,1835,scenario2
S1_reprodscen2_4,74000001,153079220992,30272583,30270983,1,1837,scenario2
S1_reprodscen2_4,74000001,153112244736,24051037,24049367,1,1838,scenario2
S1_reprodscen2_4,74000001,153175589376,52151961,52150249,2,1839,scenario2
S1_reprodscen2_4,74000001,153175697408,24960941,24959649,2,1839,scenario2
S1_reprodscen2_4,74000001,153207825664,26889039,26887351,1,1841,scenario2
S1_reprodscen2_4,74000001,153297334272,53124678,53123169,2,1842,scenario2
S1_reprodscen2_4,74000001,153297441536,25787418,25786245,2,1842,scenario2
S1_reprodscen2_4,74000001,153530367744,161654654,161653285,6,1844,scenario2
S1_reprodscen2_4,74000001,153530463488,129999615,129998444,6,1844,scenario2
S1_reprodscen2_4,74000001,153530593792,103598270,103597253,6,1844,scenario2
S1_reprodscen2_4,74000001,153530674688,79880656,79879618,6,1844,scenario2
S1_reprodscen2_4,74000001,153530755584,52398978,52397976,6,1844,scenario2
S1_reprodscen2_4,74000001,153530839808,26031452,26030519,6,1844,scenario2
S1_reprodscen2_4,74000001,153607333120,30294015,30292371,1,1850,scenario2
S1_reprodscen2_4,74000001,153850459648,211172729,211171245,8,1851,scenario2
S1_reprodscen2_4,74000001,153850565888,185537844,185536713,8,1851,scenario2
S1_reprodscen2_4,74000001,153850667776,159160144,159159053,8,1851,scenario2
S1_reprodscen2_4,74000001,153850743552,133270370,133269338,8,1851,scenario2
S1_reprodscen2_4,74000001,153850816256,107449293,107448157,8,1851,scenario2
S1_reprodscen2_4,74000001,153850887424,80004946,80004005,8,1851,scenario2
S1_reprodscen2_4,74000001,153850962176,52800756,52799637,8,1851,scenario2
S1_reprodscen2_4,74000001,153851033088,25855845,25854918,8,1851,scenario2
S1_reprodscen2_4,74000001,153890714112,32779496,32778178,1,1859,scenario2
S1_reprodscen2_4,74000001,153948228096,25881524,25879969,0,1860,scenario2
S1_reprodscen2_4,74000001,154117057792,53316129,53314598,2,1861,scenario2
S1_reprodscen2_4,74000001,154117167616,26856344,26855056,2,1861,scenario2
S1_reprodscen2_4,74000001,154315414784,155378184,155376778,6,1863,scenario2
S1_reprodscen2_4,74000001,154315504896,129135556,129134561,6,1863,scenario2
S1_reprodscen2_4,74000001,154315624704,104170961,104169975,6,1863,scenario2
S1_reprodscen2_4,74000001,154315699968,77918256,77917266,6,1863,scenario2
S1_reprodscen2_4,74000001,154315774208,51498524,51497578,6,1863,scenario2
S1_reprodscen2_4,74000001,154315845120,26295356,26294473,6,1863,scenario2
S1_reprodscen2_4,74000001,154482120704,161010154,161008825,6,1869,scenario2
S1_reprodscen2_4,74000001,154482213120,134095224,134094081,6,1869,scenario2
S1_reprodscen2_4,74000001,154482285312,108696105,108695169,6,1869,scenario2
S1_reprodscen2_4,74000001,154482356736,80629550,80628379,6,1869,scenario2
S1_reprodscen2_4,74000001,154482430720,52334911,52333893,6,1869,scenario2
S1_reprodscen2_4,74000001,154482501632,25330708,25329482,6,1869,scenario2
S1_reprodscen2_4,74000001,154512285440,27238920,27237681,1,1875,scenario2
S1_reprodscen2_4,74000001,154853681152,182334347,182332897,7,1876,scenario2
S1_reprodscen2_4,74000001,154853785344,155338640,155337526,7,1876,scenario2
S1_reprodscen2_4,74000001,154853871360,129209007,129207986,7,1876,scenario2
S1_reprodscen2_4,74000001,154853939712,102839343,102838278,7,1876,scenario2
S1_reprodscen2_4,74000001,154854007552,78208877,78208021,7,1876,scenario2
S1_reprodscen2_4,74000001,154854072576,51017544,51016627,7,1876,scenario2
S1_reprodscen2_4,74000001,154854135296,26266818,26265974,7,1876,scenario2
S1_reprodscen2_4,74000001,154947168512,51068979,51067527,2,1883,scenario2
S1_reprodscen2_4,74000001,154947273984,25358314,25357115,2,1883,scenario2
S1_reprodscen2_4,74000001,155149089792,78743209,78741930,3,1885,scenario2
S1_reprodscen2_4,74000001,155149191680,51140848,51139628,3,1885,scenario2
S1_reprodscen2_4,74000001,155149303552,25696806,25695840,3,1885,scenario2
S1_reprodscen2_4,74000001,155283590144,26727451,26725955,1,1888,scenario2
S1_reprodscen2_4,74000001,155500442368,216715357,216714109,8,1889,scenario2
S1_reprodscen2_4,74000001,155500515328,189505613,189504746,8,1889,scenario2
S1_reprodscen2_4,74000001,155500628480,160537659,160536588,8,1889,scenario2
S1_reprodscen2_4,74000001,155500697344,133534174,133533174,8,1889,scenario2
S1_reprodscen2_4,74000001,155500761088,105252144,105251093,8,1889,scenario2
S1_reprodscen2_4,74000001,155500831232,77350251,77349315,8,1889,scenario2
S1_reprodscen2_4,74000001,155500904704,51740767,51739942,8,1889,scenario2
S1_reprodscen2_4,74000001,155500969984,25552301,25551370,8,1889,scenario2
S1_reprodscen2_4,74000001,155577102848,76063513,76062695,3,1897,scenario2
S1_reprodscen2_4,74000001,155577184512,76146189,49606230,3,1897,scenario2
S1_reprodscen2_4,74000001,155604139776,52483306,52482459,2,1899,scenario2
S1_reprodscen2_4,74000001,155604222720,26920295,26919256,2,1899,scenario2
S1_reprodscen2_4,74000001,155661224704,27353984,27352388,1,1901,scenario2
S1_reprodscen2_4,74000001,155710160896,24995156,24992342,1,1902,scenario2
S1_reprodscen2_4,74000001,155779592192,26502317,26500750,1,1903,scenario2
S1_reprodscen2_4,74000001,156040323584,128055777,128054342,5,1904,scenario2
S1_reprodscen2_4,74000001,156040431616,103180182,103178942,5,1904,scenario2
S1_reprodscen2_4,74000001,156040523264,78008770,78007767,5,1904,scenario2
S1_reprodscen2_4,74000001,156040588288,53475549,53474699,5,1904,scenario2
S1_reprodscen2_4,74000001,156040653312,27072079,27071206,5,1904,scenario2
S1_reprodscen2_4,74000001,156102335744,31767779,31766481,1,1909,scenario2
S1_reprodscen2_4,74000001,156146214144,26481505,26479782,1,1910,scenario2
S1_reprodscen2_4,74000001,156176245504,26330640,26328980,1,1911,scenario2
S1_reprodscen2_4,74000001,156260565248,80457532,80455815,3,1912,scenario2
S1_reprodscen2_4,74000001,156260669696,52715218,52714015,3,1912,scenario2
S1_reprodscen2_4,74000001,156260758528,26398963,26397803,3,1912,scenario2
S1_reprodscen2_4,74000001,156289623040,27927661,27925980,1,1915,scenario2
S1_reprodscen2_4,74000001,156358701568,52712623,52710916,2,1916,scenario2
S1_reprodscen2_4,74000001,156358799360,26678519,26677214,2,1916,scenario2
S1_reprodscen2_4,74000001,156515055104,140747250,140745692,5,1918,scenario2
S1_reprodscen2_4,74000001,156515096832,113473319,113472189,5,1918,scenario2
S1_reprodscen2_4,74000001,156515130368,82223808,82222905,5,1918,scenario2
S1_reprodscen2_4,74000001,156515154944,54490155,54489347,5,1918,scenario2
S1_reprodscen2_4,74000001,156515188736,26965694,26964963,5,1918,scenario2
S1_reprodscen2_4,74000001,156596405760,28167927,28164915,0,1923,scenario2
S1_reprodscen2_4,74000001,156625444608,28894956,28893534,1,1924,scenario2
S1_reprodscen2_4,74000001,156691696384,30131992,30130226,1,1925,scenario2
S1_reprodscen2_4,74000001,156724767232,30002973,30001381,1,1926,scenario2
S1_reprodscen2_4,74000001,156831207936,81234873,81233254,3,1927,scenario2
S1_reprodscen2_4,74000001,156831294208,52873336,52872192,3,1927,scenario2
S1_reprodscen2_4,74000001,156831393792,24877750,24876631,3,1927,scenario2
S1_reprodscen2_4,74000001,156893327872,52658730,52657391,2,1930,scenario2
S1_reprodscen2_4,74000001,156893402368,26076701,26075684,2,1930,scenario2
S1_reprodscen2_4,74000001,156928471808,24347885,24346310,1,1932,scenario2
S1_reprodscen2_4,74000001,157145241088,78935243,78933589,3,1933,scenario2
S1_reprodscen2_4,74000001,157145339136,52338756,52337569,3,1933,scenario2
S1_reprodscen2_4,74000001,157145412352,27194048,27193194,3,1933,scenario2
S1_reprodscen2_4,74000001,157339328768,170338114,170336343,6,1936,scenario2
S1_reprodscen2_4,74000001,157339414272,142325012,142323725,6,1936,scenario2
S1_reprodscen2_4,74000001,157339494656,113189416,113188452,6,1936,scenario2
S1_reprodscen2_4,74000001,157339561472,83564908,83563916,6,1936,scenario2
S1_reprodscen2_4,74000001,157339624448,55697011,55696070,6,1936,scenario2
S1_reprodscen2_4,74000001,157339699456,28580640,28579495,6,1936,scenario2
S1_reprodscen2_4,74000001,157395967232,25746815,25745376,1,1942,scenario2
S1_reprodscen2_4,74000001,157422441728,25974427,25972985,1,1943,scenario2
S1_reprodscen2_4,74000001,157452973056,27367994,27366291,1,1944,scenario2
S1_reprodscen2_4,74000001,157544389632,24571665,24570040,1,1945,scenario2
S1_reprodscen2_4,74000001,157576965888,29969813,29968103,1,1946,scenario2
S1_reprodscen2_4,74000001,157616102912,24863103,24861472,1,1947,scenario2
S1_reprodscen2_4,74000001,157659713280,25275807,25274266,1,1948,scenario2
S1_reprodscen2_4,74000001,157734350592,29742436,29740823,1,1949,scenario2
S1_reprodscen2_4,74000001,157818947840,73074931,73073489,3,1950,scenario2
S1_reprodscen2_4,74000001,157819055360,47809135,47807805,3,1950,scenario2
S1_reprodscen2_4,74000001,157819148288,24026920,24025967,3,1950,scenario2
S1_reprodscen2_4,74000001,157875671808,24073504,24071440,1,1953,scenario2
S1_reprodscen2_4,74000001,157982155776,81247700,81245751,3,1954,scenario2
S1_reprodscen2_4,74000001,157982285056,52910183,52908620,3,1954,scenario2
S1_reprodscen2_4,74000001,157982386944,27685374,27683834,3,1954,scenario2
S1_reprodscen2_4,74000001,158147497728,54222465,54220828,2,1957,scenario2
S1_reprodscen2_4,74000001,158147602432,26790128,26788906,2,1957,scenario2
S1_reprodscen2_4,74000001,158213730048,55106906,55105251,2,1959,scenario2
S1_reprodscen2_4,74000001,158213836288,26841615,26840337,2,1959,scenario2
S1_reprodscen2_4,74000001,158380710656,141662129,141660079,5,1961,scenario2
S1_reprodscen2_4,74000001,158380831488,107356477,107355178,5,1961,scenario2
S1_reprodscen2_4,74000001,158380911616,80218600,80217710,5,1961,scenario2
S1_reprodscen2_4,74000001,158380975872,52766012,52764970,5,1961,scenario2
S1_reprodscen2_4,74000001,158381042176,27614785,27613876,5,1961,scenario2
S1_reprodscen2_4,74000001,158518211584,80061749,80060136,3,1966,scenario2
S1_reprodscen2_4,74000001,158518301952,52675670,52674415,3,1966,scenario2
S1_reprodscen2_4,74000001,158518374656,26409114,26408110,3,1966,scenario2
S1_reprodscen2_4,74000001,158579585536,28767752,28766356,1,1969,scenario2
S1_reprodscen2_4,74000001,158735450624,155741502,155740370,6,1970,scenario2
S1_reprodscen2_4,74000001,158735524096,130910166,130909312,6,1970,scenario2
S1_reprodscen2_4,74000001,158735618304,104788313,104787314,6,1970,scenario2
S1_reprodscen2_4,74000001,158735707648,79026932,79025946,6,1970,scenario2
S1_reprodscen2_4,74000001,158735774208,52446404,52445502,6,1970,scenario2
S1_reprodscen2_4,74000001,158735836672,25693257,25692160,6,1970,scenario2
S1_reprodscen2_4,74000001,158788236800,27899520,27897862,1,1976,scenario2
S1_reprodscen2_4,74000001,158838558976,28994360,28992530,1,1977,scenario2
S1_reprodscen2_4,74000001,158903451136,55717294,55715651,2,1978,scenario2
S1_reprodscen2_4,74000001,158903563776,27136248,27134961,2,1978,scenario2
S1_reprodscen2_4,74000001,158931277056,27141089,27139384,1,1980,scenario2
S1_reprodscen2_4,74000001,159103298816,24848111,24846564,1,1981,scenario2
S1_reprodscen2_4,74000001,159265409280,24878950,24877309,1,1982,scenario2
S1_reprodscen2_4,74000001,159295427072,26689167,26687562,1,1983,scenario2
S1_reprodscen2_4,74000001,159338601472,25659510,25657843,1,1984,scenario2
S1_reprodscen2_4,74000001,159363620352,24410167,24408805,1,1985,scenario2
S1_reprodscen2_4,74000001,159416910592,26595804,26594117,1,1986,scenario2
S1_reprodscen2_4,74000001,159477492992,56978226,56976529,2,1987,scenario2
S1_reprodscen2_4,74000001,159477587200,29262428,29261107,2,1987,scenario2
S1_reprodscen2_4,74000001,159508519936,28489203,28487673,1,1989,scenario2
S1_reprodscen2_4,74000001,159627452416,79109775,79108173,3,1990,scenario2
S1_reprodscen2_4,74000001,159627555328,52700835,52687305,3,1990,scenario2
S1_reprodscen2_4,74000001,159627629568,26586507,26585558,3,1990,scenario2
S1_reprodscen2_4,74000001,159724875776,27804087,27802430,1,1993,scenario2
S1_reprodscen2_4,74000001,159988442624,183090206,183088679,7,1994,scenario2
S1_reprodscen2_4,74000001,160039156224,206299994,206298836,8,1995,scenario2
S1_reprodscen2_4,74000001,160039286784,181217646,181216635,8,1995,scenario2
S1_reprodscen2_4,74000001,160039367936,154297841,154296946,8,1995,scenario2
S1_reprodscen2_4,74000001,160039445760,128225176,128224275,8,1995,scenario2
S1_reprodscen2_4,74000001,160039519744,102526999,102526007,8,1995,scenario2
S1_reprodscen2_4,74000001,160039589376,76701755,76700792,8,1995,scenario2
S1_reprodscen2_4,74000001,160039654912,51101181,51100007,8,1995,scenario2
S1_reprodscen2_4,74000001,160039731456,25142551,25141577,8,1995,scenario2
S1_reprodscen2_4,74000001,160096133632,56331278,56330354,2,2003,scenario2
S1_reprodscen2_4,74000001,160096203264,56401996,27844737,2,2003,scenario2
S1_reprodscen2_4,74000001,160219054592,103135016,103133345,4,2005,scenario2
S1_reprodscen2_4,74000001,160219158016,76429065,76427776,4,2005,scenario2
S1_reprodscen2_4,74000001,160219242752,51563567,51562407,4,2005,scenario2
S1_reprodscen2_4,74000001,160219310592,25857841,25845242,4,2005,scenario2
S1_reprodscen2_4,74000001,160300060672,57245236,57243612,2,2009,scenario2
S1_reprodscen2_4,74000001,160485187328,213828596,213827251,8,2010,scenario2
S1_reprodscen2_4,74000001,160485278976,185088412,185087220,8,2010,scenario2
S1_reprodscen2_4,74000001,160485363968,160011009,160009983,8,2010,scenario2
S1_reprodscen2_4,74000001,160485427456,132271899,132270798,8,2010,scenario2
S1_reprodscen2_4,74000001,160485490688,106096661,106095561,8,2010,scenario2
S1_reprodscen2_4,74000001,160485552128,79756615,79755747,8,2010,scenario2
S1_reprodscen2_4,74000001,160485614336,53062907,53061841,8,2010,scenario2
S1_reprodscen2_4,74000001,160485681152,27104369,27103218,8,2010,scenario2
S1_reprodscen2_4,74000001,160539235840,53491332,53490427,2,2018,scenario2
S1_reprodscen2_4,74000001,160539344896,53601477,26364399,2,2018,scenario2
S1_reprodscen2_4,74000001,160811829760,191771694,191770096,7,2020,scenario2
S1_reprodscen2_4,74000001,160811913984,165160008,165158839,7,2020,scenario2
S1_reprodscen2_4,74000001,160811982336,138140192,138139109,7,2020,scenario2
S1_reprodscen2_4,74000001,160812047104,112059192,112058142,7,2020,scenario2
S1_reprodscen2_4,74000001,160812111616,85330971,85330000,7,2020,scenario2
S1_reprodscen2_4,74000001,160812194304,58307349,58306247,7,2020,scenario2
S1_reprodscen2_4,74000001,160812261888,29023370,29022240,7,2020,scenario2
S1_reprodscen2_4,74000001,160967919360,27888259,27886854,1,2027,scenario2
S1_reprodscen2_4,74000001,161201823744,26691235,26689722,1,2028,scenario2
S1_reprodscen2_4,74000001,161249251072,24872864,24871141,1,2029,scenario2
S1_reprodscen2_4,74000001,161280790272,27293089,27291386,1,2030,scenario2
S1_reprodscen2_4,74000001,161312178176,26443798,26442145,1,2031,scenario2
S1_reprodscen2_4,74000001,161344259584,27308196,27306601,1,2032,scenario2
S1_reprodscen2_4,74000001,161424612608,27367308,27365731,1,2033,scenario2
S1_reprodscen2_4,74000001,161694029568,206566117,206564487,8,2034,scenario2
S1_reprodscen2_4,74000001,161694128896,180426497,180425295,8,2034,scenario2
S1_reprodscen2_4,74000001,161694245888,154652863,154651768,8,2034,scenario2
S1_reprodscen2_4,74000001,161694322432,129208879,129207959,8,2034,scenario2
S1_reprodscen2_4,74000001,161694397952,103867670,103866611,8,2034,scenario2
S1_reprodscen2_4,74000001,161694473216,77124680,77123492,8,2034,scenario2
S1_reprodscen2_4,74000001,161694561024,52106580,52105321,8,2034,scenario2
S1_reprodscen2_4,74000001,161694632704,25969865,25968699,8,2034,scenario2
S1_reprodscen2_4,74000001,161747889664,53182371,53180990,2,2042,scenario2
S1_reprodscen2_4,74000001,161748017664,25732956,25731891,1,2043,scenario2
S1_reprodscen2_4,74000001,161843320320,25761523,25760051,1,2044,scenario2
S1_reprodscen2_4,74000001,161909551104,51752687,51751297,2,2045,scenario2
S1_reprodscen2_4,74000001,161909624832,25200450,25199302,2,2045,scenario2
S1_reprodscen2_4,74000001,161935955712,25717031,25715544,1,2047,scenario2
S1_reprodscen2_4,74000001,161971235328,26900810,26899106,1,2048,scenario2
S1_reprodscen2_4,74000001,162024832256,52960685,52959464,2,2049,scenario2
S1_reprodscen2_4,74000001,162024939776,27591215,27590142,2,2049,scenario2
S1_reprodscen2_4,74000001,162159617536,25543535,25541886,1,2051,scenario2
S1_reprodscen2_4,74000001,162266260480,53010554,53008953,2,2052,scenario2
S1_reprodscen2_4,74000001,162266371072,26770902,26769715,2,2052,scenario2
S1_reprodscen2_4,74000001,162387047680,108324325,108322701,4,2054,scenario2
S1_reprodscen2_4,74000001,162387148288,81268383,81267184,4,2054,scenario2
S1_reprodscen2_4,74000001,162387259648,53644655,53643618,4,2054,scenario2
S1_reprodscen2_4,74000001,162387337472,25723539,25722441,4,2054,scenario2
S1_reprodscen2_4,74000001,162460803584,25221731,25220209,1,2058,scenario2
S1_reprodscen2_4,74000001,162579605248,80728850,80727466,3,2059,scenario2
S1_reprodscen2_4,74000001,162579705856,51719566,51718376,3,2059,scenario2
S1_reprodscen2_4,74000001,162579801856,24852854,24851806,3,2059,scenario2
S1_reprodscen2_4,74000001,162694640896,55149340,55147765,2,2062,scenario2
S1_reprodscen2_4,74000001,162694722816,27170546,27169360,2,2062,scenario2
S1_reprodscen2_4,74000001,162738188032,28286443,28284739,1,2064,scenario2
S1_reprodscen2_4,74000001,162956948224,209826523,209824786,8,2065,scenario2
S1_reprodscen2_4,74000001,162957029632,180887235,180886039,8,2065,scenario2
S1_reprodscen2_4,74000001,162957148416,152439265,152438173,8,2065,scenario2
S1_reprodscen2_4,74000001,162957220608,127863936,127862886,8,2065,scenario2
S1_reprodscen2_4,74000001,162957289216,102533909,102532664,8,2065,scenario2
S1_reprodscen2_4,74000001,162957351680,76295008,76293954,8,2065,scenario2
S1_reprodscen2_4,74000001,162957432320,50952588,50951493,8,2065,scenario2
S1_reprodscen2_4,74000001,162957495808,25542354,25541340,8,2065,scenario2
S1_reprodscen2_4,74000001,162985643264,28087196,28086000,1,2073,scenario2
S1_reprodscen2_4,74000001,163163320832,51266262,51264693,2,2074,scenario2
S1_reprodscen2_4,74000001,163163422208,25067107,25065865,2,2074,scenario2
S1_reprodscen2_4,74000001,163292766464,106375898,106374141,4,2076,scenario2
S1_reprodscen2_4,74000001,163292877312,80068230,80066922,4,2076,scenario2
S1_reprodscen2_4,74000001,163292964352,53063588,53062544,4,2076,scenario2
S1_reprodscen2_4,74000001,163293027584,26785555,26784465,4,2076,scenario2
S1_reprodscen2_4,74000001,163364507392,25163009,25161426,1,2080,scenario2
S1_reprodscen2_4,74000001,163419547648,51985285,51983617,2,2081,scenario2
S1_reprodscen2_4,74000001,163419648256,25993035,25991854,2,2081,scenario2
S1_reprodscen2_4,74000001,163492777472,25788749,25787058,1,2083,scenario2
S1_reprodscen2_4,74000001,163577961216,26530201,26528771,1,2084,scenario2
S1_reprodscen2_4,74000001,163714639360,53124331,53122569,2,2085,scenario2
S1_reprodscen2_4,74000001,163714734592,26284054,26282522,2,2085,scenario2
S1_reprodscen2_4,74000001,163830058240,26935961,26922514,1,2087,scenario2
S1_reprodscen2_4,74000001,164086344192,210981818,210980110,8,2088,scenario2
S1_reprodscen2_4,74000001,164086475264,184082120,184080668,8,2088,scenario2
S1_reprodscen2_4,74000001,164086591744,158074645,158073212,8,2088,scenario2
S1_reprodscen2_4,74000001,164086669056,131619175,131617977,8,2088,scenario2
S1_reprodscen2_4,74000001,164086744320,103413985,103412850,8,2088,scenario2
S1_reprodscen2_4,74000001,164086820096,79596890,79596003,8,2088,scenario2
S1_reprodscen2_4,74000001,164086892544,55822675,55821563,8,2088,scenario2
S1_reprodscen2_4,74000001,164086962944,27378520,27377432,8,2088,scenario2
S1_reprodscen2_4,74000001,164144568320,57535512,57534278,2,2096,scenario2
S1_reprodscen2_4,74000001,164225191936,110168013,110166864,4,2097,scenario2
S1_reprodscen2_4,74000001,164225261568,80566996,80554280,4,2097,scenario2
S1_reprodscen2_4,74000001,164225368320,55358264,55357298,4,2097,scenario2
S1_reprodscen2_4,74000001,164225453056,26382883,26381881,4,2097,scenario2
S1_reprodscen2_4,74000001,164285074688,50951251,50938761,2,2101,scenario2
S1_reprodscen2_4,74000001,164285186304,25261352,25260120,2,2101,scenario2
S1_reprodscen2_4,74000001,164413757696,52204995,52203319,2,2103,scenario2
S1_reprodscen2_4,74000001,164413862144,25665875,25664675,2,2103,scenario2
S1_reprodscen2_4,74000001,164442588928,27646856,27645236,1,2105,scenario2
S1_reprodscen2_4,74000001,164513814784,26521446,26519650,1,2106,scenario2
S1_reprodscen2_4,74000001,164613966848,78261424,78259864,3,2107,scenario2
S1_reprodscen2_4,74000001,164614067456,51811658,51810543,3,2107,scenario2
S1_reprodscen2_4,74000001,164614136320,26813403,26812444,3,2107,scenario2
S1_reprodscen2_4,74000001,164683654656,25395396,25393885,1,2110,scenario2
S1_reprodscen2_4,74000001,164793227776,77830441,77828918,3,2111,scenario2
S1_reprodscen2_4,74000001,164793305856,50629140,50627960,3,2111,scenario2
S1_reprodscen2_4,74000001,164793427456,25758513,25757367,3,2111,scenario2
S1_reprodscen2_4,74000001,164899401728,82320524,82318889,3,2114,scenario2
S1_reprodscen2_4,74000001,164899494400,55065445,55064009,3,2114,scenario2
S1_reprodscen2_4,74000001,164899604224,27523672,27522590,3,2114,scenario2
S1_reprodscen2_4,74000001,165040155648,54202634,54201077,2,2117,scenario2
S1_reprodscen2_4,74000001,165040250624,27820853,27819575,2,2117,scenario2
S1_reprodscen2_4,74000001,165178132224,27755934,27754097,0,2119,scenario2
S1_reprodscen2_4,74000001,165340682240,108143971,108142436,4,2120,scenario2
S1_reprodscen2_4,74000001,165340758528,82089975,82088779,4,2120,scenario2
S1_reprodscen2_4,74000001,165340897536,54534307,54532993,4,2120,scenario2
S1_reprodscen2_4,74000001,165340966400,27967733,27966558,4,2120,scenario2
S1_reprodscen2_4,74000001,165544648960,155282044,155280524,6,2124,scenario2
S1_reprodscen2_4,74000001,165544724480,128957720,128956602,6,2124,scenario2
S1_reprodscen2_4,74000001,165544837632,103261342,103260109,6,2124,scenario2
S1_reprodscen2_4,74000001,165544914944,77972962,77972016,6,2124,scenario2
S1_reprodscen2_4,74000001,165544978176,51294954,51293912,6,2124,scenario2
S1_reprodscen2_4,74000001,165545041152,25929020,25927917,6,2124,scenario2
S1_reprodscen2_4,74000001,165598009600,30242461,30240852,1,2130,scenario2
S1_reprodscen2_4,74000001,165778564608,50376689,50375082,2,2131,scenario2
S1_reprodscen2_4,74000001,165778672128,24974459,24972682,2,2131,scenario2
S1_reprodscen2_4,74000001,165847386880,25755959,25754577,1,2133,scenario2
S1_reprodscen2_4,74000001,166061144064,175418197,175416726,7,2134,scenario2
S1_reprodscen2_4,74000001,166061218048,148719565,148718376,7,2134,scenario2
S1_reprodscen2_4,74000001,166061340160,124158012,124156894,7,2134,scenario2
S1_reprodscen2_4,74000001,166061418240,100521858,100520979,7,2134,scenario2
S1_reprodscen2_4,74000001,166061492480,74824578,74823441,7,2134,scenario2
S1_reprodscen2_4,74000001,166061561344,50613270,50612246,7,2134,scenario2
S1_reprodscen2_4,74000001,166061634560,24606685,24605650,7,2134,scenario2
S1_reprodscen2_4,74000001,166193853184,30423160,30421508,1,2141,scenario2
S1_reprodscen2_4,74000001,166278316544,76734948,76733210,3,2142,scenario2
S1_reprodscen2_4,74000001,166278398464,51326829,51325435,3,2142,scenario2
S1_reprodscen2_4,74000001,166278469376,26398923,26397901,3,2142,scenario2
S1_reprodscen2_4,74000001,166318768640,27460866,27459012,1,2145,scenario2
S1_reprodscen2_4,74000001,166374843904,25222334,25220681,1,2146,scenario2
S1_reprodscen2_4,74000001,166450700288,31876384,31874637,1,2147,scenario2
S1_reprodscen2_4,74000001,166511185664,51147645,51146043,2,2148,scenario2
S1_reprodscen2_4,74000001,166511308800,24167100,24165773,2,2148,scenario2
S1_reprodscen2_4,74000001,166752953344,178514771,178513216,7,2150,scenario2
S1_reprodscen2_4,74000001,166753080832,152907532,152906412,7,2150,scenario2
S1_reprodscen2_4,74000001,166753161216,126594778,126593432,7,2150,scenario2
S1_reprodscen2_4,74000001,166753239552,101627889,101626925,7,2150,scenario2
S1_reprodscen2_4,74000001,166753314560,77297595,77296517,7,2150,scenario2
S1_reprodscen2_4,74000001,166753385216,51403974,51403043,7,2150,scenario2
S1_reprodscen2_4,74000001,166753454080,25580412,25579478,7,2150,scenario2
S1_reprodscen2_4,74000001,166916225536,100268610,100267002,4,2157,scenario2
S1_reprodscen2_4,74000001,166916335616,76169156,76164399,4,2157,scenario2
S1_reprodscen2_4,74000001,166916442112,49668742,49667196,4,2157,scenario2
S1_reprodscen2_4,74000001,166916514560,24267899,24266457,4,2157,scenario2
S1_reprodscen2_4,74000001,166947225856,26337904,26336352,1,2161,scenario2
S1_reprodscen2_4,74000001,167002499840,28528848,28527259,1,2162,scenario2
S1_reprodscen2_4,74000001,167298558208,52388633,52387104,2,2163,scenario2
S1_reprodscen2_4,74000001,167298645760,26786446,26785326,2,2163,scenario2
S1_reprodscen2_4,74000001,167389473280,25809641,25807958,1,2165,scenario2
S1_reprodscen2_4,74000001,167429037056,27102991,27101282,1,2166,scenario2
S1_reprodscen2_4,74000001,167485189376,26105155,26103746,1,2167,scenario2
S1_reprodscen2_4,74000001,167555647488,26295519,26293912,1,2168,scenario2
S1_reprodscen2_4,74000001,167845468928,210899312,210897721,8,2169,scenario2
S1_reprodscen2_4,74000001,167845547776,184425291,184424166,8,2169,scenario2
S1_reprodscen2_4,74000001,167845667072,159251518,159250325,8,2169,scenario2
S1_reprodscen2_4,74000001,167845760768,132223086,132222035,8,2169,scenario2
S1_reprodscen2_4,74000001,167845838080,103181521,103180037,8,2169,scenario2
S1_reprodscen2_4,74000001,167845915136,77100900,77099696,8,2169,scenario2
S1_reprodscen2_4,74000001,167845989632,52041299,52039999,8,2169,scenario2
S1_reprodscen2_4,74000001,167846066432,27351452,27350272,8,2169,scenario2
S1_reprodscen2_4,74000001,167950409216,104263163,104262324,4,2177,scenario2
S1_reprodscen2_4,74000001,167950473216,104328283,77942124,4,2177,scenario2
S1_reprodscen2_4,74000001,167950623232,51228683,51227408,4,2177,scenario2
S1_reprodscen2_4,74000001,167950701312,25661108,25659805,4,2177,scenario2
S1_reprodscen2_4,74000001,168040278528,80792708,80791086,3,2181,scenario2
S1_reprodscen2_4,74000001,168040359680,52336154,52335136,3,2181,scenario2
S1_reprodscen2_4,74000001,168040492032,26995045,26993968,3,2181,scenario2
S1_reprodscen2_4,74000001,168235017728,53596668,53595234,2,2184,scenario2
S1_reprodscen2_4,74000001,168235085824,27520893,27519865,2,2184,scenario2
S1_reprodscen2_4,74000001,168333061632,52376468,52374752,2,2186,scenario2
S1_reprodscen2_4,74000001,168333155072,28145985,28144516,2,2186,scenario2
S1_reprodscen2_4,74000001,168704280576,210078435,210076668,8,2188,scenario2
S1_reprodscen2_4,74000001,168704358912,184151450,184150301,8,2188,scenario2
S1_reprodscen2_4,74000001,168704465664,159403900,159402460,8,2188,scenario2
S1_reprodscen2_4,74000001,168704583168,132128727,132127507,8,2188,scenario2
S1_reprodscen2_4,74000001,168704669184,105655399,105654224,8,2188,scenario2
S1_reprodscen2_4,74000001,168704744960,78984620,78983511,8,2188,scenario2
S1_reprodscen2_4,74000001,168704818944,53736795,53735796,8,2188,scenario2
S1_reprodscen2_4,74000001,168704889344,28228857,28227908,8,2188,scenario2
S1_reprodscen2_4,74000001,168783645952,78687000,78686194,3,2196,scenario2
S1_reprodscen2_4,74000001,168783724800,78766630,53242594,3,2196,scenario2
S1_reprodscen2_4,74000001,168835611904,77175571,77174613,3,2198,scenario2
S1_reprodscen2_4,74000001,168835712000,51898266,51897021,3,2198,scenario2
S1_reprodscen2_4,74000001,168835805440,26987279,26986289,3,2198,scenario2
S1_reprodscen2_4,74000001,168952414464,25459464,25457800,1,2201,scenario2
S1_reprodscen2_4,74000001,169033924096,81380669,81379420,3,2202,scenario2
S1_reprodscen2_4,74000001,169034038272,53576827,53575591,3,2202,scenario2
S1_reprodscen2_4,74000001,169034130432,27128638,27127325,3,2202,scenario2
S1_reprodscen2_4,74000001,169271782912,26004053,26002545,1,2205,scenario2
S1_reprodscen2_4,74000001,169301934080,27017172,27015562,1,2206,scenario2
S1_reprodscen2_4,74000001,169532799232,77395363,77394005,3,2207,scenario2
S1_reprodscen2_4,74000001,169532875776,53666736,53665519,3,2207,scenario2
S1_reprodscen2_4,74000001,169533018880,26585795,26584687,3,2207,scenario2
S1_reprodscen2_4,74000001,169669014528,102915002,102913637,4,2210,scenario2
S1_reprodscen2_4,74000001,169669091584,78700089,78698840,4,2210,scenario2
S1_reprodscen2_4,74000001,169669224192,53493055,53491947,4,2210,scenario2
S1_reprodscen2_4,74000001,169669292544,26514468,26513432,4,2210,scenario2
S1_reprodscen2_4,74000001,169754162432,80275116,80273706,3,2214,scenario2
S1_reprodscen2_4,74000001,169754260480,50643853,50642665,3,2214,scenario2
S1_reprodscen2_4,74000001,169754372096,24887765,24886588,3,2214,scenario2
S1_reprodscen2_4,74000001,169855483648,51981014,51967367,2,2217,scenario2
S1_reprodscen2_4,74000001,169855574016,25298754,25297536,2,2217,scenario2
S1_reprodscen2_4,74000001,169887068416,26092225,26090700,1,2219,scenario2
S1_reprodscen2_4,74000001,170050521088,158433826,158432261,6,2220,scenario2
S1_reprodscen2_4,74000001,170050626048,129529085,129527504,6,2220,scenario2
S1_reprodscen2_4,74000001,170050774272,103762624,103760936,6,2220,scenario2
S1_reprodscen2_4,74000001,170050859264,77169278,77167680,6,2220,scenario2
S1_reprodscen2_4,74000001,170050945536,51411184,51409564,6,2220,scenario2
S1_reprodscen2_4,74000001,170051030016,26928252,26926806,6,2220,scenario2
S1_reprodscen2_4,74000001,170260923648,109647656,109646152,4,2226,scenario2
S1_reprodscen2_4,74000001,170261010688,79001080,78999459,4,2226,scenario2
S1_reprodscen2_4,74000001,170261126400,52329769,52328386,4,2226,scenario2
S1_reprodscen2_4,74000001,170261221888,26778157,26776457,4,2226,scenario2
S1_reprodscen2_4,74000001,170381280512,30205071,30203497,1,2230,scenario2
S1_reprodscen2_4,74000001,170463605248,24295553,24284111,1,2231,scenario2
S1_reprodscen2_4,74000001,170529005056,25275944,25274340,1,2232,scenario2
S1_reprodscen2_4,74000001,170576543744,25598852,25597436,1,2233,scenario2
S1_reprodscen2_4,74000001,170640199424,24089278,24087759,1,2234,scenario2
S1_reprodscen2_4,74000001,170770703360,75179736,75178274,3,2235,scenario2
S1_reprodscen2_4,74000001,170770797568,50711349,50710210,3,2235,scenario2
S1_reprodscen2_4,74000001,170770873856,25495750,25494897,3,2235,scenario2
S1_reprodscen2_4,74000001,171003961344,204965661,204964123,8,2238,scenario2
S1_reprodscen2_4,74000001,171004040192,179730407,179729328,8,2238,scenario2
S1_reprodscen2_4,74000001,171004128512,153683278,153682311,8,2238,scenario2
S1_reprodscen2_4,74000001,171004193792,126693357,126692500,8,2238,scenario2
S1_reprodscen2_4,74000001,171004259584,101509095,101507964,8,2238,scenario2
S1_reprodscen2_4,74000001,171004325632,75718088,75717103,8,2238,scenario2
S1_reprodscen2_4,74000001,171004408576,49611653,49598510,8,2238,scenario2
S1_reprodscen2_4,74000001,171004481536,25072062,25071155,8,2238,scenario2
S1_reprodscen2_4,74000001,171162745856,29151982,29150403,1,2246,scenario2
S1_reprodscen2_4,74000001,171375911680,209142269,209140671,8,2247,scenario2
S1_reprodscen2_4,74000001,171376006912,183586742,183585428,8,2247,scenario2
S1_reprodscen2_4,74000001,171376109824,158494448,158493375,8,2247,scenario2
S1_reprodscen2_4,74000001,171376198912,130645864,130644963,8,2247,scenario2
S1_reprodscen2_4,74000001,171376269568,105269119,105268149,8,2247,scenario2
S1_reprodscen2_4,74000001,171376342528,80046000,80045018,8,2247,scenario2
S1_reprodscen2_4,74000001,171376411392,54856321,54855231,8,2247,scenario2
S1_reprodscen2_4,74000001,171376477952,26734690,26733458,8,2247,scenario2
S1_reprodscen2_4,74000001,171427873536,51314023,51312931,2,2255,scenario2
S1_reprodscen2_4,74000001,171427956736,51398898,25114231,2,2255,scenario2
S1_reprodscen2_4,74000001,171505533184,24534565,24533039,1,2257,scenario2
S1_reprodscen2_4,74000001,171668220416,27964135,27962313,1,2258,scenario2
S1_reprodscen2_4,74000001,171711139840,28665477,28663490,1,2259,scenario2
S1_reprodscen2_4,74000001,171801588224,26921449,26919655,1,2260,scenario2
S1_reprodscen2_4,74000001,171881698816,27821758,27820075,1,2261,scenario2
S1_reprodscen2_4,74000001,172010089472,74903755,74902137,3,2262,scenario2
S1_reprodscen2_4,74000001,172010176512,49952784,49951632,3,2262,scenario2
S1_reprodscen2_4,74000001,172010278400,24862473,24861405,3,2262,scenario2
S1_reprodscen2_4,74000001,172052475392,25516748,25514926,1,2265,scenario2
S1_reprodscen2_4,74000001,172167634944,28166415,28164687,1,2266,scenario2
S1_reprodscen2_4,74000001,172316955392,82543998,82542156,3,2267,scenario2
S1_reprodscen2_4,74000001,172317044480,54954926,54953726,3,2267,scenario2
S1_reprodscen2_4,74000001,172317150464,26042229,26041248,3,2267,scenario2
S1_reprodscen2_4,74000001,172418620672,80534518,80532905,3,2270,scenario2
S1_reprodscen2_4,74000001,172418700032,53202787,53201582,3,2270,scenario2
S1_reprodscen2_4,74000001,172418778624,27692653,27691476,3,2270,scenario2
S1_reprodscen2_4,74000001,172520131328,26188041,26186586,1,2273,scenario2
S1_reprodscen2_4,74000001,172554605824,24371893,24370425,1,2274,scenario2
S1_reprodscen2_4,74000001,172646967552,26616268,26614557,1,2275,scenario2
S1_reprodscen2_4,74000001,172738351872,52782801,52781090,2,2276,scenario2
S1_reprodscen2_4,74000001,172738445312,26852259,26850927,2,2276,scenario2
S1_reprodscen2_4,74000001,172950073088,157146929,157145203,6,2278,scenario2
S1_reprodscen2_4,74000001,172950164736,132655896,132654727,6,2278,scenario2
S1_reprodscen2_4,74000001,172950275840,107661998,107660837,6,2278,scenario2
S1_reprodscen2_4,74000001,172950358784,80816529,80814871,6,2278,scenario2
S1_reprodscen2_4,74000001,172950442752,53542726,53541142,6,2278,scenario2
S1_reprodscen2_4,74000001,172950518784,27224168,27222980,6,2278,scenario2
S1_reprodscen2_4,74000001,173075890688,49665493,49663977,2,2284,scenario2
S1_reprodscen2_4,74000001,173075981056,24551785,24550562,2,2284,scenario2
S1_reprodscen2_4,74000001,173166600704,23976145,23974518,1,2286,scenario2
S1_reprodscen2_4,74000001,173205365504,25491184,25489555,1,2287,scenario2
S1_reprodscen2_4,74000001,173391966976,73872570,73871022,3,2288,scenario2
S1_reprodscen2_4,74000001,173392041984,47960825,47959651,3,2288,scenario2
S1_reprodscen2_4,74000001,173392139776,24304702,24303668,3,2288,scenario2
S1_reprodscen2_4,74000001,173495366400,51495206,51493134,2,2291,scenario2
S1_reprodscen2_4,74000001,173495472128,25818205,25817120,2,2291,scenario2
S1_reprodscen2_4,74000001,173693748736,133517829,133516425,5,2293,scenario2
S1_reprodscen2_4,74000001,173693847808,105069602,105068406,5,2293,scenario2
S1_reprodscen2_4,74000001,173693929472,80112165,80111005,5,2293,scenario2
S1_reprodscen2_4,74000001,173694014208,54264938,54263782,5,2293,scenario2
S1_reprodscen2_4,74000001,173694077184,29245572,29244571,5,2293,scenario2
S1_reprodscen2_4,74000001,173796943104,50831537,50829916,2,2298,scenario2
S1_reprodscen2_4,74000001,173797045248,25089335,25088201,2,2298,scenario2
S1_reprodscen2_4,74000001,173837254912,26809384,26807725,1,2300,scenario2
S1_reprodscen2_4,74000001,173921459456,74723890,74722440,3,2301,scenario2
S1_reprodscen2_4,74000001,173921559552,49080290,49079146,3,2301,scenario2
S1_reprodscen2_4,74000001,173921657600,24090043,24089039,3,2301,scenario2
S1_reprodscen2_4,74000001,173973847040,25480268,25478588,1,2304,scenario2
S1_reprodscen2_4,74000001,174248277248,74671979,74670307,3,2305,scenario2
S1_reprodscen2_4,74000001,174248365824,49761800,49760662,3,2305,scenario2
S1_reprodscen2_4,74000001,174248449536,24140073,24139155,3,2305,scenario2
S1_reprodscen2_4,74000001,174333084160,75660232,75658637,3,2308,scenario2
S1_reprodscen2_4,74000001,174333189632,50900843,50899717,3,2308,scenario2
S1_reprodscen2_4,74000001,174333274368,25868048,25867169,3,2308,scenario2
S1_reprodscen2_4,74000001,174390860544,52906829,52905308,2,2311,scenario2
S1_reprodscen2_4,74000001,174390985216,27279474,27278288,2,2311,scenario2
S1_reprodscen2_4,74000001,174529689344,25138636,25137209,1,2313,scenario2
S1_reprodscen2_4,74000001,174646089728,77442449,77440915,3,2314,scenario2
S1_reprodscen2_4,74000001,174646190848,53002463,53001281,3,2314,scenario2
S1_reprodscen2_4,74000001,174646279424,25258380,25257304,3,2314,scenario2
S1_reprodscen2_4,74000001,174713548288,28310221,28308524,1,2317,scenario2
S1_reprodscen2_4,74000001,174749620736,28141861,28140042,1,2318,scenario2
S1_reprodscen2_4,74000001,174797833216,27087032,27085396,1,2319,scenario2
S1_reprodscen2_4,74000001,174840839680,27883269,27881573,1,2320,scenario2
S1_reprodscen2_4,74000001,174931634688,24372774,24371116,1,2321,scenario2
S1_reprodscen2_4,74000001,174978358784,26713426,26711817,1,2322,scenario2
S1_reprodscen2_4,74000001,175046142208,25396892,25395206,1,2323,scenario2
S1_reprodscen2_4,74000001,175209350656,54290413,54288865,2,2324,scenario2
S1_reprodscen2_4,74000001,175209467136,28333345,28332109,2,2324,scenario2
S1_reprodscen2_4,74000001,175493562880,101839533,101838158,4,2326,scenario2
S1_reprodscen2_4,74000001,175493685760,77229747,77228606,4,2326,scenario2
S1_reprodscen2_4,74000001,175493775360,53370914,53370013,4,2326,scenario2
S1_reprodscen2_4,74000001,175493856256,24981950,24981099,4,2326,scenario2
S1_reprodscen2_4,74000001,175583799808,25273686,25272096,1,2330,scenario2
S1_reprodscen2_4,74000001,175620079360,25361733,25360018,1,2331,scenario2
S1_reprodscen2_4,74000001,175801535488,28466368,28464894,1,2332,scenario2
S1_reprodscen2_4,74000001,175960896768,157765546,157764027,6,2333,scenario2
S1_reprodscen2_4,74000001,175961011456,130160792,130159570,6,2333,scenario2
S1_reprodscen2_4,74000001,175961087232,103350191,103348982,6,2333,scenario2
S1_reprodscen2_4,74000001,175961158144,77114865,77113802,6,2333,scenario2
S1_reprodscen2_4,74000001,175961221376,50678964,50677994,6,2333,scenario2
S1_reprodscen2_4,74000001,175961286656,23964620,23963557,6,2333,scenario2
S1_reprodscen2_4,74000001,176014615040,52050069,52048595,2,2339,scenario2
S1_reprodscen2_4,74000001,176014729728,25671940,25670799,2,2339,scenario2
S1_reprodscen2_4,74000001,176073175808,25270450,25268818,1,2341,scenario2
S1_reprodscen2_4,74000001,176247044096,26740016,26738553,1,2342,scenario2
S1_reprodscen2_4,74000001,176283020544,24540195,24538545,1,2343,scenario2
S1_reprodscen2_4,74000001,176504618496,131904498,131892100,5,2344,scenario2
S1_reprodscen2_4,74000001,176504672512,104442618,104441421,5,2344,scenario2
S1_reprodscen2_4,74000001,176504710912,78844955,78844008,5,2344,scenario2
S1_reprodscen2_4,74000001,176504750592,50682243,50681382,5,2344,scenario2
S1_reprodscen2_4,74000001,176504786432,25481242,25480498,5,2344,scenario2
S1_reprodscen2_4,74000001,176558856448,30057572,30055957,1,2349,scenario2
S1_reprodscen2_4,74000001,176598803456,27639314,27637885,1,2350,scenario2
S1_reprodscen2_4,74000001,176639534592,24214997,24213413,1,2351,scenario2
S1_reprodscen2_4,74000001,176846523136,161867765,161866179,6,2352,scenario2
S1_reprodscen2_4,74000001,176846651136,136648649,136647272,6,2352,scenario2
S1_reprodscen2_4,74000001,176846722560,108095873,108094689,6,2352,scenario2
S1_reprodscen2_4,74000001,176846788352,81473395,81472355,6,2352,scenario2
S1_reprodscen2_4,74000001,176846852608,55938748,55937930,6,2352,scenario2
S1_reprodscen2_4,74000001,176846914304,28174929,28173707,6,2352,scenario2
S1_reprodscen2_4,74000001,177067473664,53652139,53650494,2,2358,scenario2
S1_reprodscen2_4,74000001,177067562240,25214395,25213178,2,2358,scenario2
S1_reprodscen2_4,74000001,177247764736,51219748,51218149,2,2360,scenario2
S1_reprodscen2_4,74000001,177247856640,27076628,27075457,2,2360,scenario2
S1_reprodscen2_4,74000001,177295297280,25516189,25514596,1,2362,scenario2
S1_reprodscen2_4,74000001,177338800640,25705786,25704249,1,2363,scenario2
S1_reprodscen2_4,74000001,177439172608,23972982,23971458,1,2364,scenario2
S1_reprodscen2_4,74000001,177527632384,27228779,27227210,1,2365,scenario2
S1_reprodscen2_4,74000001,177575143680,25297757,25296285,1,2366,scenario2
S1_reprodscen2_4,74000001,177640414976,51359762,51358388,2,2367,scenario2
S1_reprodscen2_4,74000001,177640506112,25338779,25337552,2,2367,scenario2
S1_reprodscen2_4,74000001,177845161216,50802470,50800749,2,2369,scenario2
S1_reprodscen2_4,74000001,177845250048,25952280,25950994,2,2369,scenario2
S1_reprodscen2_4,74000001,177927243520,24382373,24380863,1,2371,scenario2
S1_reprodscen2_4,74000001,177973164288,25899162,25897545,1,2372,scenario2
S1_reprodscen2_4,74000001,178084270592,101882366,101880818,4,2373,scenario2
S1_reprodscen2_4,74000001,178084372480,75636795,75635650,4,2373,scenario2
S1_reprodscen2_4,74000001,178084474880,50734366,50733045,4,2373,scenario2
S1_reprodscen2_4,74000001,178084547328,25870834,25869659,4,2373,scenario2
S1_reprodscen2_4,74000001,178226828288,27630696,27628755,1,2377,scenario2
S1_reprodscen2_4,74000001,178283805184,24274638,24273062,1,2378,scenario2
S1_reprodscen2_4,74000001,178407385344,27580288,27578704,1,2379,scenario2
S1_reprodscen2_4,74000001,178652549888,151448908,151447140,6,2380,scenario2
S1_reprodscen2_4,74000001,178652662016,123360806,123359381,6,2380,scenario2
S1_reprodscen2_4,74000001,178652776704,96243123,96241944,6,2380,scenario2
S1_reprodscen2_4,74000001,178652854272,70992932,70991834,6,2380,scenario2
S1_reprodscen2_4,74000001,178652928768,47068947,47067977,6,2380,scenario2
S1_reprodscen2_4,74000001,178653004544,23931200,23930240,6,2380,scenario2
S1_reprodscen2_4,74000001,178790536960,55035751,55034143,2,2386,scenario2
S1_reprodscen2_4,74000001,178790654976,27323416,27322206,2,2386,scenario2
S1_reprodscen2_4,74000001,178847673600,24733093,24731458,1,2388,scenario2
S1_reprodscen2_4,74000001,178877270016,26068765,26067218,1,2389,scenario2
S1_reprodscen2_4,74000001,178933993984,23549136,23547310,1,2390,scenario2
S1_reprodscen2_4,74000001,179023327488,77511350,77510015,3,2391,scenario2
S1_reprodscen2_4,74000001,179023430912,51402508,51401274,3,2391,scenario2
S1_reprodscen2_4,74000001,179023513856,25835079,25833923,3,2391,scenario2
S1_reprodscen2_4,74000001,179252636672,50174811,50173329,2,2394,scenario2
S1_reprodscen2_4,74000001,179252752384,25514999,25514002,2,2394,scenario2
S1_reprodscen2_4,74000001,179305350656,26541436,26539796,1,2396,scenario2
S1_reprodscen2_4,74000001,179370522880,53304522,53303187,2,2397,scenario2
S1_reprodscen2_4,74000001,179370627584,27409818,27408698,2,2397,scenario2
S1_reprodscen2_4,74000001,179646598912,23861833,23860272,1,2399,scenario2
S1_reprodscen2_4,74000001,179693141504,27012433,27010939,1,2400,scenario2
S1_reprodscen2_4,74000001,179921556480,178164334,178162806,7,2401,scenario2
S1_reprodscen2_4,74000001,179921675008,152592090,152590955,7,2401,scenario2
S1_reprodscen2_4,74000001,179921767168,127851283,127849640,7,2401,scenario2
S1_reprodscen2_4,74000001,179921847296,101746920,101745653,7,2401,scenario2
S1_reprodscen2_4,74000001,179921934848,77191735,77190469,7,2401,scenario2
S1_reprodscen2_4,74000001,179922007552,49517617,49516594,7,2401,scenario2
S1_reprodscen2_4,74000001,179922076672,25011906,25010661,7,2401,scenario2
S1_reprodscen2_4,74000001,180098145024,49958685,49957177,2,2408,scenario2
S1_reprodscen2_4,74000001,180098248448,24939697,24938405,2,2408,scenario2
S1_reprodscen2_4,74000001,180314938112,25215196,25213553,1,2410,scenario2
S1_reprodscen2_4,74000001,180534660608,52726511,52725192,2,2411,scenario2
S1_reprodscen2_4,74000001,180534767872,25148079,25146825,2,2411,scenario2
S1_reprodscen2_4,74000001,180615754240,27439210,27437625,1,2413,scenario2
S1_reprodscen2_4,74000001,180702734848,77124964,77123587,3,2414,scenario2
S1_reprodscen2_4,74000001,180702813696,51955831,51954705,3,2414,scenario2
S1_reprodscen2_4,74000001,180702943232,25404863,25403546,3,2414,scenario2
S1_reprodscen2_4,74000001,180759773696,50391951,50390737,2,2417,scenario2
S1_reprodscen2_4,74000001,180759857664,25144655,25143544,2,2417,scenario2
S1_reprodscen2_4,74000001,180794058240,24143750,24142286,1,2419,scenario2
S1_reprodscen2_4,74000001,180913748224,103549818,103548363,4,2420,scenario2
S1_reprodscen2_4,74000001,180913825792,78216254,78215128,4,2420,scenario2
S1_reprodscen2_4,74000001,180913924352,52776189,52775124,4,2420,scenario2
S1_reprodscen2_4,74000001,180914009344,24679395,24678138,4,2420,scenario2
S1_reprodscen2_4,74000001,181065675520,50742214,50740810,2,2424,scenario2
S1_reprodscen2_4,74000001,181065750528,25602792,25601688,2,2424,scenario2
S1_reprodscen2_4,74000001,181321070592,24839495,24837949,1,2426,scenario2
S1_reprodscen2_4,74000001,181392757248,24265831,24264394,1,2427,scenario2
S1_reprodscen2_4,74000001,181443102208,27244366,27242942,1,2428,scenario2
S1_reprodscen2_4,74000001,181501982208,49969476,49967960,2,2429,scenario2
S1_reprodscen2_4,74000001,181502074624,25028951,25027603,2,2429,scenario2
S1_reprodscen2_4,74000001,181540286720,24632991,24620188,0,2431,scenario2
S1_reprodscen2_4,74000001,181565634816,25238586,25237452,1,2432,scenario2
S1_reprodscen2_4,74000001,181619741952,49759379,49758160,2,2433,scenario2
S1_reprodscen2_4,74000001,181619835648,24277038,24275880,2,2433,scenario2
S1_reprodscen2_4,74000001,181796703232,25160532,25158858,1,2435,scenario2
S1_reprodscen2_4,74000001,181853613824,53850826,53849332,2,2436,scenario2
S1_reprodscen2_4,74000001,181853690880,25850392,25848880,2,2436,scenario2
S1_reprodscen2_4,74000001,181918959872,49681370,49679921,2,2438,scenario2
S1_reprodscen2_4,74000001,181919045632,25959969,25958941,2,2438,scenario2
S1_reprodscen2_4,74000001,182047069440,24291066,24289545,1,2440,scenario2
S1_reprodscen2_4,74000001,182098773248,27852065,27850453,1,2441,scenario2
S1_reprodscen2_4,74000001,182209511424,25184556,25181784,1,2442,scenario2
S1_reprodscen2_4,74000001,182440272384,25591209,25589771,1,2443,scenario2
S1_reprodscen2_4,74000001,182515762432,27783569,27782190,1,2444,scenario2
S1_reprodscen2_4,74000001,182613309440,24163833,24162397,1,2445,scenario2
S1_reprodscen2_4,74000001,182748453632,26068771,26067127,1,2446,scenario2
S1_reprodscen2_4,74000001,182873916416,104321135,104319615,4,2447,scenario2
S1_reprodscen2_4,74000001,182873979136,78192227,78191118,4,2447,scenario2
S1_reprodscen2_4,74000001,182874090752,51357632,51356599,4,2447,scenario2
S1_reprodscen2_4,74000001,182874198528,24927476,24926334,4,2447,scenario2
S1_reprodscen2_4,74000001,182908176896,26753651,26752223,1,2451,scenario2
S1_reprodscen2_4,74000001,183019163648,51438982,51437173,2,2452,scenario2
S1_reprodscen2_4,74000001,183019241728,26172279,26171172,2,2452,scenario2
S1_reprodscen2_4,74000001,183137191168,78838764,78837357,3,2454,scenario2
S1_reprodscen2_4,74000001,183137267968,53269734,53268627,3,2454,scenario2
S1_reprodscen2_4,74000001,183137356800,26867166,26866352,3,2454,scenario2
S1_reprodscen2_4,74000001,183218686464,25665638,25664177,1,2457,scenario2
S1_reprodscen2_4,74000001,183285758208,25496700,25495379,1,2458,scenario2
S1_reprodscen2_4,74000001,183403629312,50237371,50235921,2,2459,scenario2
S1_reprodscen2_4,74000001,183403704320,25680890,25679793,2,2459,scenario2
S1_reprodscen2_4,74000001,183439852288,24050456,24048844,1,2461,scenario2
S1_reprodscen2_4,74000001,183521785088,27554295,27552978,1,2462,scenario2
S1_reprodscen2_4,74000001,183717742592,26045990,26044431,1,2463,scenario2
S1_reprodscen2_4,74000001,183855978240,54312063,54310566,2,2464,scenario2
S1_reprodscen2_4,74000001,183856062976,27079122,27077984,2,2464,scenario2
S1_reprodscen2_4,74000001,183883881728,25821385,25819853,1,2466,scenario2
S1_reprodscen2_4,74000001,183910562560,25230129,25228609,1,2467,scenario2
S1_reprodscen2_4,74000001,184000247552,24712838,24711226,1,2468,scenario2
S1_reprodscen2_4,74000001,184058296064,51394380,51393005,2,2469,scenario2
S1_reprodscen2_4,74000001,184058402304,25876095,25874944,2,2469,scenario2
S1_reprodscen2_4,74000001,184107593472,25311742,25310122,1,2471,scenario2
S1_reprodscen2_4,74000001,184267403008,50713376,50712003,2,2472,scenario2
S1_reprodscen2_4,74000001,184267479040,24480309,24479283,2,2472,scenario2
S1_reprodscen2_4,74000001,184298020864,23677743,23676341,1,2474,scenario2
S1_reprodscen2_4,74000001,184473221888,102713552,102712108,4,2475,scenario2
S1_reprodscen2_4,74000001,184473303808,77171209,77170055,4,2475,scenario2
S1_reprodscen2_4,74000001,184473388544,49760765,49759852,4,2475,scenario2
S1_reprodscen2_4,74000001,184473465344,25324644,25323747,4,2475,scenario2
S1_reprodscen2_4,74000001,184513722368,31380404,31379004,1,2479,scenario2
S1_reprodscen2_4,74000001,184543322880,23683431,23682035,1,2480,scenario2
S1_reprodscen2_4,74000001,184601632000,24008604,24007101,1,2481,scenario2
S1_reprodscen2_4,74000001,184639574272,23610563,23609202,1,2482,scenario2
S1_reprodscen2_4,74000001,184717571584,28435469,28434002,1,2483,scenario2
S1_reprodscen2_4,74000001,184815542784,24185951,24184398,1,2484,scenario2
S1_reprodscen2_4,74000001,184997222144,25785085,25783469,1,2485,scenario2
S1_reprodscen2_4,74000001,185313958912,26351561,26349848,1,2486,scenario2
S1_reprodscen2_4,74000001,185354777088,26861955,26860163,1,2487,scenario2
S1_reprodscen2_4,74000001,185421573120,49447297,49445771,2,2488,scenario2
S1_reprodscen2_4,74000001,185421648896,23731145,23730042,2,2488,scenario2
S1_reprodscen2_4,74000001,185556872704,54204049,54202463,2,2490,scenario2
S1_reprodscen2_4,74000001,185556969984,26839081,26837974,2,2490,scenario2
S1_reprodscen2_4,74000001,185635681024,24439051,24437503,1,2492,scenario2
S1_reprodscen2_4,74000001,185829101824,23563030,23561685,1,2493,scenario2
S1_reprodscen2_4,74000001,185906802432,26965908,26964461,1,2494,scenario2
S1_reprodscen2_4,74000001,185958474752,49331784,49330298,2,2495,scenario2
S1_reprodscen2_4,74000001,185958575616,24379716,24378671,1,2496,scenario2
S1_reprodscen2_4,74000001,185991766272,28241140,28239799,1,2497,scenario2
S1_reprodscen2_4,74000001,186070563328,53805286,53803713,2,2498,scenario2
S1_reprodscen2_4,74000001,186070651648,30025488,30024362,2,2498,scenario2
S1_reprodscen2_4,74000001,186252052480,27734049,27732422,1,2500,scenario2
S1_reprodscen2_4,74000001,186280431360,28153619,28152283,1,2501,scenario2
S1_reprodscen2_4,74000001,186365281792,53503741,53502389,2,2502,scenario2
S1_reprodscen2_4,74000001,186365357056,24601370,24600274,2,2502,scenario2
S1_reprodscen2_4,74000001,186420478208,24288206,24286727,1,2504,scenario2
S1_reprodscen2_4,74000001,186505169920,27917813,27916186,1,2505,scenario2
S1_reprodscen2_4,74000001,186574671104,23898778,23897410,1,2506,scenario2
S1_reprodscen2_4,74000001,186655378432,27590995,27588821,1,2507,scenario2
S1_reprodscen2_4,74000001,186713692416,28952664,28950307,0,2508,scenario2
S1_reprodscen2_4,74000001,186746160384,31157249,31155499,1,2509,scenario2
S1_reprodscen2_4,74000001,186900019968,26640313,26638874,1,2510,scenario2
S1_reprodscen2_4,74000001,186969437952,26865471,26863968,1,2511,scenario2
S1_reprodscen2_4,74000001,187101793792,23924598,23923244,1,2512,scenario2
S1_reprodscen2_4,74000001,187268350464,50257474,50255983,2,2513,scenario2
S1_reprodscen2_4,74000001,187268451840,24672886,24671669,2,2513,scenario2
S1_reprodscen2_4,74000001,187320568832,23960015,23958472,1,2515,scenario2
S1_reprodscen2_4,74000001,187382428160,25492062,25490521,1,2516,scenario2
S1_reprodscen2_4,74000001,187505002752,26812434,26810741,1,2517,scenario2
S1_reprodscen2_4,74000001,187540748032,26359065,26357446,1,2518,scenario2
S1_reprodscen2_4,74000001,187644953856,49274358,49272775,2,2519,scenario2
S1_reprodscen2_4,74000001,187645028864,24581011,24579986,2,2519,scenario2
S1_reprodscen2_4,74000001,187779781632,70169070,70166023,2,2521,scenario2
S1_reprodscen2_4,74000001,187779932928,41740756,41738874,2,2521,scenario2
S1_reprodscen2_4,74000001,187815382016,31636817,31634710,1,2523,scenario2
S1_reprodscen2_4,74000001,188058393344,24232155,24230307,1,2524,scenario2
S1_reprodscen2_4,74000001,188107010048,26781937,26780225,1,2525,scenario2
S1_reprodscen2_4,74000001,188289338112,52865468,52863943,2,2526,scenario2
S1_reprodscen2_4,74000001,188289427712,27453874,27452565,2,2526,scenario2
S1_reprodscen2_4,74000001,188523161600,49047935,49046517,2,2528,scenario2
S1_reprodscen2_4,74000001,188523255296,24898102,24896989,2,2528,scenario2
S1_reprodscen2_4,74000001,188727350016,25773339,25771806,1,2530,scenario2
S1_reprodscen2_4,74000001,188789921280,26123133,26121436,1,2531,scenario2
S1_reprodscen2_4,74000001,188897708032,24711604,24709944,1,2532,scenario2
S1_reprodscen2_4,74000001,188941551360,26303438,26301849,1,2533,scenario2
S1_reprodscen2_4,74000001,189073870592,104379430,104377986,4,2534,scenario2
S1_reprodscen2_4,74000001,189073950720,76927232,76926064,4,2534,scenario2
S1_reprodscen2_4,74000001,189074050304,51728393,51727371,4,2534,scenario2
S1_reprodscen2_4,74000001,189074132480,25105292,25104295,4,2534,scenario2
S1_reprodscen2_4,74000001,189245113600,24488418,24486968,1,2538,scenario2
S1_reprodscen2_4,74000001,189379188992,25006878,25005515,1,2539,scenario2
S1_reprodscen2_4,74000001,189496282112,24106441,24104973,1,2540,scenario2
S1_reprodscen2_4,74000001,189553178112,52567902,52566550,2,2541,scenario2
S1_reprodscen2_4,74000001,189553254144,26283630,26282503,2,2541,scenario2
S1_reprodscen2_4,74000001,189584685056,24577115,24575645,1,2543,scenario2
S1_reprodscen2_4,74000001,189653083904,27947972,27946630,1,2544,scenario2
S1_reprodscen2_4,74000001,189832550144,101269919,101268376,4,2545,scenario2
S1_reprodscen2_4,74000001,189832641024,76130924,76129687,4,2545,scenario2
S1_reprodscen2_4,74000001,189832738048,51310079,51308661,4,2545,scenario2
S1_reprodscen2_4,74000001,189832839936,25666132,25664951,4,2545,scenario2
S1_reprodscen2_4,74000001,190053238784,23937633,23935964,1,2549,scenario2
S1_reprodscen2_4,74000001,190390060288,102311294,102309779,4,2550,scenario2
S1_reprodscen2_4,74000001,190390156288,78143132,78142006,4,2550,scenario2
S1_reprodscen2_4,74000001,190390241536,51511506,51510613,4,2550,scenario2
S1_reprodscen2_4,74000001,190390326528,25455083,25453962,4,2550,scenario2
S1_reprodscen2_4,74000001,190454092800,25449987,25448568,1,2554,scenario2
S1_reprodscen2_4,74000001,190676239360,48253562,48252216,2,2555,scenario2
S1_reprodscen2_4,74000001,190676321792,24477214,24476198,2,2555,scenario2
S1_reprodscen2_4,74000001,190758234880,50748618,50747120,2,2557,scenario2
S1_reprodscen2_4,74000001,190758324480,26040471,26039346,2,2557,scenario2
S1_reprodscen2_4,74000001,190946778880,23651214,23649858,1,2559,scenario2
S1_reprodscen2_4,74000001,191014587904,25386081,25384318,1,2560,scenario2
S1_reprodscen2_4,74000001,191458329856,23725305,23723944,1,2561,scenario2
S1_reprodscen2_4,74000001,191600775168,23879655,23878217,1,2562,scenario2
S1_reprodscen2_4,74000001,191682064896,28956389,28954956,1,2563,scenario2
S1_reprodscen2_4,74000001,191714921216,24704657,24702998,1,2564,scenario2
S1_reprodscen2_4,74000001,191802760960,26277955,26276288,1,2565,scenario2
S1_reprodscen2_4,74000001,191836783360,26076402,26074720,1,2566,scenario2
S1_reprodscen2_4,74000001,191872924416,25892603,25890953,1,2567,scenario2
S1_reprodscen2_4,74000001,191910808320,28360428,28358979,1,2568,scenario2
S1_reprodscen2_4,74000001,192052226304,77755230,77753893,3,2569,scenario2
S1_reprodscen2_4,74000001,192052316672,52481525,52480370,3,2569,scenario2
S1_reprodscen2_4,74000001,192052426240,26465876,26464814,3,2569,scenario2
S1_reprodscen2_4,74000001,192248620544,26408557,26406907,1,2572,scenario2
S1_reprodscen2_4,74000001,192403756544,25100665,25099210,1,2573,scenario2
S1_reprodscen2_4,74000001,192508467200,51636404,51634921,2,2574,scenario2
S1_reprodscen2_4,74000001,192508555776,25971805,25970679,2,2574,scenario2
S1_reprodscen2_4,74000001,192651410432,25000544,24999027,1,2576,scenario2
S1_reprodscen2_4,74000001,192732267008,26700610,26688208,1,2577,scenario2
S1_reprodscen2_4,74000001,192763803392,28115545,28113826,1,2578,scenario2
S1_reprodscen2_4,74000001,192956326656,24063014,24061650,1,2579,scenario2
S1_reprodscen2_4,74000001,192992433920,31195131,31193492,1,2580,scenario2
S1_reprodscen2_4,74000001,193064351488,25864509,25862855,1,2581,scenario2
S1_reprodscen2_4,74000001,193141255168,28413050,28411436,1,2582,scenario2
S1_reprodscen2_4,74000001,193245741056,29313134,29311739,1,2583,scenario2
S1_reprodscen2_4,74000001,193427794688,24138507,24136971,1,2584,scenario2
S1_reprodscen2_4,74000001,193490713600,24944040,24942434,1,2585,scenario2
S1_reprodscen2_4,74000001,193686464256,51216205,51214908,2,2586,scenario2
S1_reprodscen2_4,74000001,193686579712,25182209,25180988,2,2586,scenario2
S1_reprodscen2_4,74000001,193722253056,25524896,25523458,1,2588,scenario2
S1_reprodscen2_4,74000001,193781806592,24829241,24827739,1,2589,scenario2
S1_reprodscen2_4,74000001,193832113152,24687694,24686163,1,2590,scenario2
S1_reprodscen2_4,74000001,193961474816,23972998,23971648,1,2591,scenario2
S1_reprodscen2_4,74000001,194063608320,25871180,25869737,1,2592,scenario2
S1_reprodscen2_4,74000001,194276045056,24964402,24962999,1,2593,scenario2
S1_reprodscen2_4,74000001,194448288000,24230319,24228802,1,2594,scenario2
S1_reprodscen2_4,74000001,194635248640,24827859,24826415,1,2595,scenario2
S1_reprodscen2_4,74000001,194702172928,25562240,25560790,1,2596,scenario2
S1_reprodscen2_4,74000001,194765282304,24395314,24393819,1,2597,scenario2
S1_reprodscen2_4,74000001,194823116288,52030840,52029518,2,2598,scenario2
S1_reprodscen2_4,74000001,194823205120,25955778,25954687,2,2598,scenario2
S1_reprodscen2_4,74000001,194976281856,23692762,23691310,1,2600,scenario2
S1_reprodscen2_4,74000001,195060032512,49322250,49320768,2,2601,scenario2
S1_reprodscen2_4,74000001,195060107776,24310086,24308773,2,2601,scenario2
S1_reprodscen2_4,74000001,195271047424,50576149,50574657,2,2603,scenario2
S1_reprodscen2_4,74000001,195271122944,26180671,26179448,2,2603,scenario2
S1_reprodscen2_4,74000001,195509715456,23764789,23763435,1,2605,scenario2
S1_reprodscen2_4,74000001,195563845888,25804115,25802527,1,2606,scenario2
S1_reprodscen2_4,74000001,195733624320,52122841,52121398,2,2607,scenario2
S1_reprodscen2_4,74000001,195733702912,26812969,26811887,2,2607,scenario2
S1_reprodscen2_4,74000001,195807304704,25543992,25542122,1,2609,scenario2
S1_reprodscen2_4,74000001,196078099456,23879442,23877920,0,2610,scenario2
S1_reprodscen2_4,74000001,196136493312,24267820,24266241,1,2611,scenario2
S1_reprodscen2_4,74000001,196250259968,25452988,25451618,1,2612,scenario2
S1_reprodscen2_4,74000001,196347205632,26349023,26347468,1,2613,scenario2
S1_reprodscen2_4,74000001,196424157696,24824437,24823013,1,2614,scenario2
S1_reprodscen2_4,74000001,196459514880,26127219,26125611,1,2615,scenario2
S1_reprodscen2_4,74000001,196581489920,23813610,23812266,1,2616,scenario2
S1_reprodscen2_4,74000001,196617019648,24062450,24061081,1,2617,scenario2
S1_reprodscen2_4,74000001,196718598912,24582014,24580402,1,2618,scenario2
S1_reprodscen2_4,74000001,196961319936,23851222,23849857,1,2619,scenario2
S1_reprodscen2_4,74000001,197056317952,24692881,24691208,1,2620,scenario2
S1_reprodscen2_4,74000001,197369416704,80227241,80225801,3,2621,scenario2
S1_reprodscen2_4,74000001,197369494528,53987546,53986385,3,2621,scenario2
S1_reprodscen2_4,74000001,197369622528,27959395,27958204,3,2621,scenario2
S1_reprodscen2_4,74000001,197608778752,23923854,23922248,1,2624,scenario2
S1_reprodscen2_4,74000001,197751177728,24966660,24964737,1,2625,scenario2
S1_reprodscen2_4,74000001,197798959872,28378926,28377247,1,2626,scenario2
S1_reprodscen2_4,74000001,197950560000,23539440,23538076,1,2627,scenario2
S1_reprodscen2_4,74000001,198144297216,51982108,51980763,2,2628,scenario2
S1_reprodscen2_4,74000001,198144385280,24589420,24588269,2,2628,scenario2
S1_reprodscen2_4,74000001,198260592128,27984892,27983318,1,2630,scenario2
S1_reprodscen2_4,74000001,198418787840,26921877,26920257,1,2631,scenario2
S1_reprodscen2_4,74000001,198477173760,25029286,25027670,1,2632,scenario2
S1_reprodscen2_4,74000001,198603126016,23610168,23608846,1,2633,scenario2
S1_reprodscen2_4,74000001,198669638912,23892182,23890721,1,2634,scenario2
S1_reprodscen2_4,74000001,198703399424,26229468,26227976,1,2635,scenario2
S1_reprodscen2_4,74000001,198874164480,23653531,23652114,1,2636,scenario2
S1_reprodscen2_4,74000001,199142414336,27827848,27823313,1,2637,scenario2
S1_reprodscen2_4,74000001,199377947392,57097469,57095432,2,2638,scenario2
S1_reprodscen2_4,74000001,199378040320,27051110,27049954,2,2638,scenario2
S1_reprodscen2_4,74000001,199464011776,24952884,24951485,1,2640,scenario2
S1_reprodscen2_4,74000001,199563011328,23667153,23665736,1,2641,scenario2
S1_reprodscen2_4,74000001,199746851328,52155267,52153904,2,2642,scenario2
S1_reprodscen2_4,74000001,199746979584,25574988,25573380,2,2642,scenario2
S1_reprodscen2_4,74000001,199895000832,51940410,51938776,2,2644,scenario2
S1_reprodscen2_4,74000001,199895076096,27744840,27743698,2,2644,scenario2
S1_reprodscen2_4,74000001,200405261824,24662985,24661618,1,2646,scenario2
S1_reprodscen2_4,74000001,200455432448,23708048,23706328,1,2647,scenario2
S1_reprodscen2_4,74000001,200601453824,24521168,24519192,1,2648,scenario2
S1_reprodscen2_4,74000001,200710841088,28495478,28494058,1,2649,scenario2
S1_reprodscen2_4,74000001,200753195008,25532000,25530550,1,2650,scenario2
S1_reprodscen2_4,74000001,200870728448,24785747,24784393,1,2651,scenario2
S1_reprodscen2_4,74000001,201147747328,23523622,23522265,1,2652,scenario2
S1_reprodscen2_4,74000001,201282807040,24181545,24180115,1,2653,scenario2
S1_reprodscen2_4,74000001,201656271360,31575833,31573445,1,2654,scenario2
S1_reprodscen2_4,74000001,201699776256,30018343,30016004,1,2655,scenario2
S1_reprodscen2_4,74000001,201798066688,57056985,57055315,2,2656,scenario2
S1_reprodscen2_4,74000001,201798155264,28402964,28401685,2,2656,scenario2
S1_reprodscen2_4,74000001,201884472576,25889135,25887507,1,2658,scenario2
S1_reprodscen2_4,74000001,202117945856,26124939,26123281,1,2659,scenario2
S1_reprodscen2_4,74000001,202585426944,25330272,25328523,0,2660,scenario2
S1_reprodscen2_4,74000001,202634922496,49366646,49365569,2,2661,scenario2
S1_reprodscen2_4,74000001,202634991104,23756070,23755205,2,2661,scenario2
S1_reprodscen2_4,74000001,202753830912,27010645,27008926,1,2663,scenario2
S1_reprodscen2_4,74000001,202784261120,27349934,27348348,1,2664,scenario2
S1_reprodscen2_4,74000001,202870759168,25455547,25454087,1,2665,scenario2
S1_reprodscen2_4,74000001,203139115008,23510015,23508696,1,2666,scenario2
S1_reprodscen2_4,74000001,203270833408,24040668,24039287,1,2667,scenario2
S1_reprodscen2_4,74000001,203378696704,25778941,25777401,1,2668,scenario2
S1_reprodscen2_4,74000001,203477456640,26287510,26285935,1,2669,scenario2
S1_reprodscen2_4,74000001,203899164160,51771987,51770474,2,2670,scenario2
S1_reprodscen2_4,74000001,203899249664,26281418,26280006,2,2670,scenario2
S1_reprodscen2_4,74000001,203946794752,23651296,23649966,1,2672,scenario2
S1_reprodscen2_4,74000001,204115935232,23539484,23537815,1,2673,scenario2
S1_reprodscen2_4,74000001,204373958656,28458241,28456548,1,2674,scenario2
S1_reprodscen2_4,74000001,204439620352,24822654,24821084,1,2675,scenario2
S1_reprodscen2_4,74000001,204632727040,23475862,23474534,1,2676,scenario2
S1_reprodscen2_4,74000001,204708571136,24104676,24102912,1,2677,scenario2
S1_reprodscen2_4,74000001,204769607680,23813555,23812139,1,2678,scenario2
S1_reprodscen2_4,74000001,204968798720,23758957,23757215,1,2679,scenario2
S1_reprodscen2_4,74000001,205414155264,23834059,23832692,1,2680,scenario2
S1_reprodscen2_4,74000001,205463351296,26620851,26619422,1,2681,scenario2
S1_reprodscen2_4,74000001,205519923968,24190178,24188364,1,2682,scenario2
S1_reprodscen2_4,74000001,205584811008,25841600,25839942,1,2683,scenario2
S1_reprodscen2_4,74000001,205643131904,27844133,27842367,1,2684,scenario2
S1_reprodscen2_4,74000001,205819934720,25360476,25358790,1,2685,scenario2
S1_reprodscen2_4,74000001,206501332224,83384130,83382664,3,2686,scenario2
S1_reprodscen2_4,74000001,206501421568,53644895,53643666,3,2686,scenario2
S1_reprodscen2_4,74000001,206501504768,25078911,25077910,3,2686,scenario2
S1_reprodscen2_4,74000001,206574078208,25475393,25473971,1,2689,scenario2
S1_reprodscen2_4,74000001,206974048256,27283806,27282122,1,2690,scenario2
S1_reprodscen2_4,74000001,207017081088,25055304,25053710,1,2691,scenario2
S1_reprodscen2_4,74000001,207536064768,23840780,23839308,1,2692,scenario2
S1_reprodscen2_4,74000001,207618073344,27508891,27507347,1,2693,scenario2
S1_reprodscen2_4,74000001,207802654464,25734371,25732970,1,2694,scenario2
S1_reprodscen2_4,74000001,207965547008,52393099,52391431,2,2695,scenario2
S1_reprodscen2_4,74000001,207965634560,25292054,25290702,2,2695,scenario2
S1_reprodscen2_4,74000001,208115233536,26606791,26605011,1,2697,scenario2
S1_reprodscen2_4,74000001,208366220800,25179402,25178020,1,2698,scenario2
S1_reprodscen2_4,74000001,208698972160,23774635,23773278,1,2699,scenario2
S1_reprodscen2_4,74000001,208767707392,26241297,26239902,1,2700,scenario2
S1_reprodscen2_4,74000001,209069366272,23622838,23621516,1,2701,scenario2
S1_reprodscen2_4,74000001,209118748672,27004703,27003114,1,2702,scenario2
S1_reprodscen2_4,74000001,209350149120,25066899,25065236,1,2703,scenario2
S1_reprodscen2_4,74000001,209575428096,25973436,25961473,1,2704,scenario2
S1_reprodscen2_4,74000001,209998170880,25445897,25444551,1,2705,scenario2
S1_reprodscen2_4,74000001,210025698816,25697342,25696004,1,2706,scenario2
S1_reprodscen2_4,74000001,210131642112,25577334,25575622,1,2707,scenario2
S1_reprodscen2_4,74000001,210433965312,53689319,53687429,2,2708,scenario2
S1_reprodscen2_4,74000001,210434102784,26957660,26954976,2,2708,scenario2
S1_reprodscen2_4,74000001,210707908096,25120277,25117566,0,2710,scenario2
S1_reprodscen2_4,74000001,210842531584,25678355,25676661,1,2711,scenario2
S1_reprodscen2_4,74000001,211043776256,23509275,23507923,1,2712,scenario2
S1_reprodscen2_4,74000001,211315558400,25120257,25118668,1,2713,scenario2
S1_reprodscen2_4,74000001,211457863424,25197066,25195370,1,2714,scenario2
S1_reprodscen2_4,74000001,211532516352,23594594,23593148,1,2715,scenario2
S1_reprodscen2_4,74000001,212028992768,25796863,25795086,1,2716,scenario2
S1_reprodscen2_4,74000001,212153235968,23816253,23814693,1,2717,scenario2
S1_reprodscen2_4,74000001,212321431552,26899906,26875052,1,2718,scenario2
S1_reprodscen2_4,74000001,212448070144,25191389,25189764,1,2719,scenario2
S1_reprodscen2_4,74000001,212992204288,24902797,24901294,1,2720,scenario2
S1_reprodscen2_4,74000001,213031046400,25653378,25651673,1,2721,scenario2
S1_reprodscen2_4,74000001,213072112384,25446857,25445047,0,2722,scenario2
S1_reprodscen2_4,74000001,213392577536,50689421,50687964,2,2723,scenario2
S1_reprodscen2_4,74000001,213392665856,24613603,24612518,2,2723,scenario2
S1_reprodscen2_4,74000001,213481125120,24756985,24755369,1,2725,scenario2
S1_reprodscen2_4,74000001,213698282240,24663597,24662018,1,2726,scenario2
S1_reprodscen2_4,74000001,213779780864,26943563,26941980,1,2727,scenario2
S1_reprodscen2_4,74000001,214421520640,53410822,53409211,2,2728,scenario2
S1_reprodscen2_4,74000001,214421622784,27188073,27186685,2,2728,scenario2
S1_reprodscen2_4,74000001,214554613248,29046500,29045030,1,2730,scenario2
S1_reprodscen2_4,74000001,214663880704,24119411,24117790,1,2731,scenario2
S1_reprodscen2_4,74000001,215169157632,27133223,27131537,1,2732,scenario2
S1_reprodscen2_4,74000001,215371941376,51693174,51691367,2,2733,scenario2
S1_reprodscen2_4,74000001,215372106240,27061665,27060295,2,2733,scenario2
S1_reprodscen2_4,74000001,215939636480,23924410,23922897,1,2735,scenario2
S1_reprodscen2_4,74000001,216038816512,23690258,23688813,1,2736,scenario2
S1_reprodscen2_4,74000001,216067867904,25536480,25534987,1,2737,scenario2
S1_reprodscen2_4,74000001,216617491456,28060831,28058399,1,2738,scenario2
S1_reprodscen2_4,74000001,216731442176,57884096,57881879,2,2739,scenario2
S1_reprodscen2_4,74000001,216731538688,28373929,28372619,2,2739,scenario2
S1_reprodscen2_4,74000001,217012173568,26104608,26102949,1,2741,scenario2
S1_reprodscen2_4,74000001,217041844736,26641312,26639425,1,2742,scenario2
S1_reprodscen2_4,74000001,217511087104,25524312,25522666,1,2743,scenario2
S1_reprodscen2_4,74000001,217718613760,23696630,23695253,1,2744,scenario2
S1_reprodscen2_4,74000001,217856228096,24110058,24108509,1,2745,scenario2
S1_reprodscen2_4,74000001,217948149760,51848614,51847006,2,2746,scenario2
S1_reprodscen2_4,74000001,217948252672,25411310,25410152,2,2746,scenario2
S1_reprodscen2_4,74000001,218334490112,25813446,25811867,1,2748,scenario2
S1_reprodscen2_4,74000001,218635083776,82110212,82108623,3,2749,scenario2
S1_reprodscen2_4,74000001,218635194880,54166732,54165655,3,2749,scenario2
S1_reprodscen2_4,74000001,218635309312,26021814,26020699,3,2749,scenario2
S1_reprodscen2_4,74000001,219134433024,25678445,25676661,1,2752,scenario2
S1_reprodscen2_4,74000001,219516860160,26875409,26873698,1,2753,scenario2
S1_reprodscen2_4,74000001,219654930176,24710424,24708768,1,2754,scenario2
S1_reprodscen2_4,74000001,219771643392,24189475,24187835,1,2755,scenario2
S1_reprodscen2_4,74000001,219846569472,27848999,27847180,1,2756,scenario2
S1_reprodscen2_4,74000001,219922698240,23802038,23800442,1,2757,scenario2
S1_reprodscen2_4,74000001,220921840896,82612416,82610702,3,2758,scenario2
S1_reprodscen2_4,74000001,220921938176,55372898,55371531,3,2758,scenario2
S1_reprodscen2_4,74000001,220922021120,28317299,28316241,3,2758,scenario2
S1_reprodscen2_4,74000001,221008508672,26671084,26669393,1,2761,scenario2
S1_reprodscen2_4,74000001,221057019648,24963719,24962080,1,2762,scenario2
S1_reprodscen2_4,74000001,221411739648,25499481,25497961,1,2763,scenario2
S1_reprodscen2_4,74000001,221564009728,25520336,25518630,1,2764,scenario2
S1_reprodscen2_4,74000001,221789215488,28413449,28411842,1,2765,scenario2
S1_reprodscen2_4,74000001,222112483328,51302714,51301154,2,2766,scenario2
S1_reprodscen2_4,74000001,222112561408,25436905,25435776,2,2766,scenario2
S1_reprodscen2_4,74000001,222348510208,25176169,25174589,1,2768,scenario2
S1_reprodscen2_4,74000001,222666655488,60104675,60103143,2,2769,scenario2
S1_reprodscen2_4,74000001,222666757120,27010829,27009628,2,2769,scenario2
S1_reprodscen2_4,74000001,222787358208,27037222,27035508,1,2771,scenario2
S1_reprodscen2_4,74000001,223104414208,24164508,24162933,1,2772,scenario2
S1_reprodscen2_4,74000001,223576827392,25371295,25369712,1,2773,scenario2
S1_reprodscen2_4,74000001,223895177728,26425199,26423679,1,2774,scenario2
S1_reprodscen2_4,74000001,223966414080,27517079,27515477,1,2775,scenario2
S1_reprodscen2_4,74000001,224034373632,54224973,54223285,2,2776,scenario2
S1_reprodscen2_4,74000001,224034452480,26440117,26439060,2,2776,scenario2
S1_reprodscen2_4,74000001,224417571840,54000605,53999209,2,2778,scenario2
S1_reprodscen2_4,74000001,224417662464,26074506,26073302,2,2778,scenario2
S1_reprodscen2_4,74000001,224476328704,24221606,24220219,1,2780,scenario2
S1_reprodscen2_4,74000001,224671409920,24113075,24111665,1,2781,scenario2
S1_reprodscen2_4,74000001,225026784256,25999812,25998246,1,2782,scenario2
S1_reprodscen2_4,74000001,225293088512,25378234,25376685,1,2783,scenario2
S1_reprodscen2_4,74000001,225431067904,25196267,25194791,1,2784,scenario2
S1_reprodscen2_4,74000001,225613137408,25970298,25968680,1,2785,scenario2
S1_reprodscen2_4,74000001,225840416000,26984327,26982651,1,2786,scenario2
S1_reprodscen2_4,74000001,226078510336,27895256,27893617,1,2787,scenario2
S1_reprodscen2_4,74000001,226156307456,26461761,26460096,1,2788,scenario2
S1_reprodscen2_4,74000001,226798044416,27017785,27016242,1,2789,scenario2
S1_reprodscen2_4,74000001,226884389888,28141484,28139808,1,2790,scenario2
S1_reprodscen2_4,74000001,227024351744,81917969,81916293,3,2791,scenario2
S1_reprodscen2_4,74000001,227024435200,55314359,55313277,3,2791,scenario2
S1_reprodscen2_4,74000001,227024528640,28035744,28034602,3,2791,scenario2
S1_reprodscen2_4,74000001,227142671872,26529006,26527470,1,2794,scenario2
S1_reprodscen2_4,74000001,227339327744,51215610,51213979,2,2795,scenario2
S1_reprodscen2_4,74000001,227339438336,24582506,24581285,2,2795,scenario2
S1_reprodscen2_4,74000001,227407092224,27593892,27592168,1,2797,scenario2
S1_reprodscen2_4,74000001,227633935616,26193412,26191805,1,2798,scenario2
S1_reprodscen2_4,74000001,227762614016,26622048,26620379,1,2799,scenario2
S1_reprodscen2_4,74000001,227874179072,25935441,25933724,1,2800,scenario2
S1_reprodscen2_4,74000001,228309282304,26740945,26727843,1,2801,scenario2
S1_reprodscen2_4,74000001,228404379136,25587883,25586333,1,2802,scenario2
S1_reprodscen2_4,74000001,228453709568,25752989,25751372,1,2803,scenario2
S1_reprodscen2_4,74000001,228690872320,24687680,24686125,1,2804,scenario2
S1_reprodscen2_4,74000001,228921093376,51679125,51677603,2,2805,scenario2
S1_reprodscen2_4,74000001,228921189632,26556352,26555149,2,2805,scenario2
S1_reprodscen2_4,74000001,229308399104,26527030,26525476,1,2807,scenario2
S1_reprodscen2_4,74000001,229440027136,29849653,29847970,1,2808,scenario2
S1_reprodscen2_4,74000001,229593250560,27787716,27786135,1,2809,scenario2
S1_reprodscen2_4,74000001,229814850816,26157156,26155487,1,2810,scenario2
S1_reprodscen2_4,74000001,230004107264,54259110,54257415,2,2811,scenario2
S1_reprodscen2_4,74000001,230004195072,27421721,27420523,2,2811,scenario2
S1_reprodscen2_4,74000001,230061673728,27400535,27398772,1,2813,scenario2
S1_reprodscen2_4,74000001,230483545344,26040284,26038673,1,2814,scenario2
S1_reprodscen2_4,74000001,230576570624,54863789,54851497,2,2815,scenario2
S1_reprodscen2_4,74000001,230576651008,27362791,27361580,2,2815,scenario2
S1_reprodscen2_4,74000001,230702312704,25182067,25180534,1,2817,scenario2
S1_reprodscen2_4,74000001,231057567744,81122367,81120929,3,2818,scenario2
S1_reprodscen2_4,74000001,231057646848,53164349,53163091,3,2818,scenario2
S1_reprodscen2_4,74000001,231057746432,27257316,27256338,3,2818,scenario2
S1_reprodscen2_4,74000001,231389712896,26583421,26581784,1,2821,scenario2
S1_reprodscen2_4,74000001,231737163008,29705108,29702994,1,2822,scenario2
S1_reprodscen2_4,74000001,231820452608,56885289,56883523,2,2823,scenario2
S1_reprodscen2_4,74000001,231847769088,54971268,54970037,2,2824,scenario2
S1_reprodscen2_4,74000001,231847839488,27275773,27274430,2,2824,scenario2
S1_reprodscen2_4,74000001,232022457344,50183405,50182027,2,2826,scenario2
S1_reprodscen2_4,74000001,232022574080,25074704,25073515,2,2826,scenario2
S1_reprodscen2_4,74000001,232135020032,27213365,27211660,1,2828,scenario2
S1_reprodscen2_4,74000001,232363981824,26933718,26932067,1,2829,scenario2
S1_reprodscen2_4,74000001,232430277888,29023690,29021996,1,2830,scenario2
S1_reprodscen2_4,74000001,232538358272,25809549,25807786,1,2831,scenario2
S1_reprodscen2_4,74000001,232693284352,27441807,27440190,1,2832,scenario2
S1_reprodscen2_4,74000001,232943629056,25595673,25594241,1,2833,scenario2
S1_reprodscen2_4,74000001,233063624448,27326547,27324868,1,2834,scenario2
S1_reprodscen2_4,74000001,233201716736,55114632,55113030,2,2835,scenario2
S1_reprodscen2_4,74000001,233201816064,28326438,28325287,2,2835,scenario2
S1_reprodscen2_4,74000001,233451217664,54060478,54058778,2,2837,scenario2
S1_reprodscen2_4,74000001,233451306496,26112107,26110910,2,2837,scenario2
S1_reprodscen2_4,74000001,233483911424,28391616,28389927,1,2839,scenario2
S1_reprodscen2_4,74000001,233564660224,26864666,26863069,1,2840,scenario2
S1_reprodscen2_4,74000001,233748856320,23865899,23864537,1,2841,scenario2
S1_reprodscen2_4,74000001,233942603008,53360083,53358446,2,2842,scenario2
S1_reprodscen2_4,74000001,233942700544,27007681,27006410,2,2842,scenario2
S1_reprodscen2_4,74000001,234075831808,27235234,27233699,1,2844,scenario2
S1_reprodscen2_4,74000001,234446982656,84175911,84174286,3,2845,scenario2
S1_reprodscen2_4,74000001,234447097856,54709862,54708561,3,2845,scenario2
S1_reprodscen2_4,74000001,234447174912,27511414,27510360,3,2845,scenario2
S1_reprodscen2_4,74000001,234759236352,130804008,130802330,5,2848,scenario2
S1_reprodscen2_4,74000001,234759339008,105357168,105355961,5,2848,scenario2
S1_reprodscen2_4,74000001,234759435264,80503293,80502348,5,2848,scenario2
S1_reprodscen2_4,74000001,234759508480,54036693,54035849,5,2848,scenario2
S1_reprodscen2_4,74000001,234759591680,26638930,26637967,5,2848,scenario2
S1_reprodscen2_4,74000001,234926708736,28302464,28300846,1,2853,scenario2
S1_reprodscen2_4,74000001,235541984512,31350150,31348582,1,2854,scenario2
S1_reprodscen2_4,74000001,235602799104,27832638,27830845,1,2855,scenario2
S1_reprodscen2_4,74000001,235657226496,26011871,26010285,1,2856,scenario2
S1_reprodscen2_4,74000001,235772934400,27463857,27462217,1,2857,scenario2
S1_reprodscen2_4,74000001,235810751232,27100081,27098335,1,2858,scenario2
S1_reprodscen2_4,74000001,235837456640,26564004,26562890,1,2859,scenario2
S1_reprodscen2_4,74000001,235945293056,53097152,53095659,2,2860,scenario2
S1_reprodscen2_4,74000001,235945386496,26305250,26304101,2,2860,scenario2
S1_reprodscen2_4,74000001,236184346624,29700402,29698733,1,2862,scenario2
S1_reprodscen2_4,74000001,236401682944,27872371,27870749,1,2863,scenario2
S1_reprodscen2_4,74000001,236490093056,27130457,27128019,0,2864,scenario2
S1_reprodscen2_4,74000001,236518034944,27782097,27780778,1,2865,scenario2
S1_reprodscen2_4,74000001,236762227712,27706771,27705057,1,2866,scenario2
S1_reprodscen2_4,74000001,236796956672,29225961,29224349,1,2867,scenario2
S1_reprodscen2_4,74000001,236866405888,55383598,55382003,2,2868,scenario2
S1_reprodscen2_4,74000001,236866486528,27830518,27829277,2,2868,scenario2
S1_reprodscen2_4,74000001,236904921344,27481770,27480059,1,2870,scenario2
S1_reprodscen2_4,74000001,236974415104,27708505,27706831,1,2871,scenario2
S1_reprodscen2_4,74000001,237025353728,24392665,24391142,1,2872,scenario2
S1_reprodscen2_4,74000001,237595655168,51468481,51466883,2,2873,scenario2
S1_reprodscen2_4,74000001,237595755008,25941672,25940519,2,2873,scenario2
S1_reprodscen2_4,74000001,237648980736,30266583,30264890,1,2875,scenario2
S1_reprodscen2_4,74000001,237733238784,28368089,28366417,1,2876,scenario2
S1_reprodscen2_4,74000001,237770786304,27720739,27718670,1,2877,scenario2
S1_reprodscen2_4,74000001,237932752640,56434340,56432718,2,2878,scenario2
S1_reprodscen2_4,74000001,237932863232,27107830,27106615,2,2878,scenario2
S1_reprodscen2_4,74000001,237977064704,27266435,27264600,1,2880,scenario2
S1_reprodscen2_4,74000001,238086983168,27955900,27954165,1,2881,scenario2
S1_reprodscen2_4,74000001,238175291904,56998470,56996808,2,2882,scenario2
S1_reprodscen2_4,74000001,238175375872,28157287,28156055,2,2882,scenario2
S1_reprodscen2_4,74000001,238341775616,28204237,28202452,1,2884,scenario2
S1_reprodscen2_4,74000001,238569520128,111723564,111721961,4,2885,scenario2
S1_reprodscen2_4,74000001,238569620736,83216409,83215098,4,2885,scenario2
S1_reprodscen2_4,74000001,238569703936,53688160,53687101,4,2885,scenario2
S1_reprodscen2_4,74000001,238569780736,25588523,25587450,4,2885,scenario2
S1_reprodscen2_4,74000001,238606223616,27495807,27494191,1,2889,scenario2
S1_reprodscen2_4,74000001,238776851712,24626743,24625192,1,2890,scenario2
S1_reprodscen2_4,74000001,239075141632,55031907,55030267,2,2891,scenario2
S1_reprodscen2_4,74000001,239075254784,27613918,27607579,2,2891,scenario2
S1_reprodscen2_4,74000001,239105224704,27647591,27646370,1,2893,scenario2
S1_reprodscen2_4,74000001,239152492800,30617196,30615391,1,2894,scenario2
S1_reprodscen2_4,74000001,239397520896,32477811,32476119,1,2895,scenario2
S1_reprodscen2_4,74000001,239454006272,25776389,25774717,1,2896,scenario2
S1_reprodscen2_4,74000001,239538320128,26842498,26840917,1,2897,scenario2
S1_reprodscen2_4,74000001,239564769024,25063506,25061954,1,2898,scenario2
S1_reprodscen2_4,74000001,239703867904,25965243,25963644,1,2899,scenario2
S1_reprodscen2_4,74000001,239781658624,50624775,50623297,2,2900,scenario2
S1_reprodscen2_4,74000001,239781760512,24947189,24946113,1,2901,scenario2
S1_reprodscen2_4,74000001,239829658624,28164089,28162493,1,2902,scenario2
S1_reprodscen2_4,74000001,239899710720,28928464,28926720,1,2903,scenario2
S1_reprodscen2_4,74000001,239970314240,26306023,26304448,1,2904,scenario2
S1_reprodscen2_4,74000001,239996868864,25829289,25827681,1,2905,scenario2
S1_reprodscen2_4,74000001,240068409088,26099429,26097834,1,2906,scenario2
S1_reprodscen2_4,74000001,240403343616,27886197,27884479,1,2907,scenario2
S1_reprodscen2_4,74000001,240453198848,25493492,25491997,1,2908,scenario2
S1_reprodscen2_4,74000001,240594616576,29677358,29675602,1,2909,scenario2
S1_reprodscen2_4,74000001,240757505536,27403398,27401866,1,2910,scenario2
S1_reprodscen2_4,74000001,240790527744,26200838,26199162,1,2911,scenario2
S1_reprodscen2_4,74000001,240955659264,54030779,54029249,2,2912,scenario2
S1_reprodscen2_4,74000001,240955762176,27310632,27309365,2,2912,scenario2
S1_reprodscen2_4,74000001,241079905536,28872497,28870846,1,2914,scenario2
S1_reprodscen2_4,74000001,241108561664,28171640,28170167,1,2915,scenario2
S1_reprodscen2_4,74000001,241149682944,27304389,27302729,1,2916,scenario2
S1_reprodscen2_4,74000001,241222121984,56520229,56518635,2,2917,scenario2
S1_reprodscen2_4,74000001,241222219776,28388827,28387608,2,2917,scenario2
S1_reprodscen2_4,74000001,241525690880,55715517,55714004,2,2919,scenario2
S1_reprodscen2_4,74000001,241525788928,27517683,27516438,2,2919,scenario2
S1_reprodscen2_4,74000001,241616529152,83123362,83121642,3,2921,scenario2
S1_reprodscen2_4,74000001,241616621056,56491899,56490540,3,2921,scenario2
S1_reprodscen2_4,74000001,241616699904,27919893,27918683,3,2921,scenario2
S1_reprodscen2_4,74000001,241768945152,132855673,132854339,5,2924,scenario2
S1_reprodscen2_4,74000001,241769040128,102562908,102561696,5,2924,scenario2
S1_reprodscen2_4,74000001,241769153792,76817999,76816247,5,2924,scenario2
S1_reprodscen2_4,74000001,241769220352,52396675,52395671,5,2924,scenario2
S1_reprodscen2_4,74000001,241769286656,26316600,26315589,5,2924,scenario2
S1_reprodscen2_4,74000001,242147594240,57467776,57466112,2,2929,scenario2
S1_reprodscen2_4,74000001,242147670528,29453181,29451950,2,2929,scenario2
S1_reprodscen2_4,74000001,242177156864,27610580,27608943,1,2931,scenario2
S1_reprodscen2_4,74000001,242462279424,84457007,84455439,3,2932,scenario2
S1_reprodscen2_4,74000001,242462359296,55859120,55857876,3,2932,scenario2
S1_reprodscen2_4,74000001,242462463488,27950323,27948716,3,2932,scenario2
S1_reprodscen2_4,74000001,242508817152,30226605,30224932,1,2935,scenario2
S1_reprodscen2_4,74000001,242615996672,27218147,27216608,1,2936,scenario2
S1_reprodscen2_4,74000001,242928393472,28444039,28442356,1,2937,scenario2
S1_reprodscen2_4,74000001,243066582016,109369698,109368107,4,2938,scenario2
S1_reprodscen2_4,74000001,243066665216,81665304,81664061,4,2938,scenario2
S1_reprodscen2_4,74000001,243066740992,53057535,53056240,4,2938,scenario2
S1_reprodscen2_4,74000001,243066819328,27385300,27384189,4,2938,scenario2
S1_reprodscen2_4,74000001,243115004160,26872264,26870582,1,2942,scenario2
S1_reprodscen2_4,74000001,243217557504,86322835,86321085,3,2943,scenario2
S1_reprodscen2_4,74000001,243217640448,56385687,56384503,3,2943,scenario2
S1_reprodscen2_4,74000001,243217736960,26682904,26681548,3,2943,scenario2
S1_reprodscen2_4,74000001,243376365824,29564111,29562610,1,2946,scenario2
S1_reprodscen2_4,74000001,243452687872,56613897,56612399,2,2947,scenario2
S1_reprodscen2_4,74000001,243452767744,27372524,27371324,2,2947,scenario2
S1_reprodscen2_4,74000001,243499540224,28046765,28045042,1,2949,scenario2
S1_reprodscen2_4,74000001,243606546944,29964245,29962480,1,2950,scenario2
S1_reprodscen2_4,74000001,243686858752,28993739,28981190,1,2951,scenario2
S1_reprodscen2_4,74000001,243785929216,53872171,53859733,2,2952,scenario2
S1_reprodscen2_4,74000001,243786013440,26873086,26871812,2,2952,scenario2
S1_reprodscen2_4,74000001,243855869440,27388485,27386684,1,2954,scenario2
S1_reprodscen2_4,74000001,244082693888,114006949,114005140,4,2955,scenario2
S1_reprodscen2_4,74000001,244082769664,86114812,86113480,4,2955,scenario2
S1_reprodscen2_4,74000001,244082838272,58444097,58443122,4,2955,scenario2
S1_reprodscen2_4,74000001,244082904832,31357199,31355989,4,2955,scenario2
S1_reprodscen2_4,74000001,244118355712,26913087,26911434,1,2959,scenario2
S1_reprodscen2_4,74000001,244431498752,27827551,27826048,1,2960,scenario2
S1_reprodscen2_4,74000001,244667557376,26611218,26609665,1,2961,scenario2
S1_reprodscen2_4,74000001,244741285632,27126216,27124645,1,2962,scenario2
S1_reprodscen2_4,74000001,244793760000,28349267,28347698,1,2963,scenario2
S1_reprodscen2_4,74000001,244836077568,26534622,26532918,1,2964,scenario2
S1_reprodscen2_4,74000001,244885503488,28711855,28710202,1,2965,scenario2
S1_reprodscen2_4,74000001,244993669632,86674876,86673131,3,2966,scenario2
S1_reprodscen2_4,74000001,244993756672,57288532,57287255,3,2966,scenario2
S1_reprodscen2_4,74000001,244993840128,29410828,29409675,3,2966,scenario2
S1_reprodscen2_4,74000001,245028115200,28495942,28494319,1,2969,scenario2
S1_reprodscen2_4,74000001,245151089664,113246194,113244652,4,2970,scenario2
S1_reprodscen2_4,74000001,245151170048,84246454,84245218,4,2970,scenario2
S1_reprodscen2_4,74000001,245151269120,56263810,56262365,4,2970,scenario2
S1_reprodscen2_4,74000001,245151333120,27612228,27610985,4,2970,scenario2
S1_reprodscen2_4,74000001,245189056000,26389900,26388206,1,2974,scenario2
S1_reprodscen2_4,74000001,245348156416,27313109,27311443,1,2975,scenario2
S1_reprodscen2_4,74000001,245524871936,27804636,27802966,1,2976,scenario2
S1_reprodscen2_4,74000001,245673679360,56348860,56347163,2,2977,scenario2
S1_reprodscen2_4,74000001,245673772032,27865015,27863654,2,2977,scenario2
S1_reprodscen2_4,74000001,245745157120,27555594,27553803,1,2979,scenario2
S1_reprodscen2_4,74000001,245965484288,220203985,220202638,8,2980,scenario2
S1_reprodscen2_4,74000001,245965569792,191906360,191905282,8,2980,scenario2
S1_reprodscen2_4,74000001,245965644288,165613496,165612352,8,2980,scenario2
S1_reprodscen2_4,74000001,245965713408,138211428,138210242,8,2980,scenario2
S1_reprodscen2_4,74000001,245965776896,110698403,110697283,8,2980,scenario2
S1_reprodscen2_4,74000001,245965842176,83833840,83832775,8,2980,scenario2
S1_reprodscen2_4,74000001,245965905152,55828608,55827621,8,2980,scenario2
S1_reprodscen2_4,74000001,245965970432,29174420,29173302,8,2980,scenario2
S1_reprodscen2_4,74000001,245995703808,29670358,29669123,1,2988,scenario2
S1_reprodscen2_4,74000001,246092990720,29365043,29362806,1,2989,scenario2
S1_reprodscen2_4,74000001,246139485696,28740057,28738338,1,2990,scenario2
S1_reprodscen2_4,74000001,246371439104,58445621,58443862,2,2991,scenario2
S1_reprodscen2_4,74000001,246371521792,29932547,29931217,2,2991,scenario2
S1_reprodscen2_4,74000001,246517511424,28142168,28139977,0,2993,scenario2
S1_reprodscen2_4,74000001,246647185408,114588979,114587292,4,2994,scenario2
S1_reprodscen2_4,74000001,246647264768,86097715,86096447,4,2994,scenario2
S1_reprodscen2_4,74000001,246647334144,57948710,57947445,4,2994,scenario2
S1_reprodscen2_4,74000001,246647398656,28601419,28599933,4,2994,scenario2
S1_reprodscen2_4,74000001,246687767552,29746437,29744646,1,2998,scenario2
S1_reprodscen2_4,74000001,246761453568,28755428,28753626,1,2999,scenario2
S1_reprodscen2_4,74000001,246796014336,27175279,27173671,1,3000,scenario2
S1_reprodscen2_4,74000001,246884304128,29248219,29246572,1,3001,scenario2
S1_reprodscen2_4,74000001,247007397120,115081158,115079524,4,3002,scenario2
S1_reprodscen2_4,74000001,247007494144,85290572,85289214,4,3002,scenario2
S1_reprodscen2_4,74000001,247007567616,56869360,56868013,4,3002,scenario2
S1_reprodscen2_4,74000001,247007637760,28445063,28444092,4,3002,scenario2
S1_reprodscen2_4,74000001,247239992064,29806713,29804977,1,3006,scenario2
S1_reprodscen2_4,74000001,247394899456,59499716,59497892,2,3007,scenario2
S1_reprodscen2_4,74000001,247394982144,29369928,29368544,2,3007,scenario2
S1_reprodscen2_4,74000001,247452499200,29741454,29739690,1,3009,scenario2
S1_reprodscen2_4,74000001,247670082048,27147432,27145703,1,3010,scenario2
S1_reprodscen2_4,74000001,247734430208,59252029,59250351,2,3011,scenario2
S1_reprodscen2_4,74000001,247734511360,29231201,29229879,2,3011,scenario2
S1_reprodscen2_4,74000001,247867206656,114598512,114596822,4,3013,scenario2
S1_reprodscen2_4,74000001,247867307776,87426976,87425690,4,3013,scenario2
S1_reprodscen2_4,74000001,247867389440,59434383,59432993,4,3013,scenario2
S1_reprodscen2_4,74000001,247867475968,29118877,29117519,4,3013,scenario2
S1_reprodscen2_4,74000001,247964505344,31820156,31818121,1,3017,scenario2
S1_reprodscen2_4,74000001,248056965632,27198629,27196904,1,3018,scenario2
S1_reprodscen2_4,74000001,248093309952,29661455,29659652,1,3019,scenario2
S1_reprodscen2_4,74000001,248151952128,58534929,58533577,2,3020,scenario2
S1_reprodscen2_4,74000001,248152052480,28576824,28575512,2,3020,scenario2
S1_reprodscen2_4,74000001,248185765632,30268196,30266641,1,3022,scenario2
S1_reprodscen2_4,74000001,248222244864,26559486,26557837,1,3023,scenario2
S1_reprodscen2_4,74000001,248424759552,82830585,82828894,3,3024,scenario2
S1_reprodscen2_4,74000001,248424850944,53603780,53602572,3,3024,scenario2
S1_reprodscen2_4,74000001,248424917760,26948367,26947411,3,3024,scenario2
S1_reprodscen2_4,74000001,248573355264,26808926,26807201,1,3027,scenario2
S1_reprodscen2_4,74000001,248665068800,87340473,87338740,3,3028,scenario2
S1_reprodscen2_4,74000001,248665196544,57157906,57156564,3,3028,scenario2
S1_reprodscen2_4,74000001,248665293824,27992971,27991867,3,3028,scenario2
S1_reprodscen2_4,74000001,248782784512,29388040,29386484,1,3031,scenario2
S1_reprodscen2_4,74000001,248867636992,57071487,57069903,2,3032,scenario2
S1_reprodscen2_4,74000001,248951672832,112322044,112320807,4,3033,scenario2
S1_reprodscen2_4,74000001,248951777024,84023496,84022191,4,3033,scenario2
S1_reprodscen2_4,74000001,248951859712,57587498,57586336,4,3033,scenario2
S1_reprodscen2_4,74000001,248951925248,28145183,28144022,4,3033,scenario2
S1_reprodscen2_4,74000001,249012191488,58517894,58516351,2,3037,scenario2
S1_reprodscen2_4,74000001,249012292864,29365349,29364029,2,3037,scenario2
S1_reprodscen2_4,74000001,249109227520,30133182,30131551,1,3039,scenario2
S1_reprodscen2_4,74000001,249171843072,58518608,58516780,2,3040,scenario2
S1_reprodscen2_4,74000001,249171929856,30686879,30685541,2,3040,scenario2
S1_reprodscen2_4,74000001,249360193536,29383241,29381428,1,3042,scenario2
S1_reprodscen2_4,74000001,249394486016,29531329,29529655,1,3043,scenario2
S1_reprodscen2_4,74000001,249429079808,27891566,27889809,1,3044,scenario2
S1_reprodscen2_4,74000001,249471425280,29099997,29098242,1,3045,scenario2
S1_reprodscen2_4,74000001,249690993920,118517203,118515347,4,3046,scenario2
S1_reprodscen2_4,74000001,249691097600,87963390,87962170,4,3046,scenario2
S1_reprodscen2_4,74000001,249691171328,58717247,58716156,4,3046,scenario2
S1_reprodscen2_4,74000001,249691237632,29535158,29534276,4,3046,scenario2
S1_reprodscen2_4,74000001,249773776384,29372118,29370556,1,3050,scenario2
S1_reprodscen2_4,74000001,249833291008,26708928,26707242,1,3051,scenario2
S1_reprodscen2_4,74000001,249930749184,56909319,56907596,2,3052,scenario2
S1_reprodscen2_4,74000001,249930856192,28505142,28503991,2,3052,scenario2
S1_reprodscen2_4,74000001,249959215872,26093119,26091425,1,3054,scenario2
S1_reprodscen2_4,74000001,249999944704,29612009,29610216,1,3055,scenario2
S1_reprodscen2_4,74000001,250126422528,85863811,85861945,3,3056,scenario2
S1_reprodscen2_4,74000001,250126516224,58681122,58679374,3,3056,scenario2
S1_reprodscen2_4,74000001,250126601216,28880835,28879649,3,3056,scenario2
S1_reprodscen2_4,74000001,250242881280,26713898,26712207,0,3059,scenario2
S1_reprodscen2_4,74000001,250375358720,29998189,29996571,1,3060,scenario2
S1_reprodscen2_4,74000001,250500040960,27506206,27504558,1,3061,scenario2
S1_reprodscen2_4,74000001,250684098048,173410330,173408575,6,3062,scenario2
S1_reprodscen2_4,74000001,250684181248,142925540,142924163,6,3062,scenario2
S1_reprodscen2_4,74000001,250684251392,113440302,113439203,6,3062,scenario2
S1_reprodscen2_4,74000001,250684323584,83696791,83695559,6,3062,scenario2
S1_reprodscen2_4,74000001,250684399360,56086068,56084994,6,3062,scenario2
S1_reprodscen2_4,74000001,250684462336,27066262,27065151,6,3062,scenario2
S1_reprodscen2_4,74000001,250744075776,29034812,29033090,1,3068,scenario2
S1_reprodscen2_4,74000001,250933842432,160634651,160632911,6,3069,scenario2
S1_reprodscen2_4,74000001,250933952000,133163923,133162572,6,3069,scenario2
S1_reprodscen2_4,74000001,250934036992,107020321,107019294,6,3069,scenario2
S1_reprodscen2_4,74000001,250934099968,81472866,81471795,6,3069,scenario2
S1_reprodscen2_4,74000001,250934162944,55427413,55426521,6,3069,scenario2
S1_reprodscen2_4,74000001,250934224384,29048376,29047453,6,3069,scenario2
S1_reprodscen2_4,74000001,251035736064,29089496,29087859,1,3075,scenario2
S1_reprodscen2_4,74000001,251103323136,27494058,27492317,1,3076,scenario2
S1_reprodscen2_4,74000001,251175742720,28803937,28802147,1,3077,scenario2
S1_reprodscen2_4,74000001,251209418240,27248300,27246753,1,3078,scenario2
S1_reprodscen2_4,74000001,251385872128,30547946,30546150,1,3079,scenario2
S1_reprodscen2_4,74000001,251551525120,28009340,28007471,1,3080,scenario2
S1_reprodscen2_4,74000001,251632818688,32100136,32098391,1,3081,scenario2
S1_reprodscen2_4,74000001,251693497600,28513161,28511429,1,3082,scenario2
S1_reprodscen2_4,74000001,251722602240,28584236,28582538,1,3083,scenario2
S1_reprodscen2_4,74000001,251757955584,28627928,28626210,1,3084,scenario2
S1_reprodscen2_4,74000001,251787791616,27233114,27231358,1,3085,scenario2
S1_reprodscen2_4,74000001,251818018816,27304174,27302392,1,3086,scenario2
S1_reprodscen2_4,74000001,251915143936,27216088,27214445,1,3087,scenario2
S1_reprodscen2_4,74000001,252191877632,225758101,225756452,8,3088,scenario2
S1_reprodscen2_4,74000001,252191977472,198847322,198845998,8,3088,scenario2
S1_reprodscen2_4,74000001,252192048896,171746200,171745030,8,3088,scenario2
S1_reprodscen2_4,74000001,252192111872,143506032,143504897,8,3088,scenario2
S1_reprodscen2_4,74000001,252192173056,115612336,115611210,8,3088,scenario2
S1_reprodscen2_4,74000001,252192234496,86143341,86142237,8,3088,scenario2
S1_reprodscen2_4,74000001,252192296704,57248748,57247635,8,3088,scenario2
S1_reprodscen2_4,74000001,252192358400,28676449,28675400,8,3088,scenario2
S1_reprodscen2_4,74000001,252250744064,58322952,58321733,2,3096,scenario2
S1_reprodscen2_4,74000001,252278360576,85940290,56135698,3,3096,scenario2
S1_reprodscen2_4,74000001,252278770432,27928533,27927222,1,3098,scenario2
S1_reprodscen2_4,74000001,252647012608,145822179,145820464,5,3099,scenario2
S1_reprodscen2_4,74000001,252647099392,115027663,115026386,5,3099,scenario2
S1_reprodscen2_4,74000001,252647161600,86377842,86376755,5,3099,scenario2
S1_reprodscen2_4,74000001,252647235328,57482768,57481554,5,3099,scenario2
S1_reprodscen2_4,74000001,252647297024,27796407,27795344,5,3099,scenario2
S1_reprodscen2_4,74000001,252680203264,27186563,27184916,1,3104,scenario2
S1_reprodscen2_4,74000001,252826767872,84523761,84521939,3,3105,scenario2
S1_reprodscen2_4,74000001,252826840320,57045017,57043818,3,3105,scenario2
S1_reprodscen2_4,74000001,252826925824,28231163,28229738,3,3105,scenario2
S1_reprodscen2_4,74000001,252918529280,85722911,85721296,3,3108,scenario2
S1_reprodscen2_4,74000001,252918629120,56708035,56706777,3,3108,scenario2
S1_reprodscen2_4,74000001,252918715648,27735717,27734049,3,3108,scenario2
S1_reprodscen2_4,74000001,252952618240,27346675,27344889,1,3111,scenario2
S1_reprodscen2_4,74000001,253026313472,53763003,53761291,2,3112,scenario2
S1_reprodscen2_4,74000001,253026410752,27107645,27106390,2,3112,scenario2
S1_reprodscen2_4,74000001,253122831616,33910644,33908957,1,3114,scenario2
S1_reprodscen2_4,74000001,253209678080,82566206,82564634,3,3115,scenario2
S1_reprodscen2_4,74000001,253209776384,54590764,54589458,3,3115,scenario2
S1_reprodscen2_4,74000001,253209860096,28090123,28089054,3,3115,scenario2
S1_reprodscen2_4,74000001,253252040448,28227858,28226181,1,3118,scenario2
S1_reprodscen2_4,74000001,253410378240,55386017,55384375,2,3119,scenario2
S1_reprodscen2_4,74000001,253410480128,27416001,27414740,2,3119,scenario2
S1_reprodscen2_4,74000001,253684653568,225193386,225191583,8,3121,scenario2
S1_reprodscen2_4,74000001,253684760320,197189706,197188241,8,3121,scenario2
S1_reprodscen2_4,74000001,253684854272,168229595,168228300,8,3121,scenario2
S1_reprodscen2_4,74000001,253684944896,139525744,139524405,8,3121,scenario2
S1_reprodscen2_4,74000001,253685020160,112769921,112768916,8,3121,scenario2
S1_reprodscen2_4,74000001,253685096192,86524778,86523638,8,3121,scenario2
S1_reprodscen2_4,74000001,253685168128,55860762,55859602,8,3121,scenario2
S1_reprodscen2_4,74000001,253685246208,28688906,28687890,8,3121,scenario2
S1_reprodscen2_4,74000001,253716304128,30990347,30988982,1,3129,scenario2
S1_reprodscen2_4,74000001,253898919936,53598005,53596189,2,3130,scenario2
S1_reprodscen2_4,74000001,253899026432,26898506,26897418,2,3130,scenario2
S1_reprodscen2_4,74000001,253989873920,80144065,80142202,3,3132,scenario2
S1_reprodscen2_4,74000001,253989993984,52246685,52245390,3,3132,scenario2
S1_reprodscen2_4,74000001,253990071296,26232344,26231152,3,3132,scenario2
S1_reprodscen2_4,74000001,254040621824,30374502,30372597,0,3135,scenario2
S1_reprodscen2_4,74000001,254071493376,27064772,27063160,1,3136,scenario2
S1_reprodscen2_4,74000001,254258565376,85924216,85922629,3,3137,scenario2
S1_reprodscen2_4,74000001,254258648832,58245241,58243890,3,3137,scenario2
S1_reprodscen2_4,74000001,254258729472,28380874,28379733,3,3137,scenario2
S1_reprodscen2_4,74000001,254480216320,112015471,112013777,4,3140,scenario2
S1_reprodscen2_4,74000001,254480323584,83517103,83515894,4,3140,scenario2
S1_reprodscen2_4,74000001,254480399104,56387106,56385989,4,3140,scenario2
S1_reprodscen2_4,74000001,254480473600,28856495,28855317,4,3140,scenario2
S1_reprodscen2_4,74000001,254588374272,57366840,57365147,2,3144,scenario2
S1_reprodscen2_4,74000001,254588471296,29422861,29421488,2,3144,scenario2
S1_reprodscen2_4,74000001,254672005376,26514806,26512982,1,3146,scenario2
S1_reprodscen2_4,74000001,254754399488,27649957,27648207,1,3147,scenario2
S1_reprodscen2_4,74000001,254797720064,27854683,27852922,1,3148,scenario2
S1_reprodscen2_4,74000001,254991380480,193536839,193535624,7,3149,scenario2
S1_reprodscen2_4,74000001,254991478016,166398775,166397708,7,3149,scenario2
S1_reprodscen2_4,74000001,254991551488,139020096,139018991,7,3149,scenario2
S1_reprodscen2_4,74000001,254991615232,112095177,112094054,7,3149,scenario2
S1_reprodscen2_4,74000001,254991678720,84777382,84776344,7,3149,scenario2
S1_reprodscen2_4,74000001,254991740672,57803381,57802456,7,3149,scenario2
S1_reprodscen2_4,74000001,254991804672,29202243,29201044,7,3149,scenario2
S1_reprodscen2_4,74000001,255040589824,31215072,31213338,1,3156,scenario2
S1_reprodscen2_4,74000001,255137154560,53618606,53616985,2,3157,scenario2
S1_reprodscen2_4,74000001,255137247488,27010038,27008814,2,3157,scenario2
S1_reprodscen2_4,74000001,255280222464,86331638,86329866,3,3159,scenario2
S1_reprodscen2_4,74000001,255280316416,57213284,57211923,3,3159,scenario2
S1_reprodscen2_4,74000001,255280393728,28298400,28297301,3,3159,scenario2
S1_reprodscen2_4,74000001,255388855040,31335492,31333781,1,3162,scenario2
S1_reprodscen2_4,74000001,255455243264,30625383,30623669,1,3163,scenario2
S1_reprodscen2_4,74000001,255715416832,225530682,225528875,8,3164,scenario2
S1_reprodscen2_4,74000001,255715541504,197577575,197576175,8,3164,scenario2
S1_reprodscen2_4,74000001,255715608576,169211178,169209972,8,3164,scenario2
S1_reprodscen2_4,74000001,255715672320,140875827,140874735,8,3164,scenario2
S1_reprodscen2_4,74000001,255715734528,113661634,113660535,8,3164,scenario2
S1_reprodscen2_4,74000001,255715798272,85004603,85003439,8,3164,scenario2
S1_reprodscen2_4,74000001,255715861504,55287169,55286067,8,3164,scenario2
S1_reprodscen2_4,74000001,255715928064,27148323,27147353,8,3164,scenario2
S1_reprodscen2_4,74000001,255831123968,115132527,115131401,4,3172,scenario2
S1_reprodscen2_4,74000001,255831249920,115259630,84007235,4,3172,scenario2
S1_reprodscen2_4,74000001,255831323392,56158771,56157514,4,3172,scenario2
S1_reprodscen2_4,74000001,255831395072,27660267,27659100,1,3175,scenario2
S1_reprodscen2_4,74000001,255965735168,30312204,30310503,1,3176,scenario2
S1_reprodscen2_4,74000001,256057735680,28108309,28106745,1,3177,scenario2
S1_reprodscen2_4,74000001,256102084096,27275328,27262813,1,3178,scenario2
S1_reprodscen2_4,74000001,256237264640,118274257,118272587,4,3179,scenario2
S1_reprodscen2_4,74000001,256237374720,88046124,88044243,4,3179,scenario2
S1_reprodscen2_4,74000001,256237472768,58694857,58692994,4,3179,scenario2
S1_reprodscen2_4,74000001,256237558528,28872037,28870440,4,3179,scenario2
S1_reprodscen2_4,74000001,256275207424,30401671,30400038,1,3183,scenario2
S1_reprodscen2_4,74000001,256450139136,61070096,61068426,2,3184,scenario2
S1_reprodscen2_4,74000001,256450273536,29472211,29470330,2,3184,scenario2
S1_reprodscen2_4,74000001,256693465856,231018271,231016684,8,3186,scenario2
S1_reprodscen2_4,74000001,256693579264,200020127,200018545,8,3186,scenario2
S1_reprodscen2_4,74000001,256693668352,171989777,171988101,8,3186,scenario2
S1_reprodscen2_4,74000001,256693752576,143143069,143141182,8,3186,scenario2
S1_reprodscen2_4,74000001,256693835520,112977225,112975620,8,3186,scenario2
S1_reprodscen2_4,74000001,256693918976,84245465,84243942,8,3186,scenario2
S1_reprodscen2_4,74000001,256694003968,56724709,56722960,8,3186,scenario2
S1_reprodscen2_4,74000001,256694106112,28898103,28896464,8,3186,scenario2
S1_reprodscen2_4,74000001,256803639296,109449369,109448209,4,3194,scenario2
S1_reprodscen2_4,74000001,256803753472,109565054,81802860,4,3194,scenario2
S1_reprodscen2_4,74000001,256803843584,54411038,54409367,4,3194,scenario2
S1_reprodscen2_4,74000001,256995956224,218409405,218408160,8,3197,scenario2
S1_reprodscen2_4,74000001,256996076800,192130842,192128548,8,3197,scenario2
S1_reprodscen2_4,74000001,256996179200,162844546,162842916,8,3197,scenario2
S1_reprodscen2_4,74000001,256996263936,135473255,135471674,8,3197,scenario2
S1_reprodscen2_4,74000001,256996349696,108522683,108521078,8,3197,scenario2
S1_reprodscen2_4,74000001,256996433152,82664504,82663147,8,3197,scenario2
S1_reprodscen2_4,74000001,256996517632,54830656,54829037,8,3197,scenario2
S1_reprodscen2_4,74000001,256996605184,28345925,28344228,8,3197,scenario2
S1_reprodscen2_4,74000001,257138745088,61605386,61603807,2,3205,scenario2
S1_reprodscen2_4,74000001,257138848000,29815608,29813665,2,3205,scenario2
S1_reprodscen2_4,74000001,257424458240,61890756,61888987,2,3207,scenario2
S1_reprodscen2_4,74000001,257424572416,30409019,30407299,2,3207,scenario2
S1_reprodscen2_4,74000001,257475499264,30543371,30541793,1,3209,scenario2
S1_reprodscen2_4,74000001,257619671808,88432806,88431041,3,3210,scenario2
S1_reprodscen2_4,74000001,257619756288,57693924,57692216,3,3210,scenario2
S1_reprodscen2_4,74000001,257619845632,30177430,30175838,3,3210,scenario2
S1_reprodscen2_4,74000001,257675593984,55628671,55627214,2,3213,scenario2
S1_reprodscen2_4,74000001,257675702528,26986753,26985154,2,3213,scenario2
S1_reprodscen2_4,74000001,257726559488,32305185,32303463,1,3215,scenario2
S1_reprodscen2_4,74000001,257856627968,117124442,117122664,4,3216,scenario2
S1_reprodscen2_4,74000001,257911644672,140023462,140022391,5,3217,scenario2
S1_reprodscen2_4,74000001,257911734784,112253246,112251701,5,3217,scenario2
S1_reprodscen2_4,74000001,257911863552,83031061,83029494,5,3217,scenario2
S1_reprodscen2_4,74000001,257911947264,55205291,55203188,5,3217,scenario2
S1_reprodscen2_4,74000001,257912036096,26529236,26527591,5,3217,scenario2
S1_reprodscen2_4,74000001,258012751616,85942611,85941034,3,3222,scenario2
S1_reprodscen2_4,74000001,258012864000,55130399,55128522,3,3222,scenario2
S1_reprodscen2_4,74000001,258012965888,27154953,27153423,3,3222,scenario2
S1_reprodscen2_4,74000001,258206269440,140843691,140842003,5,3225,scenario2
S1_reprodscen2_4,74000001,258206382848,110299607,110297615,5,3225,scenario2
S1_reprodscen2_4,74000001,258206471424,81963209,81961459,5,3225,scenario2
S1_reprodscen2_4,74000001,258206562816,53780074,53778339,5,3225,scenario2
S1_reprodscen2_4,74000001,258206648576,26268046,26266434,5,3225,scenario2
S1_reprodscen2_4,74000001,258280490496,32080555,32078784,1,3230,scenario2
S1_reprodscen2_4,74000001,258407098624,31468799,31466684,0,3231,scenario2
S1_reprodscen2_4,74000001,258634341632,227093809,227092125,8,3232,scenario2
S1_reprodscen2_4,74000001,258634455040,199512624,199510883,8,3232,scenario2
S1_reprodscen2_4,74000001,258634554112,171704672,171702888,8,3232,scenario2
S1_reprodscen2_4,74000001,258634639104,141653502,141651909,8,3232,scenario2
S1_reprodscen2_4,74000001,258634725376,115880639,115878971,8,3232,scenario2
S1_reprodscen2_4,74000001,258634809856,88182235,88180770,8,3232,scenario2
S1_reprodscen2_4,74000001,258634893824,57879436,57877834,8,3232,scenario2
S1_reprodscen2_4,74000001,258634984192,29932328,29930538,8,3232,scenario2
S1_reprodscen2_4,74000001,258720402944,85336748,85335347,3,3240,scenario2
S1_reprodscen2_4,74000001,258720513792,85449413,56498368,3,3240,scenario2
S1_reprodscen2_4,74000001,258861410048,170708611,170707321,6,3242,scenario2
S1_reprodscen2_4,74000001,258861521152,140888585,140886378,6,3242,scenario2
S1_reprodscen2_4,74000001,258861638144,112999791,112998186,6,3242,scenario2
S1_reprodscen2_4,74000001,258861725184,84053098,84051403,6,3242,scenario2
S1_reprodscen2_4,74000001,258861812224,56114655,56112887,6,3242,scenario2
S1_reprodscen2_4,74000001,258861895936,27861423,27860119,6,3242,scenario2
S1_reprodscen2_4,74000001,258925065728,53995906,53994228,2,3248,scenario2
S1_reprodscen2_4,74000001,258925197312,26303404,26301498,2,3248,scenario2
S1_reprodscen2_4,74000001,259061550336,29146973,29145401,1,3250,scenario2
S1_reprodscen2_4,74000001,259118116864,29483978,29482187,1,3251,scenario2
S1_reprodscen2_4,74000001,259176187136,57452030,57450615,2,3252,scenario2
S1_reprodscen2_4,74000001,259176277760,29601158,29600003,2,3252,scenario2
S1_reprodscen2_4,74000001,259215957760,28710134,28708403,1,3254,scenario2
S1_reprodscen2_4,74000001,259393791232,30122987,30121067,1,3255,scenario2
S1_reprodscen2_4,74000001,259492947200,90338722,90336923,3,3256,scenario2
S1_reprodscen2_4,74000001,259493056512,60662872,60661570,3,3256,scenario2
S1_reprodscen2_4,74000001,259493153024,31310284,31309100,3,3256,scenario2
S1_reprodscen2_4,74000001,259589931008,83647131,83645397,3,3259,scenario2
S1_reprodscen2_4,74000001,259590034944,56164416,56162913,3,3259,scenario2
S1_reprodscen2_4,74000001,259590109184,29485843,29484723,3,3259,scenario2
S1_reprodscen2_4,74000001,259675560960,26756630,26754995,1,3262,scenario2
S1_reprodscen2_4,74000001,259738847232,25789118,25787667,1,3263,scenario2
S1_reprodscen2_4,74000001,259782676736,26400830,26388532,1,3264,scenario2
S1_reprodscen2_4,74000001,259963473664,112973975,112972350,4,3265,scenario2
S1_reprodscen2_4,74000001,259963564288,85353794,85352516,4,3265,scenario2
S1_reprodscen2_4,74000001,259963668480,56376034,56374913,4,3265,scenario2
S1_reprodscen2_4,74000001,259963740672,28993295,28992096,4,3265,scenario2
S1_reprodscen2_4,74000001,259997308928,26977678,26976002,1,3269,scenario2
S1_reprodscen2_4,74000001,260268373760,218925406,218923670,8,3270,scenario2
S1_reprodscen2_4,74000001,260295632640,216344892,216343666,8,3271,scenario2
S1_reprodscen2_4,74000001,260295710464,187879178,187877961,8,3271,scenario2
S1_reprodscen2_4,74000001,260295801856,160272503,160271507,8,3271,scenario2
S1_reprodscen2_4,74000001,260295879168,134424726,134423612,8,3271,scenario2
S1_reprodscen2_4,74000001,260295942912,105937647,105936545,8,3271,scenario2
S1_reprodscen2_4,74000001,260296008960,79887014,79885928,8,3271,scenario2
S1_reprodscen2_4,74000001,260296071680,54925496,54924492,8,3271,scenario2
S1_reprodscen2_4,74000001,260296136960,27668033,27666921,8,3271,scenario2
S1_reprodscen2_4,74000001,260326258688,30058918,30057749,1,3279,scenario2
S1_reprodscen2_4,74000001,260657241856,219720210,219718488,8,3280,scenario2
S1_reprodscen2_4,74000001,260657332224,192473045,192471846,8,3280,scenario2
S1_reprodscen2_4,74000001,260657419008,165867930,165866814,8,3280,scenario2
S1_reprodscen2_4,74000001,260657500928,138208490,138207375,8,3280,scenario2
S1_reprodscen2_4,74000001,260657564416,109501927,109500823,8,3280,scenario2
S1_reprodscen2_4,74000001,260657627392,82308244,82307145,8,3280,scenario2
S1_reprodscen2_4,74000001,260657702144,55489825,55488743,8,3280,scenario2
S1_reprodscen2_4,74000001,260657764864,28239169,28238156,8,3280,scenario2
S1_reprodscen2_4,74000001,260885632256,227805420,227804241,8,3288,scenario2
S1_reprodscen2_4,74000001,260885715456,199956925,199955830,8,3288,scenario2
S1_reprodscen2_4,74000001,260885820928,172357731,172356643,8,3288,scenario2
S1_reprodscen2_4,74000001,260885887232,144507018,144506058,8,3288,scenario2
S1_reprodscen2_4,74000001,260885950208,115455520,115454384,8,3288,scenario2
S1_reprodscen2_4,74000001,260886013184,88607994,88607006,8,3288,scenario2
S1_reprodscen2_4,74000001,260886075136,55987717,55986622,8,3288,scenario2
S1_reprodscen2_4,74000001,260886139392,28898060,28896968,8,3288,scenario2
S1_reprodscen2_4,74000001,261036305920,111686907,111685270,4,3296,scenario2
S1_reprodscen2_4,74000001,261036387584,83453652,83440348,4,3296,scenario2
S1_reprodscen2_4,74000001,261036480768,55496064,55494872,4,3296,scenario2
S1_reprodscen2_4,74000001,261036543232,28145992,28144903,4,3296,scenario2
S1_reprodscen2_4,74000001,261143522304,82146331,82144527,3,3300,scenario2
S1_reprodscen2_4,74000001,261143603200,54044615,54043412,2,3301,scenario2
S1_reprodscen2_4,74000001,261143670016,26461023,26459867,2,3301,scenario2
S1_reprodscen2_4,74000001,261200462080,26424933,26423333,1,3303,scenario2
S1_reprodscen2_4,74000001,261282498560,55294697,55293222,2,3304,scenario2
S1_reprodscen2_4,74000001,261282621952,27592068,27590931,2,3304,scenario2
S1_reprodscen2_4,74000001,261428868608,53282183,53280549,2,3306,scenario2
S1_reprodscen2_4,74000001,261428961024,25524979,25523496,2,3306,scenario2
S1_reprodscen2_4,74000001,261457386240,26371052,26369365,1,3308,scenario2
S1_reprodscen2_4,74000001,261489883648,28619324,28617607,1,3309,scenario2
S1_reprodscen2_4,74000001,261546426880,56033720,56032013,2,3310,scenario2
S1_reprodscen2_4,74000001,261546518272,27783989,27771017,2,3310,scenario2
S1_reprodscen2_4,74000001,261641478656,87657247,87655457,3,3312,scenario2
S1_reprodscen2_4,74000001,261641607936,58726492,58725020,3,3312,scenario2
S1_reprodscen2_4,74000001,261641677824,29079733,29078083,3,3312,scenario2
S1_reprodscen2_4,74000001,261893323776,248040098,248038219,8,3315,scenario2
S1_reprodscen2_4,74000001,261893421312,217858640,217857319,8,3315,scenario2
S1_reprodscen2_4,74000001,261893504256,186880798,186879039,8,3315,scenario2
S1_reprodscen2_4,74000001,261893583104,155563610,155561691,8,3315,scenario2
S1_reprodscen2_4,74000001,261893666560,122927277,122925510,8,3315,scenario2
S1_reprodscen2_4,74000001,261893751296,91054771,91052896,8,3315,scenario2
S1_reprodscen2_4,74000001,261893820928,60821834,60820226,8,3315,scenario2
S1_reprodscen2_4,74000001,261893905152,31291868,31290131,8,3315,scenario2
S1_reprodscen2_4,74000001,261981735680,87750111,87748925,3,3323,scenario2
S1_reprodscen2_4,74000001,261981868800,87884340,58242402,3,3323,scenario2
S1_reprodscen2_4,74000001,262068477696,115364187,115362635,4,3325,scenario2
S1_reprodscen2_4,74000001,262068564992,86617219,86616094,4,3325,scenario2
S1_reprodscen2_4,74000001,262068656640,57992115,57990349,4,3325,scenario2
S1_reprodscen2_4,74000001,262068745472,29073034,29071330,4,3325,scenario2
S1_reprodscen2_4,74000001,262099526144,27638993,27637108,1,3329,scenario2
S1_reprodscen2_4,74000001,262221039104,56964067,56961412,2,3330,scenario2
S1_reprodscen2_4,74000001,262221189120,28792636,28791387,2,3330,scenario2
S1_reprodscen2_4,74000001,262434449152,28783346,28781228,1,3332,scenario2
S1_reprodscen2_4,74000001,262473718528,31958765,31956395,1,3333,scenario2
S1_reprodscen2_4,74000001,262543137024,56139661,56137919,2,3334,scenario2
S1_reprodscen2_4,74000001,262543243776,28633813,28632486,2,3334,scenario2
S1_reprodscen2_4,74000001,262579754752,27344872,27343198,1,3336,scenario2
S1_reprodscen2_4,74000001,262652606208,28940216,28938489,1,3337,scenario2
S1_reprodscen2_4,74000001,262695845376,27919028,27917289,1,3338,scenario2
S1_reprodscen2_4,74000001,262985792768,230765609,230763656,8,3339,scenario2
S1_reprodscen2_4,74000001,263015714816,233335732,233334344,8,3340,scenario2
S1_reprodscen2_4,74000001,263015804672,205446708,205445516,8,3340,scenario2
S1_reprodscen2_4,74000001,263015894528,177289811,177288621,8,3340,scenario2
S1_reprodscen2_4,74000001,263015963904,149469597,149468634,8,3340,scenario2
S1_reprodscen2_4,74000001,263016027136,119997177,119995289,8,3340,scenario2
S1_reprodscen2_4,74000001,263016089856,88763667,88761894,8,3340,scenario2
S1_reprodscen2_4,74000001,263016153600,59386790,59385550,8,3340,scenario2
S1_reprodscen2_4,74000001,263016218368,30283781,30282486,8,3340,scenario2
S1_reprodscen2_4,74000001,263098457600,82173904,82172550,3,3348,scenario2
S1_reprodscen2_4,74000001,263098552320,82269493,54096085,3,3348,scenario2
S1_reprodscen2_4,74000001,263127125248,56259821,56258450,4,3348,scenario2
S1_reprodscen2_4,74000001,263319822592,221178413,221177047,8,3351,scenario2
S1_reprodscen2_4,74000001,263319912448,192660281,192659018,8,3351,scenario2
S1_reprodscen2_4,74000001,263319990016,164667067,164665818,8,3351,scenario2
S1_reprodscen2_4,74000001,263320061440,137704883,137703750,8,3351,scenario2
S1_reprodscen2_4,74000001,263320129280,110650258,110649125,8,3351,scenario2
S1_reprodscen2_4,74000001,263320198144,82650696,82649529,8,3351,scenario2
S1_reprodscen2_4,74000001,263320265472,56087825,56086364,8,3351,scenario2
S1_reprodscen2_4,74000001,263320328448,29118231,29117128,8,3351,scenario2
S1_reprodscen2_4,74000001,263419202816,28897555,28895867,1,3359,scenario2
S1_reprodscen2_4,74000001,263674522880,233969908,233968145,8,3360,scenario2
S1_reprodscen2_4,74000001,263674636544,204862659,204860839,8,3360,scenario2
S1_reprodscen2_4,74000001,263674720256,174672587,174670975,8,3360,scenario2
S1_reprodscen2_4,74000001,263674791424,143309618,143308220,8,3360,scenario2
S1_reprodscen2_4,74000001,263674865664,114570387,114568980,8,3360,scenario2
S1_reprodscen2_4,74000001,263674932480,86328177,86327032,8,3360,scenario2
S1_reprodscen2_4,74000001,263674999808,55643388,55642062,8,3360,scenario2
S1_reprodscen2_4,74000001,263675066368,28111908,28110729,8,3360,scenario2
S1_reprodscen2_4,74000001,263732283136,57149983,57148942,2,3368,scenario2
S1_reprodscen2_4,74000001,263813424128,138291931,108749034,4,3369,scenario2
S1_reprodscen2_4,74000001,263813522688,81132376,81130651,4,3369,scenario2
S1_reprodscen2_4,74000001,263813620224,81230841,53917816,4,3369,scenario2
S1_reprodscen2_4,74000001,263982323968,196413662,196412373,7,3372,scenario2
S1_reprodscen2_4,74000001,263982408960,168707286,168705987,7,3372,scenario2
S1_reprodscen2_4,74000001,263982484480,140779945,140778777,7,3372,scenario2
S1_reprodscen2_4,74000001,263982577664,111400147,111398852,7,3372,scenario2
S1_reprodscen2_4,74000001,263982648576,83471475,83470272,7,3372,scenario2
S1_reprodscen2_4,74000001,263982720256,56858416,56857393,7,3372,scenario2
S1_reprodscen2_4,74000001,263982782976,28496059,28494781,7,3372,scenario2
S1_reprodscen2_4,74000001,264025425664,30070813,30069228,1,3379,scenario2
S1_reprodscen2_4,74000001,264178443520,141916993,141915210,5,3380,scenario2
S1_reprodscen2_4,74000001,264178561024,114519692,114518203,5,3380,scenario2
S1_reprodscen2_4,74000001,264178653952,85396092,85394647,5,3380,scenario2
S1_reprodscen2_4,74000001,264178729984,58461572,58460350,5,3380,scenario2
S1_reprodscen2_4,74000001,264178808320,29896757,29895294,5,3380,scenario2
S1_reprodscen2_4,74000001,264207576832,28199259,28197736,1,3385,scenario2
S1_reprodscen2_4,74000001,264273054464,30358086,30356319,1,3386,scenario2
S1_reprodscen2_4,74000001,264470695936,80806936,80805220,3,3387,scenario2
S1_reprodscen2_4,74000001,264470787328,53487997,53486730,3,3387,scenario2
S1_reprodscen2_4,74000001,264470872064,27108745,27107841,3,3387,scenario2
S1_reprodscen2_4,74000001,264698753024,219479731,219477896,8,3390,scenario2
S1_reprodscen2_4,74000001,264698835456,192263144,192261714,8,3390,scenario2
S1_reprodscen2_4,74000001,264698924288,164231499,164230180,8,3390,scenario2
S1_reprodscen2_4,74000001,264699005184,136970669,136969216,8,3390,scenario2
S1_reprodscen2_4,74000001,264699082496,109101434,109099946,8,3390,scenario2
S1_reprodscen2_4,74000001,264699154176,82004478,82003167,8,3390,scenario2
S1_reprodscen2_4,74000001,264699232000,54255329,54254045,8,3390,scenario2
S1_reprodscen2_4,74000001,264699303424,27354788,27353636,8,3390,scenario2
S1_reprodscen2_4,74000001,264785151744,85776880,85775708,3,3398,scenario2
S1_reprodscen2_4,74000001,264785267968,85894141,56211452,3,3398,scenario2
S1_reprodscen2_4,74000001,264785349376,28130589,28129229,3,3398,scenario2
S1_reprodscen2_4,74000001,264893786368,30288741,30286937,1,3401,scenario2
S1_reprodscen2_4,74000001,265067578880,159907017,159905436,6,3402,scenario2
S1_reprodscen2_4,74000001,265067691008,131747820,131746592,6,3402,scenario2
S1_reprodscen2_4,74000001,265067782912,104006332,104005357,6,3402,scenario2
S1_reprodscen2_4,74000001,265067846912,78111612,78110648,6,3402,scenario2
S1_reprodscen2_4,74000001,265067910400,51038368,51037277,6,3402,scenario2
S1_reprodscen2_4,74000001,265067973632,26234622,26233666,6,3402,scenario2
S1_reprodscen2_4,74000001,265169622528,81702162,81700466,3,3408,scenario2
S1_reprodscen2_4,74000001,265169718272,54662213,54660939,3,3408,scenario2
S1_reprodscen2_4,74000001,265169798144,28202193,28201133,3,3408,scenario2
S1_reprodscen2_4,74000001,265241028864,26601566,26599823,1,3411,scenario2
S1_reprodscen2_4,74000001,265358241536,86558272,86556683,3,3412,scenario2
S1_reprodscen2_4,74000001,265358338304,55140624,55139167,3,3412,scenario2
S1_reprodscen2_4,74000001,265358442240,27080290,27079052,3,3412,scenario2
S1_reprodscen2_4,74000001,265446024704,50828247,50826322,2,3415,scenario2
S1_reprodscen2_4,74000001,265446110464,25966823,25965684,2,3415,scenario2
S1_reprodscen2_4,74000001,265680133888,227541600,227539861,8,3417,scenario2
S1_reprodscen2_4,74000001,265680223744,197996188,197995008,8,3417,scenario2
S1_reprodscen2_4,74000001,265680304896,170506663,170505631,8,3417,scenario2
S1_reprodscen2_4,74000001,265680390400,143421633,143420503,8,3417,scenario2
S1_reprodscen2_4,74000001,265680454400,115789267,115788114,8,3417,scenario2
S1_reprodscen2_4,74000001,265680517120,87934210,87933073,8,3417,scenario2
S1_reprodscen2_4,74000001,265680579840,59736491,59735370,8,3417,scenario2
S1_reprodscen2_4,74000001,265680646144,30974846,30973697,8,3417,scenario2
S1_reprodscen2_4,74000001,265710478592,29765244,29764189,3,3424,scenario2
S1_reprodscen2_4,74000001,265866363648,140115734,140114168,5,3426,scenario2
S1_reprodscen2_4,74000001,265866462208,111113017,111111687,5,3426,scenario2
S1_reprodscen2_4,74000001,265866579712,83568412,83567193,5,3426,scenario2
S1_reprodscen2_4,74000001,265866646016,57373670,57372635,5,3426,scenario2
S1_reprodscen2_4,74000001,265866712832,29789257,29788332,5,3426,scenario2
S1_reprodscen2_4,74000001,265910994432,30768885,30767351,1,3431,scenario2
S1_reprodscen2_4,74000001,266082916864,110516797,110515172,4,3432,scenario2
S1_reprodscen2_4,74000001,266083026176,83300252,83298963,4,3432,scenario2
S1_reprodscen2_4,74000001,266083094016,56564612,56563565,4,3432,scenario2
S1_reprodscen2_4,74000001,266083157504,29023721,29022670,4,3432,scenario2
S1_reprodscen2_4,74000001,266154187776,27026528,27024903,1,3436,scenario2
S1_reprodscen2_4,74000001,266344509696,167950284,167948726,6,3437,scenario2
S1_reprodscen2_4,74000001,266371958272,170652134,170650882,6,3438,scenario2
S1_reprodscen2_4,74000001,266372049408,142337468,142336298,6,3438,scenario2
S1_reprodscen2_4,74000001,266372113664,114331369,114330094,6,3438,scenario2
S1_reprodscen2_4,74000001,266372184320,84337485,84336388,6,3438,scenario2
S1_reprodscen2_4,74000001,266372258048,55773990,55772955,6,3438,scenario2
S1_reprodscen2_4,74000001,266372322816,27725194,27724096,6,3438,scenario2
S1_reprodscen2_4,74000001,266659692800,228826712,228824872,8,3444,scenario2
S1_reprodscen2_4,74000001,266659769856,199029698,199028509,8,3444,scenario2
S1_reprodscen2_4,74000001,266659869696,169895951,169894697,8,3444,scenario2
S1_reprodscen2_4,74000001,266659942400,140891260,140890126,8,3444,scenario2
S1_reprodscen2_4,74000001,266660006400,114286963,114285766,8,3444,scenario2
S1_reprodscen2_4,74000001,266660069120,86411858,86410726,8,3444,scenario2
S1_reprodscen2_4,74000001,266660130816,58320503,58319420,8,3444,scenario2
S1_reprodscen2_4,74000001,266660193536,30040369,30039207,8,3444,scenario2
S1_reprodscen2_4,74000001,266688320768,28061503,28060526,3,3451,scenario2
S1_reprodscen2_4,74000001,266881229056,220970879,192836959,7,3453,scenario2
S1_reprodscen2_4,74000001,266881316864,165998253,165997238,7,3453,scenario2
S1_reprodscen2_4,74000001,266881398784,166081175,139256448,7,3453,scenario2
S1_reprodscen2_4,74000001,266881473280,111221500,111220534,7,3453,scenario2
S1_reprodscen2_4,74000001,266881533696,111282643,84141698,7,3453,scenario2
S1_reprodscen2_4,74000001,266881593344,56848556,56847424,7,3453,scenario2
S1_reprodscen2_4,74000001,267015123712,162687030,162685914,6,3459,scenario2
S1_reprodscen2_4,74000001,267015205632,133533138,133532126,6,3459,scenario2
S1_reprodscen2_4,74000001,267015305728,105603615,105602432,6,3459,scenario2
S1_reprodscen2_4,74000001,267015379200,79212196,79211085,6,3459,scenario2
S1_reprodscen2_4,74000001,267015448320,51602564,51601443,6,3459,scenario2
S1_reprodscen2_4,74000001,267015511040,26253955,26252913,6,3459,scenario2
S1_reprodscen2_4,74000001,267195116032,110130805,110129283,4,3465,scenario2
S1_reprodscen2_4,74000001,267195203840,81206254,81205025,4,3465,scenario2
S1_reprodscen2_4,74000001,267195320320,54148935,54147842,4,3465,scenario2
S1_reprodscen2_4,74000001,267195391744,27440341,27439262,4,3465,scenario2
S1_reprodscen2_4,74000001,267249937408,54019367,54018065,2,3469,scenario2
S1_reprodscen2_4,74000001,267250024448,26517636,26516447,2,3469,scenario2
S1_reprodscen2_4,74000001,267292856576,27703923,27702219,1,3471,scenario2
S1_reprodscen2_4,74000001,267329225984,28996840,28995154,1,3472,scenario2
S1_reprodscen2_4,74000001,267664225792,223815011,223813195,8,3473,scenario2
S1_reprodscen2_4,74000001,267664329472,191761400,191760087,8,3473,scenario2
S1_reprodscen2_4,74000001,267664410112,163974923,163973939,8,3473,scenario2
S1_reprodscen2_4,74000001,267664476928,136964999,136964025,8,3473,scenario2
S1_reprodscen2_4,74000001,267664543744,110701528,110700493,8,3473,scenario2
S1_reprodscen2_4,74000001,267664605440,81910027,81908943,8,3473,scenario2
S1_reprodscen2_4,74000001,267664667648,54600482,54599514,8,3473,scenario2
S1_reprodscen2_4,74000001,267664729600,27572279,27571197,8,3473,scenario2
S1_reprodscen2_4,74000001,267748653568,83860472,83859473,3,3481,scenario2
S1_reprodscen2_4,74000001,267748752128,83959934,55459201,3,3481,scenario2
S1_reprodscen2_4,74000001,267748838400,26834627,26833682,3,3481,scenario2
S1_reprodscen2_4,74000001,268000548864,221670194,221668540,8,3484,scenario2
S1_reprodscen2_4,74000001,268000656128,189722605,189721509,8,3484,scenario2
S1_reprodscen2_4,74000001,268000729600,163163657,163162734,8,3484,scenario2
S1_reprodscen2_4,74000001,268000795136,134957351,134956401,8,3484,scenario2
S1_reprodscen2_4,74000001,268000867840,108522954,108521802,8,3484,scenario2
S1_reprodscen2_4,74000001,268000933120,82092139,82091153,8,3484,scenario2
S1_reprodscen2_4,74000001,268000995328,56127966,56126996,8,3484,scenario2
S1_reprodscen2_4,74000001,268001060608,28334484,28333579,8,3484,scenario2
S1_reprodscen2_4,74000001,268077219584,76094551,76093556,3,3492,scenario2
S1_reprodscen2_4,74000001,268077332480,76208326,49717840,3,3492,scenario2
S1_reprodscen2_4,74000001,268104688384,53361952,53361252,4,3492,scenario2
S1_reprodscen2_4,74000001,268104724992,27307668,27306767,4,3492,scenario2
S1_reprodscen2_4,74000001,268159263232,54476781,54475963,2,3496,scenario2
S1_reprodscen2_4,74000001,268159346944,29357053,29356084,2,3496,scenario2
S1_reprodscen2_4,74000001,268217296128,25528552,25526953,1,3498,scenario2
S1_reprodscen2_4,74000001,268282933504,54966600,54964831,2,3499,scenario2
S1_reprodscen2_4,74000001,268283020544,26470385,26468868,2,3499,scenario2
S1_reprodscen2_4,74000001,268343653376,55390706,55389036,2,3501,scenario2
S1_reprodscen2_4,74000001,268343729920,26414361,26413168,2,3501,scenario2
S1_reprodscen2_4,74000001,268634672128,221971278,221969633,8,3503,scenario2
S1_reprodscen2_4,74000001,268634774784,194145313,194144120,8,3503,scenario2
S1_reprodscen2_4,74000001,268634862592,168294302,168293290,8,3503,scenario2
S1_reprodscen2_4,74000001,268634936320,139829108,139828001,8,3503,scenario2
S1_reprodscen2_4,74000001,268634999296,111098325,111097411,8,3503,scenario2
S1_reprodscen2_4,74000001,268635065088,82456187,82455277,8,3503,scenario2
S1_reprodscen2_4,74000001,268635128576,55188206,55187254,8,3503,scenario2
S1_reprodscen2_4,74000001,268635198976,27659976,27658904,8,3503,scenario2
S1_reprodscen2_4,74000001,268717600768,82332987,82332138,3,3511,scenario2
S1_reprodscen2_4,74000001,268744272640,109005828,80947258,4,3511,scenario2
S1_reprodscen2_4,74000001,268744359680,53085734,53072971,4,3511,scenario2
S1_reprodscen2_4,74000001,268936564480,218823531,218822359,8,3514,scenario2
S1_reprodscen2_4,74000001,268936665856,192196609,192195572,8,3514,scenario2
S1_reprodscen2_4,74000001,268936753152,165742532,165741690,8,3514,scenario2
S1_reprodscen2_4,74000001,268936817408,137274674,137273755,8,3514,scenario2
S1_reprodscen2_4,74000001,268936878336,110736117,110735163,8,3514,scenario2
S1_reprodscen2_4,74000001,268936942080,83587498,83586543,8,3514,scenario2
S1_reprodscen2_4,74000001,268937006080,54792880,54791987,8,3514,scenario2
S1_reprodscen2_4,74000001,268937068032,26603839,26602831,8,3514,scenario2
S1_reprodscen2_4,74000001,268963709440,26573839,26572909,3,3520,scenario2
S1_reprodscen2_4,74000001,269046203392,109068584,82393904,3,3523,scenario2
S1_reprodscen2_4,74000001,269046286336,53772405,53771426,3,3523,scenario2
S1_reprodscen2_4,74000001,269046371840,26244163,26243235,1,3525,scenario2
S1_reprodscen2_4,74000001,269231187968,160846526,160844965,6,3526,scenario2
S1_reprodscen2_4,74000001,269231300864,132836141,132834933,6,3526,scenario2
S1_reprodscen2_4,74000001,269231397888,106742082,106741137,6,3526,scenario2
S1_reprodscen2_4,74000001,269231467008,78855502,78854437,6,3526,scenario2
S1_reprodscen2_4,74000001,269231536640,53249449,53248327,6,3526,scenario2
S1_reprodscen2_4,74000001,269231599616,26347327,26346374,6,3526,scenario2
S1_reprodscen2_4,74000001,269299560448,27004545,27002983,1,3532,scenario2
S1_reprodscen2_4,74000001,269604003328,134338196,134336636,5,3533,scenario2
S1_reprodscen2_4,74000001,269604107776,106341189,106340004,5,3533,scenario2
S1_reprodscen2_4,74000001,269604172544,80218465,80217421,5,3533,scenario2
S1_reprodscen2_4,74000001,269604239616,52732794,52731804,5,3533,scenario2
S1_reprodscen2_4,74000001,269604302080,26497626,26496702,5,3533,scenario2
S1_reprodscen2_4,74000001,269692614912,82892446,82890980,3,3538,scenario2
S1_reprodscen2_4,74000001,269692721920,54901737,54900563,3,3538,scenario2
S1_reprodscen2_4,74000001,269692805888,27347383,27346282,3,3538,scenario2
S1_reprodscen2_4,74000001,269783631616,57252623,57251225,2,3541,scenario2
S1_reprodscen2_4,74000001,269783724032,27183271,27182074,2,3541,scenario2
S1_reprodscen2_4,74000001,269818226944,27410399,27408809,1,3543,scenario2
S1_reprodscen2_4,74000001,269854107648,29052481,29050914,1,3544,scenario2
S1_reprodscen2_4,74000001,269891753984,27493035,27491464,1,3545,scenario2
S1_reprodscen2_4,74000001,269930110720,25675513,25673878,1,3546,scenario2
S1_reprodscen2_4,74000001,270101028608,165387206,165385608,6,3547,scenario2
S1_reprodscen2_4,74000001,270101123584,138796737,138795492,6,3547,scenario2
S1_reprodscen2_4,74000001,270101193472,109952703,109951585,6,3547,scenario2
S1_reprodscen2_4,74000001,270101257984,82780973,82779979,6,3547,scenario2
S1_reprodscen2_4,74000001,270101324032,55640065,55639002,6,3547,scenario2
S1_reprodscen2_4,74000001,270101385728,27904696,27903645,6,3547,scenario2
S1_reprodscen2_4,74000001,270398393856,222479950,222478289,8,3553,scenario2
S1_reprodscen2_4,74000001,270398491392,193524222,193522969,8,3553,scenario2
S1_reprodscen2_4,74000001,270398575872,167427255,167425935,8,3553,scenario2
S1_reprodscen2_4,74000001,270398648320,136481660,136480506,8,3553,scenario2
S1_reprodscen2_4,74000001,270398719488,110762116,110761162,8,3553,scenario2
S1_reprodscen2_4,74000001,270398792704,84498743,84497692,8,3553,scenario2
S1_reprodscen2_4,74000001,270398859008,57852190,57851039,8,3553,scenario2
S1_reprodscen2_4,74000001,270398924544,29645911,29644791,8,3553,scenario2
S1_reprodscen2_4,74000001,270486786816,87794840,87793642,3,3561,scenario2
S1_reprodscen2_4,74000001,270511797504,112806303,84477221,4,3561,scenario2
S1_reprodscen2_4,74000001,270511876608,55550994,55549916,4,3561,scenario2
S1_reprodscen2_4,74000001,270511962624,25042932,25041942,3,3562,scenario2
S1_reprodscen2_4,74000001,270537472768,25427383,25426488,1,3565,scenario2
S1_reprodscen2_4,74000001,270767934208,222343867,222342033,8,3566,scenario2
S1_reprodscen2_4,74000001,270768055296,196987191,196985916,8,3566,scenario2
S1_reprodscen2_4,74000001,270768135424,169808822,169807574,8,3566,scenario2
S1_reprodscen2_4,74000001,270768213248,142433997,142431840,8,3566,scenario2
S1_reprodscen2_4,74000001,270768278016,113395421,113394052,8,3566,scenario2
S1_reprodscen2_4,74000001,270768343296,82260077,82258792,8,3566,scenario2
S1_reprodscen2_4,74000001,270768406016,55852508,55851417,8,3566,scenario2
S1_reprodscen2_4,74000001,270768472832,29914290,29913210,8,3566,scenario2
S1_reprodscen2_4,74000001,270883138816,114601518,114600378,4,3574,scenario2
S1_reprodscen2_4,74000001,270883226368,114689951,85095787,4,3574,scenario2
S1_reprodscen2_4,74000001,270883321344,56237578,56236387,4,3574,scenario2
S1_reprodscen2_4,74000001,270910612480,54148252,54147294,3,3577,scenario2
S1_reprodscen2_4,74000001,270936448256,53039497,53038525,2,3578,scenario2
S1_reprodscen2_4,74000001,270936528384,25820306,25819259,2,3578,scenario2
S1_reprodscen2_4,74000001,271030514688,54124783,54123152,2,3580,scenario2
S1_reprodscen2_4,74000001,271030624000,26186141,26184900,2,3580,scenario2
S1_reprodscen2_4,74000001,271084662016,50911325,50909797,2,3582,scenario2
S1_reprodscen2_4,74000001,271084751360,25420920,25419866,2,3582,scenario2
S1_reprodscen2_4,74000001,271310776320,216495734,216493886,8,3584,scenario2
S1_reprodscen2_4,74000001,271310883840,189014251,189012399,8,3584,scenario2
S1_reprodscen2_4,74000001,271310997248,163489026,163487969,8,3584,scenario2
S1_reprodscen2_4,74000001,271311073792,136893767,136892600,8,3584,scenario2
S1_reprodscen2_4,74000001,271311139584,108849356,108848325,8,3584,scenario2
S1_reprodscen2_4,74000001,271311217664,81928591,81927685,8,3584,scenario2
S1_reprodscen2_4,74000001,271311279872,55953985,55952953,8,3584,scenario2
S1_reprodscen2_4,74000001,271311343616,26601037,26599987,8,3584,scenario2
S1_reprodscen2_4,74000001,271338104064,26698063,26697163,4,3589,scenario2
S1_reprodscen2_4,74000001,271421910272,110505130,83718518,3,3593,scenario2
S1_reprodscen2_4,74000001,271421979648,55214837,55213759,3,3593,scenario2
S1_reprodscen2_4,74000001,271422090496,27186397,27185505,1,3595,scenario2
S1_reprodscen2_4,74000001,271598558208,109815794,109814146,4,3596,scenario2
S1_reprodscen2_4,74000001,271598669824,81938813,81937599,4,3596,scenario2
S1_reprodscen2_4,74000001,271598740736,54374082,54372998,4,3596,scenario2
S1_reprodscen2_4,74000001,271598821632,27236452,27235476,4,3596,scenario2
S1_reprodscen2_4,74000001,271695970560,56215198,56213636,2,3600,scenario2
S1_reprodscen2_4,74000001,271696078336,27534968,27533665,2,3600,scenario2
S1_reprodscen2_4,74000001,271927192320,214111915,214110461,8,3602,scenario2
S1_reprodscen2_4,74000001,271927283200,184989756,184988798,8,3602,scenario2
S1_reprodscen2_4,74000001,271927364608,159931806,159930928,8,3602,scenario2
S1_reprodscen2_4,74000001,271927445504,133430157,133429078,8,3602,scenario2
S1_reprodscen2_4,74000001,271927508480,105244334,105243200,8,3602,scenario2
S1_reprodscen2_4,74000001,271927569664,77159501,77158276,8,3602,scenario2
S1_reprodscen2_4,74000001,271927634944,50673761,50672716,8,3602,scenario2
S1_reprodscen2_4,74000001,271927698432,25431679,25430595,8,3602,scenario2
S1_reprodscen2_4,74000001,272035512064,107748591,107747599,4,3610,scenario2
S1_reprodscen2_4,74000001,272035608832,107846138,77419736,4,3610,scenario2
S1_reprodscen2_4,74000001,272035674112,52925374,52924295,4,3610,scenario2
S1_reprodscen2_4,74000001,272197318656,187525437,187524068,7,3613,scenario2
S1_reprodscen2_4,74000001,272197422080,161655489,161654388,7,3613,scenario2
S1_reprodscen2_4,74000001,272197496064,134435430,134434431,7,3613,scenario2
S1_reprodscen2_4,74000001,272197576704,108722850,108721930,7,3613,scenario2
S1_reprodscen2_4,74000001,272197639680,81083080,81082027,7,3613,scenario2
S1_reprodscen2_4,74000001,272197714176,54193567,54192425,7,3613,scenario2
S1_reprodscen2_4,74000001,272197774848,28217307,28216233,7,3613,scenario2
S1_reprodscen2_4,74000001,272412178944,195292223,195290727,7,3620,scenario2
S1_reprodscen2_4,74000001,272412283648,164841852,164840583,7,3620,scenario2
S1_reprodscen2_4,74000001,272412366848,133687538,133686408,7,3620,scenario2
S1_reprodscen2_4,74000001,272412434688,106850285,106849264,7,3620,scenario2
S1_reprodscen2_4,74000001,272412495616,80963869,80962766,7,3620,scenario2
S1_reprodscen2_4,74000001,272412559616,54325404,54324380,7,3620,scenario2
S1_reprodscen2_4,74000001,272412620800,27187635,27186584,7,3620,scenario2
S1_reprodscen2_4,74000001,272492196608,31060449,31058868,1,3627,scenario2
S1_reprodscen2_4,74000001,272568172288,27630314,27628753,1,3628,scenario2
S1_reprodscen2_4,74000001,272683644416,105065280,105063610,4,3629,scenario2
S1_reprodscen2_4,74000001,272683723008,79289864,79288820,4,3629,scenario2
S1_reprodscen2_4,74000001,272683811328,53824656,53823697,4,3629,scenario2
S1_reprodscen2_4,74000001,272683890688,26568693,26567626,4,3629,scenario2
S1_reprodscen2_4,74000001,272720189440,25725801,25724188,1,3633,scenario2
S1_reprodscen2_4,74000001,272939927808,210277660,210276020,8,3634,scenario2
S1_reprodscen2_4,74000001,272940028672,186142233,186141214,8,3634,scenario2
S1_reprodscen2_4,74000001,272940095232,160033748,160032675,8,3634,scenario2
S1_reprodscen2_4,74000001,272940181760,132348724,132347539,8,3634,scenario2
S1_reprodscen2_4,74000001,272940244736,104930730,104929692,8,3634,scenario2
S1_reprodscen2_4,74000001,272940311040,78624488,78623642,8,3634,scenario2
S1_reprodscen2_4,74000001,272940374016,52606648,52605703,8,3634,scenario2
S1_reprodscen2_4,74000001,272940440064,27678875,27677913,8,3634,scenario2
S1_reprodscen2_4,74000001,273020962560,80452438,80451527,3,3642,scenario2
S1_reprodscen2_4,74000001,273021038848,80529804,51541514,3,3642,scenario2
S1_reprodscen2_4,74000001,273151869952,157413483,157412449,6,3644,scenario2
S1_reprodscen2_4,74000001,273151958528,130832494,130831457,6,3644,scenario2
S1_reprodscen2_4,74000001,273152035840,103566831,103565882,6,3644,scenario2
S1_reprodscen2_4,74000001,273152110080,78302535,78301699,6,3644,scenario2
S1_reprodscen2_4,74000001,273152173312,51642967,51642121,6,3644,scenario2
S1_reprodscen2_4,74000001,273152245504,26092177,26091284,6,3644,scenario2
S1_reprodscen2_4,74000001,273389130752,210139872,210138143,8,3650,scenario2
S1_reprodscen2_4,74000001,273389225216,184428326,184427329,8,3650,scenario2
S1_reprodscen2_4,74000001,273389315328,156755573,156742709,8,3650,scenario2
S1_reprodscen2_4,74000001,273389399296,130586780,130585662,8,3650,scenario2
S1_reprodscen2_4,74000001,273389463552,103013118,103011994,8,3650,scenario2
S1_reprodscen2_4,74000001,273389532928,75528740,75527581,8,3650,scenario2
S1_reprodscen2_4,74000001,273389595392,50440487,50439482,8,3650,scenario2
S1_reprodscen2_4,74000001,273389658368,24838999,24837926,8,3650,scenario2
S1_reprodscen2_4,74000001,273416868096,27142832,27141790,1,3658,scenario2
S1_reprodscen2_4,74000001,273518359552,32574188,32572582,1,3659,scenario2
S1_reprodscen2_4,74000001,273659676416,138722740,138721025,5,3660,scenario2
S1_reprodscen2_4,74000001,273765787904,216513049,216511968,8,3661,scenario2
S1_reprodscen2_4,74000001,273765882624,190721038,190719992,8,3661,scenario2
S1_reprodscen2_4,74000001,273765966848,163233923,163232971,8,3661,scenario2
S1_reprodscen2_4,74000001,273766035968,134741165,134740033,8,3661,scenario2
S1_reprodscen2_4,74000001,273766099200,106299356,106298278,8,3661,scenario2
S1_reprodscen2_4,74000001,273766161664,80489105,80488135,8,3661,scenario2
S1_reprodscen2_4,74000001,273766226432,55435205,55434078,8,3661,scenario2
S1_reprodscen2_4,74000001,273766299392,26773298,26772309,8,3661,scenario2
S1_reprodscen2_4,74000001,273947734784,181367545,181366676,7,3669,scenario2
S1_reprodscen2_4,74000001,273947839232,181472929,154804829,7,3669,scenario2
S1_reprodscen2_4,74000001,273947911424,129659123,129658191,7,3669,scenario2
S1_reprodscen2_4,74000001,273947985664,129734290,101593243,7,3669,scenario2
S1_reprodscen2_4,74000001,273948047360,76469063,76468244,7,3669,scenario2
S1_reprodscen2_4,74000001,273948106240,76528407,52379506,7,3669,scenario2
S1_reprodscen2_4,74000001,273974171136,52098417,52097534,4,3673,scenario2
S1_reprodscen2_4,74000001,274159155968,210979076,210978124,8,3676,scenario2
S1_reprodscen2_4,74000001,274159245312,184977955,184976941,8,3676,scenario2
S1_reprodscen2_4,74000001,274159317760,156468404,156467302,8,3676,scenario2
S1_reprodscen2_4,74000001,274159390720,129252514,129251451,8,3676,scenario2
S1_reprodscen2_4,74000001,274159451648,105280694,105279826,8,3676,scenario2
S1_reprodscen2_4,74000001,274159512576,79960734,79959688,8,3676,scenario2
S1_reprodscen2_4,74000001,274159577856,54722311,54721249,8,3676,scenario2
S1_reprodscen2_4,74000001,274159644416,26516650,26515503,8,3676,scenario2
S1_reprodscen2_4,74000001,274186792960,27087421,27086187,1,3684,scenario2
S1_reprodscen2_4,74000001,274296706304,109772195,109771100,4,3685,scenario2
S1_reprodscen2_4,74000001,274296796672,82939861,82938828,4,3685,scenario2
S1_reprodscen2_4,74000001,274296890368,55533134,55531942,4,3685,scenario2
S1_reprodscen2_4,74000001,274296954112,27915107,27914081,4,3685,scenario2
S1_reprodscen2_4,74000001,274371791872,54115527,54113822,2,3689,scenario2
S1_reprodscen2_4,74000001,274371885312,27058802,27057595,2,3689,scenario2
S1_reprodscen2_4,74000001,274688484608,219433258,219431653,8,3691,scenario2
S1_reprodscen2_4,74000001,274688599296,191332318,191331105,8,3691,scenario2
S1_reprodscen2_4,74000001,274688696064,163939809,163938766,8,3691,scenario2
S1_reprodscen2_4,74000001,274688772096,136214953,136213783,8,3691,scenario2
S1_reprodscen2_4,74000001,274688840960,106835593,106834566,8,3691,scenario2
S1_reprodscen2_4,74000001,274688912896,78683399,78682395,8,3691,scenario2
S1_reprodscen2_4,74000001,274688981760,51841524,51840410,8,3691,scenario2
S1_reprodscen2_4,74000001,274689047552,26874055,26872990,8,3691,scenario2
S1_reprodscen2_4,74000001,274824064768,134944216,134943202,5,3699,scenario2
S1_reprodscen2_4,74000001,274824160512,135040936,104084218,5,3699,scenario2
S1_reprodscen2_4,74000001,274824250880,78463652,78462775,5,3699,scenario2
S1_reprodscen2_4,74000001,274824316928,78530125,55028429,5,3699,scenario2
S1_reprodscen2_4,74000001,274824382976,29511766,29510716,5,3699,scenario2
S1_reprodscen2_4,74000001,274889139456,30721686,30719973,1,3704,scenario2
S1_reprodscen2_4,74000001,275087051264,183513467,183511699,7,3705,scenario2
S1_reprodscen2_4,74000001,275087157504,154248491,154247225,7,3705,scenario2
S1_reprodscen2_4,74000001,275087239168,130030315,130029254,7,3705,scenario2
S1_reprodscen2_4,74000001,275087312640,103814029,103812915,7,3705,scenario2
S1_reprodscen2_4,74000001,275087379712,78196385,78195299,7,3705,scenario2
S1_reprodscen2_4,74000001,275087443200,53018467,53017339,7,3705,scenario2
S1_reprodscen2_4,74000001,275087508736,26888300,26887126,7,3705,scenario2
S1_reprodscen2_4,74000001,275119556096,28562641,28561012,1,3712,scenario2
S1_reprodscen2_4,74000001,275338378752,211110018,211108283,8,3713,scenario2
S1_reprodscen2_4,74000001,275338483200,183840370,183839087,8,3713,scenario2
S1_reprodscen2_4,74000001,275338575616,158017728,158016431,8,3713,scenario2
S1_reprodscen2_4,74000001,275338644736,131068095,131066969,8,3713,scenario2
S1_reprodscen2_4,74000001,275338708224,106497761,106496795,8,3713,scenario2
S1_reprodscen2_4,74000001,275338770944,82190802,82189844,8,3713,scenario2
S1_reprodscen2_4,74000001,275338848512,57339037,57338035,8,3713,scenario2
S1_reprodscen2_4,74000001,275338910720,29473359,29472251,8,3713,scenario2
S1_reprodscen2_4,74000001,275392687616,53694165,53692966,2,3721,scenario2
S1_reprodscen2_4,74000001,275419658752,53834042,53832828,2,3722,scenario2
S1_reprodscen2_4,74000001,275419753728,26970907,26969793,2,3722,scenario2
S1_reprodscen2_4,74000001,275686220800,218562765,218561067,8,3724,scenario2
S1_reprodscen2_4,74000001,275686335232,192201587,192200328,8,3724,scenario2
S1_reprodscen2_4,74000001,275686418432,166554376,166553299,8,3724,scenario2
S1_reprodscen2_4,74000001,275686493696,139818770,139817566,8,3724,scenario2
S1_reprodscen2_4,74000001,275686577408,111613813,111612790,8,3724,scenario2
S1_reprodscen2_4,74000001,275686648832,85082374,85081307,8,3724,scenario2
S1_reprodscen2_4,74000001,275686717440,57712815,57711628,8,3724,scenario2
S1_reprodscen2_4,74000001,275686782208,29637398,29636300,8,3724,scenario2
S1_reprodscen2_4,74000001,275716446976,29593989,29593021,6,3727,scenario2
S1_reprodscen2_4,74000001,275847212032,160360224,130668975,5,3733,scenario2
S1_reprodscen2_4,74000001,275872982272,129816201,129815144,6,3733,scenario2
S1_reprodscen2_4,74000001,275873068800,129903519,102825223,6,3733,scenario2
S1_reprodscen2_4,74000001,275873168128,77790286,77789372,6,3733,scenario2
S1_reprodscen2_4,74000001,275873236224,77858969,52542541,6,3733,scenario2
S1_reprodscen2_4,74000001,276061096448,213749570,213748329,8,3738,scenario2
S1_reprodscen2_4,74000001,276061186816,187876042,187875043,8,3738,scenario2
S1_reprodscen2_4,74000001,276061277952,162323847,162322919,8,3738,scenario2
S1_reprodscen2_4,74000001,276061355008,137001481,137000495,8,3738,scenario2
S1_reprodscen2_4,74000001,276061416704,106548040,106546890,8,3738,scenario2
S1_reprodscen2_4,74000001,276061484032,80731477,80730532,8,3738,scenario2
S1_reprodscen2_4,74000001,276061548032,54460115,54459039,8,3738,scenario2
S1_reprodscen2_4,74000001,276061611520,26768808,26753483,8,3738,scenario2
S1_reprodscen2_4,74000001,276090091520,28412798,28411826,6,3741,scenario2
S1_reprodscen2_4,74000001,276169137664,107459762,78951448,3,3747,scenario2
S1_reprodscen2_4,74000001,276169207296,54178058,54177080,3,3747,scenario2
S1_reprodscen2_4,74000001,276325384448,183480962,183479872,7,3749,scenario2
S1_reprodscen2_4,74000001,276325487872,156171078,156169932,7,3749,scenario2
S1_reprodscen2_4,74000001,276325582080,130336817,130335730,7,3749,scenario2
S1_reprodscen2_4,74000001,276325647872,102955829,102954750,7,3749,scenario2
S1_reprodscen2_4,74000001,276325718016,77345212,77344087,7,3749,scenario2
S1_reprodscen2_4,74000001,276325783808,51311997,51311048,7,3749,scenario2
S1_reprodscen2_4,74000001,276325854720,26747595,26746599,7,3749,scenario2
S1_reprodscen2_4,74000001,276370785024,25512448,25510771,1,3756,scenario2
S1_reprodscen2_4,74000001,276609519104,135051362,135049511,5,3757,scenario2
S1_reprodscen2_4,74000001,276730193664,229790861,229789426,8,3758,scenario2
S1_reprodscen2_4,74000001,276730301440,203609515,203608325,8,3758,scenario2
S1_reprodscen2_4,74000001,276730385664,176443502,176442415,8,3758,scenario2
S1_reprodscen2_4,74000001,276730450176,150402218,150400902,8,3758,scenario2
S1_reprodscen2_4,74000001,276730564352,120923844,120922275,8,3758,scenario2
S1_reprodscen2_4,74000001,276730632704,91102537,91101365,8,3758,scenario2
S1_reprodscen2_4,74000001,276730696448,61006473,61005194,8,3758,scenario2
S1_reprodscen2_4,74000001,276730760960,29465151,29463868,8,3758,scenario2
S1_reprodscen2_4,74000001,276841253120,110415437,110414496,4,3766,scenario2
S1_reprodscen2_4,74000001,276841344512,110507798,81771121,4,3766,scenario2
S1_reprodscen2_4,74000001,276841476864,55706260,55705101,4,3766,scenario2
S1_reprodscen2_4,74000001,277027620352,216501869,216500890,8,3769,scenario2
S1_reprodscen2_4,74000001,277027718144,186165822,186153156,8,3769,scenario2
S1_reprodscen2_4,74000001,277027808768,158846468,158845622,8,3769,scenario2
S1_reprodscen2_4,74000001,277027871488,130803775,130802411,8,3769,scenario2
S1_reprodscen2_4,74000001,277027935744,104713826,104712752,8,3769,scenario2
S1_reprodscen2_4,74000001,277028023040,78626102,78624940,8,3769,scenario2
S1_reprodscen2_4,74000001,277028086784,52194130,52193069,8,3769,scenario2
S1_reprodscen2_4,74000001,277028161024,26472823,26471677,8,3769,scenario2
S1_reprodscen2_4,74000001,277256846336,224244233,224242445,8,3777,scenario2
S1_reprodscen2_4,74000001,277256938240,193384366,193383211,8,3777,scenario2
S1_reprodscen2_4,74000001,277257042688,165157740,165156854,8,3777,scenario2
S1_reprodscen2_4,74000001,277257110528,140105239,140104398,8,3777,scenario2
S1_reprodscen2_4,74000001,277257175040,112436764,112435861,8,3777,scenario2
S1_reprodscen2_4,74000001,277257242880,84010030,84009174,8,3777,scenario2
S1_reprodscen2_4,74000001,277257308160,56465390,56464445,8,3777,scenario2
S1_reprodscen2_4,74000001,277257373184,29257452,29256621,8,3777,scenario2
S1_reprodscen2_4,74000001,277336181760,78741291,78740400,3,3785,scenario2
S1_reprodscen2_4,74000001,277336250368,78810808,50789969,3,3785,scenario2
S1_reprodscen2_4,74000001,277336350464,25160622,25159476,3,3785,scenario2
S1_reprodscen2_4,74000001,277389035520,52611983,52610893,2,3788,scenario2
S1_reprodscen2_4,74000001,277389118976,26511425,26510253,2,3788,scenario2
S1_reprodscen2_4,74000001,277631791104,160404609,160403021,6,3790,scenario2
S1_reprodscen2_4,74000001,277631877888,132720480,132719301,6,3790,scenario2
S1_reprodscen2_4,74000001,277631963648,105393082,105392148,6,3790,scenario2
S1_reprodscen2_4,74000001,277632037120,79158691,79157623,6,3790,scenario2
S1_reprodscen2_4,74000001,277632119552,53130450,53129514,6,3790,scenario2
S1_reprodscen2_4,74000001,277632188160,25788842,25787882,6,3790,scenario2
S1_reprodscen2_4,74000001,277673657088,28067902,28066545,1,3796,scenario2
S1_reprodscen2_4,74000001,277913775872,217060207,217057898,8,3797,scenario2
S1_reprodscen2_4,74000001,277913908480,191927058,191925834,8,3797,scenario2
S1_reprodscen2_4,74000001,277914025472,165915990,165915142,8,3797,scenario2
S1_reprodscen2_4,74000001,277914092288,136584790,136583866,8,3797,scenario2
S1_reprodscen2_4,74000001,277914157056,108705603,108704465,8,3797,scenario2
S1_reprodscen2_4,74000001,277914220032,81712224,81711306,8,3797,scenario2
S1_reprodscen2_4,74000001,277914282496,55573473,55572300,8,3797,scenario2
S1_reprodscen2_4,74000001,277914349312,28597181,28596255,8,3797,scenario2
S1_reprodscen2_4,74000001,278078283520,163868159,163867139,6,3805,scenario2
S1_reprodscen2_4,74000001,278078371328,163957063,134538671,6,3805,scenario2
S1_reprodscen2_4,74000001,278078479104,109076103,109075234,6,3805,scenario2
S1_reprodscen2_4,74000001,278078550784,109148365,81100704,6,3805,scenario2
S1_reprodscen2_4,74000001,278078613248,55313105,55312163,6,3805,scenario2
S1_reprodscen2_4,74000001,278260321024,210080114,210079098,8,3810,scenario2
S1_reprodscen2_4,74000001,278260402944,181713090,181711970,8,3810,scenario2
S1_reprodscen2_4,74000001,278260509184,155283757,155282444,8,3810,scenario2
S1_reprodscen2_4,74000001,278260588800,129517462,129516379,8,3810,scenario2
S1_reprodscen2_4,74000001,278260665600,102248545,102247253,8,3810,scenario2
S1_reprodscen2_4,74000001,278260734208,76224714,76223841,8,3810,scenario2
S1_reprodscen2_4,74000001,278260797696,51636716,51635864,8,3810,scenario2
S1_reprodscen2_4,74000001,278260858880,26472018,26471196,8,3810,scenario2
S1_reprodscen2_4,74000001,278337903360,76980860,76979747,3,3818,scenario2
S1_reprodscen2_4,74000001,278367553536,106631911,78914472,4,3818,scenario2
S1_reprodscen2_4,74000001,278367635200,55122344,55121464,4,3818,scenario2
S1_reprodscen2_4,74000001,278421979136,83954568,83953574,3,3821,scenario2
S1_reprodscen2_4,74000001,278422059008,54291241,54290187,3,3821,scenario2
S1_reprodscen2_4,74000001,278422173184,28717162,28716351,3,3821,scenario2
S1_reprodscen2_4,74000001,278707269888,209050502,209048935,8,3824,scenario2
S1_reprodscen2_4,74000001,278707358720,183075583,183074501,8,3824,scenario2
S1_reprodscen2_4,74000001,278707456512,157791019,157789858,8,3824,scenario2
S1_reprodscen2_4,74000001,278707527680,132508341,132507400,8,3824,scenario2
S1_reprodscen2_4,74000001,278707601408,107555745,107554780,8,3824,scenario2
S1_reprodscen2_4,74000001,278707664128,80282926,80282056,8,3824,scenario2
S1_reprodscen2_4,74000001,278707727872,54264248,54263126,8,3824,scenario2
S1_reprodscen2_4,74000001,278707790336,28250594,28249751,8,3824,scenario2
S1_reprodscen2_4,74000001,278790245120,82381371,82380509,3,3832,scenario2
S1_reprodscen2_4,74000001,278815730176,107867496,79136971,4,3832,scenario2
S1_reprodscen2_4,74000001,278815808256,53196248,53195363,4,3832,scenario2
S1_reprodscen2_4,74000001,278865721600,75368413,75367446,3,3835,scenario2
S1_reprodscen2_4,74000001,278865802752,49866674,49865629,3,3835,scenario2
S1_reprodscen2_4,74000001,278865899264,25609256,25608405,3,3835,scenario2
S1_reprodscen2_4,74000001,279091542272,211119554,211117971,8,3838,scenario2
S1_reprodscen2_4,74000001,279091644928,185185357,185184239,8,3838,scenario2
S1_reprodscen2_4,74000001,279091732992,157592203,157591185,8,3838,scenario2
S1_reprodscen2_4,74000001,279091799552,128430266,128429302,8,3838,scenario2
S1_reprodscen2_4,74000001,279091861760,102967596,102966777,8,3838,scenario2
S1_reprodscen2_4,74000001,279091922944,78749212,78748336,8,3838,scenario2
S1_reprodscen2_4,74000001,279091986944,51180701,51179762,8,3838,scenario2
S1_reprodscen2_4,74000001,279092049152,25387365,25386486,8,3838,scenario2
S1_reprodscen2_4,74000001,279170342656,78230954,78230062,3,3846,scenario2
S1_reprodscen2_4,74000001,279170428416,78317626,50104694,3,3846,scenario2
S1_reprodscen2_4,74000001,279196631808,51169357,51168385,4,3846,scenario2
S1_reprodscen2_4,74000001,279377521152,207001792,207000627,8,3849,scenario2
S1_reprodscen2_4,74000001,279377618432,180879593,180878479,8,3849,scenario2
S1_reprodscen2_4,74000001,279377708288,156040554,156039526,8,3849,scenario2
S1_reprodscen2_4,74000001,279377780224,129297164,129296230,8,3849,scenario2
S1_reprodscen2_4,74000001,279377845504,103926875,103925867,8,3849,scenario2
S1_reprodscen2_4,74000001,279377906432,76911875,76911028,8,3849,scenario2
S1_reprodscen2_4,74000001,279377970176,51352327,51351476,8,3849,scenario2
S1_reprodscen2_4,74000001,279378031872,25668341,25667248,8,3849,scenario2
S1_reprodscen2_4,74000001,279408622592,30529256,30528206,3,3855,scenario2
S1_reprodscen2_4,74000001,279731944960,204253643,204252254,8,3858,scenario2
S1_reprodscen2_4,74000001,279732045056,180370400,180369269,8,3858,scenario2
S1_reprodscen2_4,74000001,279732133888,154385310,154384328,8,3858,scenario2
S1_reprodscen2_4,74000001,279732199424,129147348,129146346,8,3858,scenario2
S1_reprodscen2_4,74000001,279732260608,103610699,103609574,8,3858,scenario2
S1_reprodscen2_4,74000001,279732322560,76624130,76623089,8,3858,scenario2
S1_reprodscen2_4,74000001,279732385024,51712297,51711299,8,3858,scenario2
S1_reprodscen2_4,74000001,279732449536,25640464,25639521,8,3858,scenario2
S1_reprodscen2_4,74000001,279761987072,29470914,29469996,1,3866,scenario2
S1_reprodscen2_4,74000001,279974957312,212852037,212850777,8,3867,scenario2
S1_reprodscen2_4,74000001,279975024384,185431479,185430568,8,3867,scenario2
S1_reprodscen2_4,74000001,279975086592,154923464,154922587,8,3867,scenario2
S1_reprodscen2_4,74000001,279975150336,128510489,128509567,8,3867,scenario2
S1_reprodscen2_4,74000001,279975211520,103220570,103219717,8,3867,scenario2
S1_reprodscen2_4,74000001,279975278848,77980698,77979780,8,3867,scenario2
S1_reprodscen2_4,74000001,279975339776,52525809,52524902,8,3867,scenario2
S1_reprodscen2_4,74000001,279975402496,26780622,26779553,8,3867,scenario2
S1_reprodscen2_4,74000001,280133676288,158208709,158207942,6,3875,scenario2
S1_reprodscen2_4,74000001,280133755136,158288658,130543635,6,3875,scenario2
S1_reprodscen2_4,74000001,280133852160,104836367,104835492,6,3875,scenario2
S1_reprodscen2_4,74000001,280133913344,104898101,79466889,6,3875,scenario2
S1_reprodscen2_4,74000001,280133976064,52692732,52691871,6,3875,scenario2
S1_reprodscen2_4,74000001,280309405696,201389203,201388477,8,3880,scenario2
S1_reprodscen2_4,74000001,280309500416,175446932,175445792,8,3880,scenario2
S1_reprodscen2_4,74000001,280309583360,148870321,148869518,8,3880,scenario2
S1_reprodscen2_4,74000001,280309654528,122476992,122476101,8,3880,scenario2
S1_reprodscen2_4,74000001,280309716480,97047101,97046041,8,3880,scenario2
S1_reprodscen2_4,74000001,280309778688,72719927,72719022,8,3880,scenario2
S1_reprodscen2_4,74000001,280309840128,48040436,48039551,8,3880,scenario2
S1_reprodscen2_4,74000001,280309901056,24691434,24690617,8,3880,scenario2
S1_reprodscen2_4,74000001,280363705856,53743785,53742791,2,3888,scenario2
S1_reprodscen2_4,74000001,280415628800,76667205,76666077,3,3889,scenario2
S1_reprodscen2_4,74000001,280415727616,51904767,51903639,3,3889,scenario2
S1_reprodscen2_4,74000001,280415827200,27283762,27282949,3,3889,scenario2
S1_reprodscen2_4,74000001,280715889152,200756416,200755117,8,3892,scenario2
S1_reprodscen2_4,74000001,280715975936,175832136,175830843,8,3892,scenario2
S1_reprodscen2_4,74000001,280716075520,148827106,148826170,8,3892,scenario2
S1_reprodscen2_4,74000001,280716139520,124081966,124080914,8,3892,scenario2
S1_reprodscen2_4,74000001,280716201472,99496926,99496030,8,3892,scenario2
S1_reprodscen2_4,74000001,280716264960,73239526,73238562,8,3892,scenario2
S1_reprodscen2_4,74000001,280716326144,48464871,48463796,8,3892,scenario2
S1_reprodscen2_4,74000001,280716388864,23926487,23925527,8,3892,scenario2
S1_reprodscen2_4,74000001,280906008064,189554629,189553806,7,3900,scenario2
S1_reprodscen2_4,74000001,280906104064,189651678,161257786,7,3900,scenario2
S1_reprodscen2_4,74000001,280906194432,134283524,134282651,7,3900,scenario2
S1_reprodscen2_4,74000001,280906257152,134346731,106484218,7,3900,scenario2
S1_reprodscen2_4,74000001,280906318592,79352850,79351978,7,3900,scenario2
S1_reprodscen2_4,74000001,280906379776,52933472,52932661,7,3900,scenario2
S1_reprodscen2_4,74000001,280931888384,78442515,52469040,8,3900,scenario2
S1_reprodscen2_4,74000001,281122286336,215828556,215827431,8,3907,scenario2
S1_reprodscen2_4,74000001,281122392576,190394306,190393115,8,3907,scenario2
S1_reprodscen2_4,74000001,281122468608,163135087,163134209,8,3907,scenario2
S1_reprodscen2_4,74000001,281122558976,138279647,138278559,8,3907,scenario2
S1_reprodscen2_4,74000001,281122623744,112771385,112770519,8,3907,scenario2
S1_reprodscen2_4,74000001,281122686208,83138031,83137152,8,3907,scenario2
S1_reprodscen2_4,74000001,281122755072,56598212,56597309,8,3907,scenario2
S1_reprodscen2_4,74000001,281122831872,30407865,30406970,8,3907,scenario2
S1_reprodscen2_4,74000001,281150758400,27861125,27860006,7,3908,scenario2
S1_reprodscen2_4,74000001,281372912640,208754405,208752884,8,3916,scenario2
S1_reprodscen2_4,74000001,281372988928,184590908,184589871,8,3916,scenario2
S1_reprodscen2_4,74000001,281373106176,159341389,159340537,8,3916,scenario2
S1_reprodscen2_4,74000001,281373169408,134699990,134699076,8,3916,scenario2
S1_reprodscen2_4,74000001,281373234688,108237754,108236936,8,3916,scenario2
S1_reprodscen2_4,74000001,281373303040,80976013,80975142,8,3916,scenario2
S1_reprodscen2_4,74000001,281373364736,55660014,55659166,8,3916,scenario2
S1_reprodscen2_4,74000001,281373431040,26493215,26492230,8,3916,scenario2
S1_reprodscen2_4,74000001,281425750784,52246229,52245231,2,3924,scenario2
S1_reprodscen2_4,74000001,281425875968,24702743,24701513,1,3925,scenario2
S1_reprodscen2_4,74000001,281706012416,202818246,202816746,8,3926,scenario2
S1_reprodscen2_4,74000001,281706089728,177945644,177944586,8,3926,scenario2
S1_reprodscen2_4,74000001,281706205696,152785090,152784088,8,3926,scenario2
S1_reprodscen2_4,74000001,281706279936,126270053,126269158,8,3926,scenario2
S1_reprodscen2_4,74000001,281706342656,101879477,101878345,8,3926,scenario2
S1_reprodscen2_4,74000001,281706406144,73508245,73507156,8,3926,scenario2
S1_reprodscen2_4,74000001,281706472192,49081572,49080505,8,3926,scenario2
S1_reprodscen2_4,74000001,281706540544,23822985,23821895,8,3926,scenario2
S1_reprodscen2_4,74000001,281836553216,129944179,129943376,5,3934,scenario2
S1_reprodscen2_4,74000001,281836654080,130045773,102701771,5,3934,scenario2
S1_reprodscen2_4,74000001,281836738304,78422319,78421472,5,3934,scenario2
S1_reprodscen2_4,74000001,281836808960,78493477,51967689,5,3934,scenario2
S1_reprodscen2_4,74000001,281970465280,160106543,160105606,6,3938,scenario2
S1_reprodscen2_4,74000001,282050855680,213963987,213962702,8,3939,scenario2
S1_reprodscen2_4,74000001,282050942208,186149260,186148387,8,3939,scenario2
S1_reprodscen2_4,74000001,282051038464,160310446,160309571,8,3939,scenario2
S1_reprodscen2_4,74000001,282051102208,134706415,134705263,8,3939,scenario2
S1_reprodscen2_4,74000001,282051164928,107179645,107178523,8,3939,scenario2
S1_reprodscen2_4,74000001,282051228928,80597539,80596286,8,3939,scenario2
S1_reprodscen2_4,74000001,282051296000,54179633,54178798,8,3939,scenario2
S1_reprodscen2_4,74000001,282051357696,27312554,27311492,8,3939,scenario2
S1_reprodscen2_4,74000001,282182756864,131334958,131334069,5,3947,scenario2
S1_reprodscen2_4,74000001,282208184832,156763655,129947349,6,3947,scenario2
S1_reprodscen2_4,74000001,282208277248,104491564,104490665,6,3947,scenario2
S1_reprodscen2_4,74000001,282208364288,104579126,79035993,6,3947,scenario2
S1_reprodscen2_4,74000001,282208429824,52773490,52772588,6,3947,scenario2
S1_reprodscen2_4,74000001,282285175552,102304868,102303748,4,3952,scenario2
S1_reprodscen2_4,74000001,282364692736,156190620,156189736,6,3953,scenario2
S1_reprodscen2_4,74000001,282364771840,130867976,130867137,6,3953,scenario2
S1_reprodscen2_4,74000001,282364857856,104367660,104366627,6,3953,scenario2
S1_reprodscen2_4,74000001,282364937216,79646422,79645321,6,3953,scenario2
S1_reprodscen2_4,74000001,282364999168,53257759,53256886,6,3953,scenario2
S1_reprodscen2_4,74000001,282365062656,26261993,26261038,6,3953,scenario2
S1_reprodscen2_4,74000001,282397293824,25234469,25232931,1,3959,scenario2
S1_reprodscen2_4,74000001,282700032256,182642566,182641107,7,3960,scenario2
S1_reprodscen2_4,74000001,282700145408,156531589,156530591,7,3960,scenario2
S1_reprodscen2_4,74000001,282700223744,130617358,130616489,7,3960,scenario2
S1_reprodscen2_4,74000001,282700289536,103527380,103526442,7,3960,scenario2
S1_reprodscen2_4,74000001,282700352512,76710645,76709547,7,3960,scenario2
S1_reprodscen2_4,74000001,282700413952,48766374,48765368,7,3960,scenario2
S1_reprodscen2_4,74000001,282700475392,25108342,25107521,7,3960,scenario2
S1_reprodscen2_4,74000001,282770163712,30168520,30167139,1,3967,scenario2
S1_reprodscen2_4,74000001,282978232064,207928696,207927304,8,3968,scenario2
S1_reprodscen2_4,74000001,282978334208,182662968,182662031,8,3968,scenario2
S1_reprodscen2_4,74000001,282978411776,156743470,156742437,8,3968,scenario2
S1_reprodscen2_4,74000001,282978481408,131321645,131320678,8,3968,scenario2
S1_reprodscen2_4,74000001,282978564352,106141094,106140164,8,3968,scenario2
S1_reprodscen2_4,74000001,282978635264,80608272,80607434,8,3968,scenario2
S1_reprodscen2_4,74000001,282978703104,54450167,54449011,8,3968,scenario2
S1_reprodscen2_4,74000001,282978767872,28095834,28094931,8,3968,scenario2
S1_reprodscen2_4,74000001,283032518144,53687723,53686871,2,3976,scenario2
S1_reprodscen2_4,74000001,283032630784,53801273,25333979,2,3976,scenario2
S1_reprodscen2_4,74000001,283062425856,26306390,26304826,1,3978,scenario2
S1_reprodscen2_4,74000001,283094889216,26392409,26391027,1,3979,scenario2
S1_reprodscen2_4,74000001,283177213184,76368427,76367062,3,3980,scenario2
S1_reprodscen2_4,74000001,283332397056,206520401,206519280,8,3981,scenario2
S1_reprodscen2_4,74000001,283332500224,181309470,181308510,8,3981,scenario2
S1_reprodscen2_4,74000001,283332590592,155264616,155263504,8,3981,scenario2
S1_reprodscen2_4,74000001,283332659456,129050101,129048968,8,3981,scenario2
S1_reprodscen2_4,74000001,283332727296,102959724,102958596,8,3981,scenario2
S1_reprodscen2_4,74000001,283332791040,76794302,76793266,8,3981,scenario2
S1_reprodscen2_4,74000001,283332854528,50972110,50971187,8,3981,scenario2
S1_reprodscen2_4,74000001,283332916992,26010854,26010043,8,3981,scenario2
S1_reprodscen2_4,74000001,283463733504,130753620,130752735,5,3989,scenario2
S1_reprodscen2_4,74000001,283463828480,130849496,102154617,5,3989,scenario2
S1_reprodscen2_4,74000001,283463902208,77062939,77062007,5,3989,scenario2
S1_reprodscen2_4,74000001,283463969792,77144121,53073222,5,3989,scenario2
S1_reprodscen2_4,74000001,283464039936,27673216,27672319,1,3993,scenario2
S1_reprodscen2_4,74000001,283544827392,29233922,29232164,0,3994,scenario2
S1_reprodscen2_4,74000001,283749085184,204142008,204140755,8,3995,scenario2
S1_reprodscen2_4,74000001,283749169664,177045955,177044971,8,3995,scenario2
S1_reprodscen2_4,74000001,283749269248,151776087,151775145,8,3995,scenario2
S1_reprodscen2_4,74000001,283749340160,127080234,127079376,8,3995,scenario2
S1_reprodscen2_4,74000001,283749401856,102252438,102251528,8,3995,scenario2
S1_reprodscen2_4,74000001,283749463808,77583867,77582988,8,3995,scenario2
S1_reprodscen2_4,74000001,283749524992,52328255,52327163,8,3995,scenario2
S1_reprodscen2_4,74000001,283749586176,26181545,26180662,8,3995,scenario2
S1_reprodscen2_4,74000001,283829621248,79970363,79969502,3,4003,scenario2
S1_reprodscen2_4,74000001,283856204800,106554862,79563149,4,4003,scenario2
S1_reprodscen2_4,74000001,283856270336,52107733,52106856,4,4003,scenario2
S1_reprodscen2_4,74000001,283906747904,77027853,77026854,3,4006,scenario2
S1_reprodscen2_4,74000001,283906830848,50419255,50418214,3,4006,scenario2
S1_reprodscen2_4,74000001,283906926592,25912183,25911297,3,4006,scenario2
S1_reprodscen2_4,74000001,284003172608,25549057,25547447,1,4009,scenario2
S1_reprodscen2_4,74000001,284044503808,23535885,23534499,1,4010,scenario2
S1_reprodscen2_4,74000001,284071301632,23979791,23978360,1,4011,scenario2
S1_reprodscen2_4,74000001,284199815680,127274777,127273214,5,4012,scenario2
S1_reprodscen2_4,74000001,284200736512,103431458,103418530,5,4012,scenario2
S1_reprodscen2_4,74000001,284200835584,79344513,79343575,5,4012,scenario2
S1_reprodscen2_4,74000001,284200904448,54192371,54191303,5,4012,scenario2
S1_reprodscen2_4,74000001,284200968704,28974882,28974024,5,4012,scenario2
S1_reprodscen2_4,74000001,284261863936,49462200,49460796,2,4017,scenario2
S1_reprodscen2_4,74000001,284261954560,25309123,25307950,2,4017,scenario2
S1_reprodscen2_4,74000001,284317261312,49349025,49347656,2,4019,scenario2
S1_reprodscen2_4,74000001,284317336064,24831773,24830662,2,4019,scenario2
S1_reprodscen2_4,74000001,284367732736,49589886,49588422,2,4021,scenario2
S1_reprodscen2_4,74000001,284392527104,49403902,49402892,2,4022,scenario2
S1_reprodscen2_4,74000001,284392612608,24754238,24753127,2,4022,scenario2
S1_reprodscen2_4,74000001,284504168704,101219238,101217698,4,4024,scenario2
S1_reprodscen2_4,74000001,284504275456,76853276,76852155,4,4024,scenario2
S1_reprodscen2_4,74000001,284504366080,50093877,50092709,4,4024,scenario2
S1_reprodscen2_4,74000001,284504429568,24518534,24517646,4,4024,scenario2
S1_reprodscen2_4,74000001,284720995072,159472128,159470418,6,4028,scenario2
S1_reprodscen2_4,74000001,284721082112,130338936,130337476,6,4028,scenario2
S1_reprodscen2_4,74000001,284721196288,105543125,105542254,6,4028,scenario2
S1_reprodscen2_4,74000001,284721259008,79285205,79284269,6,4028,scenario2
S1_reprodscen2_4,74000001,284721322240,53253535,53252402,6,4028,scenario2
S1_reprodscen2_4,74000001,284721384192,27397950,27396812,6,4028,scenario2
S1_reprodscen2_4,74000001,284754762752,23704508,23703112,1,4034,scenario2
S1_reprodscen2_4,74000001,284850377472,51124223,51122930,2,4035,scenario2
S1_reprodscen2_4,74000001,284850467584,27008958,26996258,1,4036,scenario2
S1_reprodscen2_4,74000001,284956071168,52336358,52334809,2,4037,scenario2
S1_reprodscen2_4,74000001,284956168448,28394295,28393129,2,4037,scenario2
S1_reprodscen2_4,74000001,285174839040,206670303,206668693,8,4039,scenario2
S1_reprodscen2_4,74000001,285174913536,181817223,181816060,8,4039,scenario2
S1_reprodscen2_4,74000001,285175030528,157345709,157344851,8,4039,scenario2
S1_reprodscen2_4,74000001,285175093760,132501460,132500510,8,4039,scenario2
S1_reprodscen2_4,74000001,285175159296,106594625,106593732,8,4039,scenario2
S1_reprodscen2_4,74000001,285175220992,79772026,79771030,8,4039,scenario2
S1_reprodscen2_4,74000001,285175282432,55851646,55850798,8,4039,scenario2
S1_reprodscen2_4,74000001,285175345664,25559795,25558908,8,4039,scenario2
S1_reprodscen2_4,74000001,285279883008,104468832,104468024,4,4047,scenario2
S1_reprodscen2_4,74000001,285306245888,130832718,103750349,5,4047,scenario2
S1_reprodscen2_4,74000001,285306284032,26295141,26294117,5,4047,scenario2
S1_reprodscen2_4,74000001,285306313728,77068936,77068238,4,4047,scenario2
S1_reprodscen2_4,74000001,285306363136,77118987,51420214,3,4047,scenario2
S1_reprodscen2_4,74000001,285516110848,209705161,209704250,8,4052,scenario2
S1_reprodscen2_4,74000001,285516213248,185212018,185210871,8,4052,scenario2
S1_reprodscen2_4,74000001,285516286976,158814363,158813459,8,4052,scenario2
S1_reprodscen2_4,74000001,285516354816,134435764,134434874,8,4052,scenario2
S1_reprodscen2_4,74000001,285516416512,107939224,107938093,8,4052,scenario2
S1_reprodscen2_4,74000001,285516479744,80477415,80476480,8,4052,scenario2
S1_reprodscen2_4,74000001,285516542208,54769597,54768761,8,4052,scenario2
S1_reprodscen2_4,74000001,285516603904,26627297,26626483,8,4052,scenario2
S1_reprodscen2_4,74000001,285570701824,54033729,54032927,2,4060,scenario2
S1_reprodscen2_4,74000001,285597592576,80925242,52535098,3,4060,scenario2
S1_reprodscen2_4,74000001,285649915904,79124989,79124077,3,4062,scenario2
S1_reprodscen2_4,74000001,285809840384,212131217,212130205,8,4063,scenario2
S1_reprodscen2_4,74000001,285809908224,186391091,186390276,8,4063,scenario2
S1_reprodscen2_4,74000001,285810037760,160050732,160049692,8,4063,scenario2
S1_reprodscen2_4,74000001,285810109696,134694717,134693846,8,4063,scenario2
S1_reprodscen2_4,74000001,285810171904,108555873,108554950,8,4063,scenario2
S1_reprodscen2_4,74000001,285810235904,81790633,81789629,8,4063,scenario2
S1_reprodscen2_4,74000001,285810297088,53734551,53733561,8,4063,scenario2
S1_reprodscen2_4,74000001,285810358272,27630675,27629842,8,4063,scenario2
S1_reprodscen2_4,74000001,285945565184,135142702,135141904,5,4071,scenario2
S1_reprodscen2_4,74000001,285945640192,135218605,104855861,5,4071,scenario2
S1_reprodscen2_4,74000001,285945747200,78954234,78953331,5,4071,scenario2
S1_reprodscen2_4,74000001,285945815040,79022536,52677202,5,4071,scenario2
S1_reprodscen2_4,74000001,286047909632,127502515,127501709,5,4075,scenario2
S1_reprodscen2_4,74000001,286153798656,207912805,207911777,8,4076,scenario2
S1_reprodscen2_4,74000001,286153896704,181133684,181132852,8,4076,scenario2
S1_reprodscen2_4,74000001,286153986816,156264388,156263530,8,4076,scenario2
S1_reprodscen2_4,74000001,286154051584,132021143,132020241,8,4076,scenario2
S1_reprodscen2_4,74000001,286154116096,106093817,106092668,8,4076,scenario2
S1_reprodscen2_4,74000001,286154177792,78481038,78480168,8,4076,scenario2
S1_reprodscen2_4,74000001,286154241280,52937574,52936715,8,4076,scenario2
S1_reprodscen2_4,74000001,286154304000,27377050,27376163,8,4076,scenario2
S1_reprodscen2_4,74000001,286260856832,106485359,106484558,4,4084,scenario2
S1_reprodscen2_4,74000001,286260933376,106562747,79368248,4,4084,scenario2
S1_reprodscen2_4,74000001,286261017088,54361451,54360636,4,4084,scenario2
S1_reprodscen2_4,74000001,286447068416,212740964,212740190,8,4087,scenario2
S1_reprodscen2_4,74000001,286447157760,186053206,186052091,8,4087,scenario2
S1_reprodscen2_4,74000001,286447255040,160317916,160317054,8,4087,scenario2
S1_reprodscen2_4,74000001,286447318528,134775203,134774050,8,4087,scenario2
S1_reprodscen2_4,74000001,286447385600,106570602,106569713,8,4087,scenario2
S1_reprodscen2_4,74000001,286447458304,79349235,79348267,8,4087,scenario2
S1_reprodscen2_4,74000001,286447493120,53303457,53302671,8,4087,scenario2
S1_reprodscen2_4,74000001,286447524608,28246498,28245709,8,4087,scenario2
S1_reprodscen2_4,74000001,286471804928,24253215,24252120,1,4095,scenario2
S1_reprodscen2_4,74000001,286756238848,206859692,206858268,8,4096,scenario2
S1_reprodscen2_4,74000001,286756345856,182710700,182709594,8,4096,scenario2
S1_reprodscen2_4,74000001,286756440320,157850758,157849798,8,4096,scenario2
S1_reprodscen2_4,74000001,286756510208,132787671,132786780,8,4096,scenario2
S1_reprodscen2_4,74000001,286756579584,103848014,103847153,8,4096,scenario2
S1_reprodscen2_4,74000001,286756647936,77908080,77907198,8,4096,scenario2
S1_reprodscen2_4,74000001,286756713216,53153794,53152886,8,4096,scenario2
S1_reprodscen2_4,74000001,286756781312,25778543,25777635,8,4096,scenario2
S1_reprodscen2_4,74000001,286860760576,103913739,103912943,4,4104,scenario2
S1_reprodscen2_4,74000001,286860843264,103997560,78983303,4,4104,scenario2
S1_reprodscen2_4,74000001,286860938240,53098498,53097603,4,4104,scenario2
S1_reprodscen2_4,74000001,286889174528,81335196,55356194,5,4104,scenario2
S1_reprodscen2_4,74000001,287073683712,212668985,212668003,8,4108,scenario2
S1_reprodscen2_4,74000001,287073786368,184503000,184501899,8,4108,scenario2
S1_reprodscen2_4,74000001,287073873152,158434296,158433363,8,4108,scenario2
S1_reprodscen2_4,74000001,287073935872,130108837,130107984,8,4108,scenario2
S1_reprodscen2_4,74000001,287073997568,104410017,104409117,8,4108,scenario2
S1_reprodscen2_4,74000001,287074062080,78967362,78966506,8,4108,scenario2
S1_reprodscen2_4,74000001,287074124544,52042982,52041979,8,4108,scenario2
S1_reprodscen2_4,74000001,287074186752,28221203,28220276,8,4108,scenario2
S1_reprodscen2_4,74000001,287183055872,108803090,108802254,4,4116,scenario2
S1_reprodscen2_4,74000001,287183139584,108888011,81094628,3,4117,scenario2
S1_reprodscen2_4,74000001,287210267648,83565924,83565236,4,4117,scenario2
S1_reprodscen2_4,74000001,287210333696,83632478,55246919,4,4117,scenario2
S1_reprodscen2_4,74000001,287389587968,206314388,206313325,8,4120,scenario2
S1_reprodscen2_4,74000001,287389656576,179206335,179205350,8,4120,scenario2
S1_reprodscen2_4,74000001,287389765632,153104217,153103359,8,4120,scenario2
S1_reprodscen2_4,74000001,287389834496,127551422,127550571,8,4120,scenario2
S1_reprodscen2_4,74000001,287389901056,100807032,100806041,8,4120,scenario2
S1_reprodscen2_4,74000001,287389962752,76155952,76154885,8,4120,scenario2
S1_reprodscen2_4,74000001,287390025472,49337515,49336659,8,4120,scenario2
S1_reprodscen2_4,74000001,287390088192,24941766,24940840,8,4120,scenario2
S1_reprodscen2_4,74000001,287416040448,25867277,25866354,1,4128,scenario2
S1_reprodscen2_4,74000001,287464580352,26224569,26223096,1,4129,scenario2
S1_reprodscen2_4,74000001,287604912640,51282940,51281600,2,4130,scenario2
S1_reprodscen2_4,74000001,287605013504,25723175,25721953,2,4130,scenario2
S1_reprodscen2_4,74000001,287877112320,208241428,208240022,8,4132,scenario2
S1_reprodscen2_4,74000001,287877221888,181797177,181795966,8,4132,scenario2
S1_reprodscen2_4,74000001,287877302528,156353628,156352733,8,4132,scenario2
S1_reprodscen2_4,74000001,287877388032,130068348,130067223,8,4132,scenario2
S1_reprodscen2_4,74000001,287877456896,104682014,104681190,8,4132,scenario2
S1_reprodscen2_4,74000001,287877525760,78154508,78153646,8,4132,scenario2
S1_reprodscen2_4,74000001,287877593600,50596706,50595649,8,4132,scenario2
S1_reprodscen2_4,74000001,287877657088,25638176,25637324,8,4132,scenario2
S1_reprodscen2_4,74000001,287935810816,58083678,58082699,2,4140,scenario2
S1_reprodscen2_4,74000001,287935899136,27764024,27763199,1,4141,scenario2
S1_reprodscen2_4,74000001,287991299328,24870666,24869329,1,4142,scenario2
S1_reprodscen2_4,74000001,288252360960,202640891,202639516,8,4143,scenario2
S1_reprodscen2_4,74000001,288280313088,205473295,205472226,8,4144,scenario2
S1_reprodscen2_4,74000001,288280409856,179582069,179580882,8,4144,scenario2
S1_reprodscen2_4,74000001,288280511488,152822841,152821853,8,4144,scenario2
S1_reprodscen2_4,74000001,288280579840,129684476,129683599,8,4144,scenario2
S1_reprodscen2_4,74000001,288280642816,103955785,103954835,8,4144,scenario2
S1_reprodscen2_4,74000001,288280705792,79670074,79669080,8,4144,scenario2
S1_reprodscen2_4,74000001,288280772864,53990390,53989353,8,4144,scenario2
S1_reprodscen2_4,74000001,288280838144,28349332,28339757,8,4144,scenario2
S1_reprodscen2_4,74000001,288388127488,107226289,107225460,4,4152,scenario2
S1_reprodscen2_4,74000001,288388202240,107301818,78927738,4,4152,scenario2
S1_reprodscen2_4,74000001,288415482624,80092934,80092157,5,4152,scenario2
S1_reprodscen2_4,74000001,288415550720,80161745,52902292,5,4152,scenario2
S1_reprodscen2_4,74000001,288547297280,158961426,158960440,6,4156,scenario2
S1_reprodscen2_4,74000001,288547371776,131693150,131692060,6,4156,scenario2
S1_reprodscen2_4,74000001,288547491840,103587672,103586691,6,4156,scenario2
S1_reprodscen2_4,74000001,288547554304,77936056,77935195,6,4156,scenario2
S1_reprodscen2_4,74000001,288547620096,50824785,50823729,6,4156,scenario2
S1_reprodscen2_4,74000001,288547683072,25174578,25173658,6,4156,scenario2
S1_reprodscen2_4,74000001,288602977280,52225071,52223632,2,4162,scenario2
S1_reprodscen2_4,74000001,288603053056,26778232,26777186,2,4162,scenario2
S1_reprodscen2_4,74000001,288704791808,52316984,52315643,2,4164,scenario2
S1_reprodscen2_4,74000001,288704882944,25950281,25949271,2,4164,scenario2
S1_reprodscen2_4,74000001,289012544256,206956494,206955065,8,4166,scenario2
S1_reprodscen2_4,74000001,289012655360,180227675,180226508,8,4166,scenario2
S1_reprodscen2_4,74000001,289012748544,153755868,153743554,8,4166,scenario2
S1_reprodscen2_4,74000001,289012817920,127461019,127460156,8,4166,scenario2
S1_reprodscen2_4,74000001,289012886784,103521580,103520728,8,4166,scenario2
S1_reprodscen2_4,74000001,289012956160,78449817,78448918,8,4166,scenario2
S1_reprodscen2_4,74000001,289013025280,53628135,53627245,8,4166,scenario2
S1_reprodscen2_4,74000001,289013086208,26449935,26448993,8,4166,scenario2
S1_reprodscen2_4,74000001,289043204608,30045048,30044272,7,4169,scenario2
S1_reprodscen2_4,74000001,289171927552,158768801,128654823,5,4175,scenario2
S1_reprodscen2_4,74000001,289172026368,102567380,102566547,5,4175,scenario2
S1_reprodscen2_4,74000001,289172117248,102658655,75466447,5,4175,scenario2
S1_reprodscen2_4,74000001,289172193792,49863652,49862830,5,4175,scenario2
S1_reprodscen2_4,74000001,289351961856,204416292,204415337,8,4179,scenario2
S1_reprodscen2_4,74000001,289352067072,179803668,179802631,8,4179,scenario2
S1_reprodscen2_4,74000001,289352145152,152686159,152685095,8,4179,scenario2
S1_reprodscen2_4,74000001,289352208384,128235461,128234450,8,4179,scenario2
S1_reprodscen2_4,74000001,289352271104,103655674,103654788,8,4179,scenario2
S1_reprodscen2_4,74000001,289352332800,76149330,76148381,8,4179,scenario2
S1_reprodscen2_4,74000001,289352396800,50726844,50725972,8,4179,scenario2
S1_reprodscen2_4,74000001,289352469248,25720007,25718954,8,4179,scenario2
S1_reprodscen2_4,74000001,289379732480,27194886,27194102,5,4184,scenario2
S1_reprodscen2_4,74000001,289488743936,136207234,108939395,4,4188,scenario2
S1_reprodscen2_4,74000001,289488808448,81235847,81235030,4,4188,scenario2
S1_reprodscen2_4,74000001,289488882688,81310707,55825150,4,4188,scenario2
S1_reprodscen2_4,74000001,289515217152,53038934,53038184,2,4191,scenario2
S1_reprodscen2_4,74000001,289515296256,26316973,26315933,2,4191,scenario2
S1_reprodscen2_4,74000001,289791885568,206252660,206251091,8,4193,scenario2
S1_reprodscen2_4,74000001,289791960064,177596575,177595580,8,4193,scenario2
S1_reprodscen2_4,74000001,289792047616,153120039,153119213,8,4193,scenario2
S1_reprodscen2_4,74000001,289792132096,126367317,126366456,8,4193,scenario2
S1_reprodscen2_4,74000001,289792194560,101392995,101392029,8,4193,scenario2
S1_reprodscen2_4,74000001,289792258048,77574330,77573277,8,4193,scenario2
S1_reprodscen2_4,74000001,289792318720,51142798,51141859,8,4193,scenario2
S1_reprodscen2_4,74000001,289792383232,27517191,27516285,8,4193,scenario2
S1_reprodscen2_4,74000001,289820084224,27633669,27632777,4,4198,scenario2
S1_reprodscen2_4,74000001,290032628480,212420984,212420046,8,4202,scenario2
S1_reprodscen2_4,74000001,290032705536,187001310,187000494,8,4202,scenario2
S1_reprodscen2_4,74000001,290032824064,159029829,159028966,8,4202,scenario2
S1_reprodscen2_4,74000001,290032889344,134740940,134740114,8,4202,scenario2
S1_reprodscen2_4,74000001,290032952576,110019969,110019114,8,4202,scenario2
S1_reprodscen2_4,74000001,290033017344,83848779,83847941,8,4202,scenario2
S1_reprodscen2_4,74000001,290033080832,55645699,55644801,8,4202,scenario2
S1_reprodscen2_4,74000001,290033147904,30681418,30680520,8,4202,scenario2
S1_reprodscen2_4,74000001,290060421120,27209677,27208777,1,4210,scenario2
S1_reprodscen2_4,74000001,290094341888,23632029,23630566,1,4211,scenario2
S1_reprodscen2_4,74000001,290197151232,49010389,49009093,2,4212,scenario2
S1_reprodscen2_4,74000001,290197238784,25389503,25388426,2,4212,scenario2
S1_reprodscen2_4,74000001,290377959936,155583896,155582505,6,4214,scenario2
S1_reprodscen2_4,74000001,290378057472,130529709,130528616,6,4214,scenario2
S1_reprodscen2_4,74000001,290378124800,103362448,103361545,6,4214,scenario2
S1_reprodscen2_4,74000001,290378188544,77115858,77114987,6,4214,scenario2
S1_reprodscen2_4,74000001,290378253312,51325225,51324388,6,4214,scenario2
S1_reprodscen2_4,74000001,290378317824,25985917,25985069,6,4214,scenario2
S1_reprodscen2_4,74000001,290468381440,23594960,23593621,1,4220,scenario2
S1_reprodscen2_4,74000001,290665476864,51492030,51490747,2,4221,scenario2
S1_reprodscen2_4,74000001,290665563648,24475932,24474857,2,4221,scenario2
S1_reprodscen2_4,74000001,290756447744,25761987,25760673,1,4223,scenario2
S1_reprodscen2_4,74000001,290836151552,23472885,23471589,1,4224,scenario2
S1_reprodscen2_4,74000001,290923414528,78584463,78583185,3,4225,scenario2
S1_reprodscen2_4,74000001,290923502592,51738082,51737016,3,4225,scenario2
S1_reprodscen2_4,74000001,290923601664,26618904,26617928,3,4225,scenario2
S1_reprodscen2_4,74000001,290994124544,50621293,50619852,2,4228,scenario2
S1_reprodscen2_4,74000001,290994211328,26580256,26579199,2,4228,scenario2
S1_reprodscen2_4,74000001,291043480320,23497671,23496368,1,4230,scenario2
S1_reprodscen2_4,74000001,291272348928,212056380,212054954,8,4231,scenario2
S1_reprodscen2_4,74000001,291272424960,186080461,186079466,8,4231,scenario2
S1_reprodscen2_4,74000001,291272526336,161406447,161405482,8,4231,scenario2
S1_reprodscen2_4,74000001,291272589568,132954633,132953802,8,4231,scenario2
S1_reprodscen2_4,74000001,291272651008,107982241,107981327,8,4231,scenario2
S1_reprodscen2_4,74000001,291272714496,78772796,78771968,8,4231,scenario2
S1_reprodscen2_4,74000001,291272776448,51533972,51533136,8,4231,scenario2
S1_reprodscen2_4,74000001,291272845312,27717403,27716600,8,4231,scenario2
S1_reprodscen2_4,74000001,291405773568,132865241,132864419,5,4239,scenario2
S1_reprodscen2_4,74000001,291405852672,132945273,103207210,5,4239,scenario2
S1_reprodscen2_4,74000001,291405947136,77746656,77745815,5,4239,scenario2
S1_reprodscen2_4,74000001,291405976576,26522317,26521449,5,4239,scenario2
S1_reprodscen2_4,74000001,291406012416,77812466,53051427,4,4239,scenario2
S1_reprodscen2_4,74000001,291490034176,83982226,83981401,3,4244,scenario2
S1_reprodscen2_4,74000001,291490100736,55674978,55674047,3,4244,scenario2
S1_reprodscen2_4,74000001,291490197760,27276375,27275514,3,4244,scenario2
S1_reprodscen2_4,74000001,291595859968,26006367,26004579,1,4247,scenario2
S1_reprodscen2_4,74000001,291754875904,110884760,110883061,4,4248,scenario2
S1_reprodscen2_4,74000001,291754974976,82208271,82206463,4,4248,scenario2
S1_reprodscen2_4,74000001,291755111936,54581400,54579363,4,4248,scenario2
S1_reprodscen2_4,74000001,291755198208,26406330,26404096,4,4248,scenario2
S1_reprodscen2_4,74000001,291981986560,126077629,126076260,5,4252,scenario2
S1_reprodscen2_4,74000001,291982083584,100934985,100933210,5,4252,scenario2
S1_reprodscen2_4,74000001,291982208256,76956529,76954673,5,4252,scenario2
S1_reprodscen2_4,74000001,291982295296,52934051,52932473,5,4252,scenario2
S1_reprodscen2_4,74000001,291982388224,25435032,25433501,5,4252,scenario2
S1_reprodscen2_4,74000001,292019085056,25976995,25975452,1,4257,scenario2
S1_reprodscen2_4,74000001,292154266880,26995284,26993819,1,4258,scenario2
S1_reprodscen2_4,74000001,292219077632,25555414,25554033,1,4259,scenario2
S1_reprodscen2_4,74000001,292255795456,27081449,27079899,1,4260,scenario2
S1_reprodscen2_4,74000001,292477854464,205765753,205764374,8,4261,scenario2
S1_reprodscen2_4,74000001,292477948672,178847993,178846442,8,4261,scenario2
S1_reprodscen2_4,74000001,292478070528,154475979,154474423,8,4261,scenario2
S1_reprodscen2_4,74000001,292478156288,128465990,128464459,8,4261,scenario2
S1_reprodscen2_4,74000001,292478242048,100967130,100965642,8,4261,scenario2
S1_reprodscen2_4,74000001,292478335744,71136954,71135164,8,4261,scenario2
S1_reprodscen2_4,74000001,292478423552,48065524,48064124,8,4261,scenario2
S1_reprodscen2_4,74000001,292478524160,24290127,24288848,8,4261,scenario2
S1_reprodscen2_4,74000001,292504974336,26351497,26349977,2,4269,scenario2
S1_reprodscen2_4,74000001,292811346432,156245804,156244262,6,4270,scenario2
S1_reprodscen2_4,74000001,292811462400,128682283,128680396,6,4270,scenario2
S1_reprodscen2_4,74000001,292811571968,103428248,103426375,6,4270,scenario2
S1_reprodscen2_4,74000001,292811673088,77932157,77930613,6,4270,scenario2
S1_reprodscen2_4,74000001,292811771136,50303714,50302223,6,4270,scenario2
S1_reprodscen2_4,74000001,292811857152,25614540,25613152,6,4270,scenario2
S1_reprodscen2_4,74000001,292864641280,30296108,30294563,1,4276,scenario2
S1_reprodscen2_4,74000001,292954035712,25323945,25322614,1,4277,scenario2
S1_reprodscen2_4,74000001,293071493376,103581116,103579746,4,4278,scenario2
S1_reprodscen2_4,74000001,293071586304,76653718,76652119,4,4278,scenario2
S1_reprodscen2_4,74000001,293071707136,52194474,52192690,4,4278,scenario2
S1_reprodscen2_4,74000001,293071795200,25475373,25473710,4,4278,scenario2
S1_reprodscen2_4,74000001,293246648064,83900309,83898909,3,4282,scenario2
S1_reprodscen2_4,74000001,293246744320,57917499,57915934,3,4282,scenario2
S1_reprodscen2_4,74000001,293246871552,27613355,27611728,3,4282,scenario2
S1_reprodscen2_4,74000001,293473760000,144092021,144090678,5,4285,scenario2
S1_reprodscen2_4,74000001,293473856512,106919128,106917344,5,4285,scenario2
S1_reprodscen2_4,74000001,293473979392,78464467,78462964,5,4285,scenario2
S1_reprodscen2_4,74000001,293474068224,52352792,52351249,5,4285,scenario2
S1_reprodscen2_4,74000001,293474155008,26677148,26675595,5,4285,scenario2
S1_reprodscen2_4,74000001,293644166912,53750645,53749323,2,4290,scenario2
S1_reprodscen2_4,74000001,293644274688,28369495,28367759,2,4290,scenario2
S1_reprodscen2_4,74000001,293800557568,52739152,52737744,2,4292,scenario2
S1_reprodscen2_4,74000001,293800657408,24586878,24585329,2,4292,scenario2
S1_reprodscen2_4,74000001,293860932864,50573980,50572514,2,4294,scenario2
S1_reprodscen2_4,74000001,293861025792,26811949,26810357,2,4294,scenario2
S1_reprodscen2_4,74000001,294071481600,107690432,107688963,4,4296,scenario2
S1_reprodscen2_4,74000001,294153616896,161513738,161512492,6,4297,scenario2
S1_reprodscen2_4,74000001,294153706496,134984321,134982726,6,4297,scenario2
S1_reprodscen2_4,74000001,294153828608,110713608,110712188,6,4297,scenario2
S1_reprodscen2_4,74000001,294153912832,82307551,82305563,6,4297,scenario2
S1_reprodscen2_4,74000001,294153998080,55632148,55630589,6,4297,scenario2
S1_reprodscen2_4,74000001,294154081792,26929721,26928365,6,4297,scenario2
S1_reprodscen2_4,74000001,294330177024,53745610,53744174,2,4303,scenario2
S1_reprodscen2_4,74000001,294330297600,30087168,30085536,2,4303,scenario2
S1_reprodscen2_4,74000001,294449787392,26975717,26974278,1,4305,scenario2
S1_reprodscen2_4,74000001,294640599808,27483286,27481901,1,4306,scenario2
S1_reprodscen2_4,74000001,294806835968,25409307,25407952,1,4307,scenario2
S1_reprodscen2_4,74000001,294896673024,51997203,51995870,2,4308,scenario2
S1_reprodscen2_4,74000001,294896766464,25660291,25658715,2,4308,scenario2
S1_reprodscen2_4,74000001,294991286528,52154048,52152756,2,4310,scenario2
S1_reprodscen2_4,74000001,295021269248,58136218,58135357,2,4311,scenario2
S1_reprodscen2_4,74000001,295021336320,29934478,29933331,2,4311,scenario2
S1_reprodscen2_4,74000001,295059057920,24198422,24197096,1,4313,scenario2
S1_reprodscen2_4,74000001,295114631424,25669701,25668376,1,4314,scenario2
S1_reprodscen2_4,74000001,295314524672,52218884,52217612,2,4315,scenario2
S1_reprodscen2_4,74000001,295314627072,28211420,28210371,2,4315,scenario2
S1_reprodscen2_4,74000001,295467508736,51692267,51690757,2,4317,scenario2
S1_reprodscen2_4,74000001,295467584000,23431586,23430480,2,4317,scenario2
S1_reprodscen2_4,74000001,296018714112,152786537,152785126,6,4319,scenario2
S1_reprodscen2_4,74000001,296018828800,128135837,128134710,6,4319,scenario2
S1_reprodscen2_4,74000001,296018924032,102384857,102383964,6,4319,scenario2
S1_reprodscen2_4,74000001,296019003136,78874294,78873403,6,4319,scenario2
S1_reprodscen2_4,74000001,296019075584,52562803,52561934,6,4319,scenario2
S1_reprodscen2_4,74000001,296019145216,28323355,28322441,6,4319,scenario2
S1_reprodscen2_4,74000001,296177859840,84822733,84821347,3,4325,scenario2
S1_reprodscen2_4,74000001,296177985024,55737985,55736984,3,4325,scenario2
S1_reprodscen2_4,74000001,296178056192,26073097,26072162,3,4325,scenario2
S1_reprodscen2_4,74000001,296346128128,29349560,29348205,1,4328,scenario2
S1_reprodscen2_4,74000001,296382875136,25733938,25732622,1,4329,scenario2
S1_reprodscen2_4,74000001,296638839040,23561147,23559802,1,4330,scenario2
S1_reprodscen2_4,74000001,296753964544,31501984,31500672,1,4331,scenario2
S1_reprodscen2_4,74000001,296919420160,78670001,78668736,3,4332,scenario2
S1_reprodscen2_4,74000001,296919509760,52805229,52804095,3,4332,scenario2
S1_reprodscen2_4,74000001,296919612672,27051097,27050272,3,4332,scenario2
S1_reprodscen2_4,74000001,296993971712,23507064,23505745,1,4335,scenario2
S1_reprodscen2_4,74000001,297109223680,23585545,23584168,1,4336,scenario2
S1_reprodscen2_4,74000001,297409386240,23565417,23564017,1,4337,scenario2
S1_reprodscen2_4,74000001,297694841600,23518962,23517652,1,4338,scenario2
S1_reprodscen2_4,74000001,297772002304,24495214,24493904,1,4339,scenario2
S1_reprodscen2_4,74000001,297815221760,25339085,25337622,1,4340,scenario2
S1_reprodscen2_4,74000001,297917894912,23789715,23788401,1,4341,scenario2
S1_reprodscen2_4,74000001,297967267840,25961743,25960408,1,4342,scenario2
S1_reprodscen2_4,74000001,298250299904,23589580,23588265,1,4343,scenario2
S1_reprodscen2_4,74000001,298480861696,23944822,23943458,1,4344,scenario2
S1_reprodscen2_4,74000001,298627322624,25163839,25162532,1,4345,scenario2
S1_reprodscen2_4,74000001,298867626496,24226601,24225283,1,4346,scenario2
S1_reprodscen2_4,74000001,298950765568,23991392,23989997,1,4347,scenario2
S1_reprodscen2_4,74000001,299276644352,23557709,23556403,1,4348,scenario2
S1_reprodscen2_4,74000001,299370937344,23596854,23595457,1,4349,scenario2
S1_reprodscen2_4,74000001,299930886656,25271785,25270408,1,4350,scenario2
S1_reprodscen2_4,74000001,299978839808,24957727,24956362,1,4351,scenario2
S1_reprodscen2_4,74000001,300010542592,26417547,26416155,1,4352,scenario2
S1_reprodscen2_4,74000001,300125927424,23556050,23554624,1,4353,scenario2
S1_reprodscen2_4,74000001,300485233408,26218230,26216806,1,4354,scenario2
S2_reprodscen2_4,74000001,0,27266136,27263504,1,0,scenario2
S2_reprodscen2_4,74000001,76301568,52248401,52246819,2,1,scenario2
S2_reprodscen2_4,74000001,76397056,25702468,25700695,2,1,scenario2
S2_reprodscen2_4,74000001,278705152,26111874,26109903,1,3,scenario2
S2_reprodscen2_4,74000001,428641536,27077252,27075261,1,4,scenario2
S2_reprodscen2_4,74000001,765545984,24535291,24533475,1,5,scenario2
S2_reprodscen2_4,74000001,827063296,25592937,25591219,1,6,scenario2
S2_reprodscen2_4,74000001,1248900608,27112217,27110526,1,7,scenario2
S2_reprodscen2_4,74000001,1309174528,25810960,25809006,1,8,scenario2
S2_reprodscen2_4,74000001,1469471744,26581645,26579963,1,9,scenario2
S2_reprodscen2_4,74000001,1779982848,30908357,30906388,1,10,scenario2
S2_reprodscen2_4,74000001,1942077440,25726313,25724574,1,11,scenario2
S2_reprodscen2_4,74000001,1993767168,28780010,28778109,1,12,scenario2
S2_reprodscen2_4,74000001,2492556544,55767147,55765312,2,13,scenario2
S2_reprodscen2_4,74000001,2492660480,25496317,25495149,2,13,scenario2
S2_reprodscen2_4,74000001,2799351040,25846002,25844329,1,15,scenario2
S2_reprodscen2_4,74000001,2835978240,26621584,26620056,1,16,scenario2
S2_reprodscen2_4,74000001,3062290176,25095967,25094267,1,17,scenario2
S2_reprodscen2_4,74000001,3146353664,25278138,25276160,1,18,scenario2
S2_reprodscen2_4,74000001,3439009024,30395159,30393496,1,19,scenario2
S2_reprodscen2_4,74000001,3553455104,26267142,26265582,1,20,scenario2
S2_reprodscen2_4,74000001,3680793600,27897425,27895642,1,21,scenario2
S2_reprodscen2_4,74000001,3855200256,26724124,26722382,1,22,scenario2
S2_reprodscen2_4,74000001,3912471552,27952536,27950964,1,23,scenario2
S2_reprodscen2_4,74000001,3956633344,28925097,28923513,1,24,scenario2
S2_reprodscen2_4,74000001,4006336000,26155747,26154047,1,25,scenario2
S2_reprodscen2_4,74000001,4238516736,26134586,26132576,1,26,scenario2
S2_reprodscen2_4,74000001,4322275584,24834044,24832391,1,27,scenario2
S2_reprodscen2_4,74000001,4850566656,76587780,76574291,3,28,scenario2
S2_reprodscen2_4,74000001,4850680320,52570912,52569813,3,28,scenario2
S2_reprodscen2_4,74000001,4850768640,26119446,26118205,3,28,scenario2
S2_reprodscen2_4,74000001,5003873280,79581093,79579297,3,31,scenario2
S2_reprodscen2_4,74000001,5003969792,54262839,54261618,3,31,scenario2
S2_reprodscen2_4,74000001,5004040448,27654095,27653031,3,31,scenario2
S2_reprodscen2_4,74000001,5248524800,26087526,26085825,1,34,scenario2
S2_reprodscen2_4,74000001,5837411072,31359187,31357502,1,35,scenario2
S2_reprodscen2_4,74000001,6136675328,24204304,24202797,1,36,scenario2
S2_reprodscen2_4,74000001,6178457600,26691999,26690370,1,37,scenario2
S2_reprodscen2_4,74000001,6213566208,26744438,26742788,1,38,scenario2
S2_reprodscen2_4,74000001,6294710016,52534548,52532949,2,39,scenario2
S2_reprodscen2_4,74000001,6294826496,25351904,25350672,2,39,scenario2
S2_reprodscen2_4,74000001,6389522688,25134610,25132932,1,41,scenario2
S2_reprodscen2_4,74000001,6558711040,28904548,28902878,1,42,scenario2
S2_reprodscen2_4,74000001,6798340096,52239209,52237337,2,43,scenario2
S2_reprodscen2_4,74000001,6798457600,25439035,25437752,2,43,scenario2
S2_reprodscen2_4,74000001,6841696000,25984456,25982769,1,45,scenario2
S2_reprodscen2_4,74000001,7092173568,52608617,52606947,2,46,scenario2
S2_reprodscen2_4,74000001,7092289536,26781820,26780503,2,46,scenario2
S2_reprodscen2_4,74000001,7126996224,29186353,29184680,1,48,scenario2
S2_reprodscen2_4,74000001,7451782400,57019929,57018283,2,49,scenario2
S2_reprodscen2_4,74000001,7451892992,27279187,27277810,2,49,scenario2
S2_reprodscen2_4,74000001,7481527808,26521565,26519966,1,51,scenario2
S2_reprodscen2_4,74000001,7719967488,26412443,26410731,1,52,scenario2
S2_reprodscen2_4,74000001,7857270272,25352049,25350455,1,53,scenario2
S2_reprodscen2_4,74000001,8292184832,103777786,103776155,4,54,scenario2
S2_reprodscen2_4,74000001,8292290560,78463855,78462642,4,54,scenario2
S2_reprodscen2_4,74000001,8292391168,52160497,52159314,4,54,scenario2
S2_reprodscen2_4,74000001,8292464384,26173991,26172886,4,54,scenario2
S2_reprodscen2_4,74000001,8388523776,51471907,51470365,2,58,scenario2
S2_reprodscen2_4,74000001,8388628480,25113950,25112793,2,58,scenario2
S2_reprodscen2_4,74000001,8524525312,82383232,82381686,3,60,scenario2
S2_reprodscen2_4,74000001,8524664320,53634909,53632853,3,60,scenario2
S2_reprodscen2_4,74000001,8524748288,25786372,25784782,3,60,scenario2
S2_reprodscen2_4,74000001,8715357440,26979936,26977743,1,63,scenario2
S2_reprodscen2_4,74000001,8753974528,26739157,26737459,1,64,scenario2
S2_reprodscen2_4,74000001,8847333376,27140583,27138876,1,65,scenario2
S2_reprodscen2_4,74000001,8901852160,28685644,28683868,1,66,scenario2
S2_reprodscen2_4,74000001,9160616192,29246625,29244964,1,67,scenario2
S2_reprodscen2_4,74000001,9259918592,29165468,29163840,1,68,scenario2
S2_reprodscen2_4,74000001,9452974336,114261256,114259796,4,69,scenario2
S2_reprodscen2_4,74000001,9453069824,83663229,83662004,4,69,scenario2
S2_reprodscen2_4,74000001,9453189376,56333246,56331974,4,69,scenario2
S2_reprodscen2_4,74000001,9453266432,25463908,25462308,4,69,scenario2
S2_reprodscen2_4,74000001,9596058368,56941891,56940235,2,73,scenario2
S2_reprodscen2_4,74000001,9596175104,26221320,26208407,2,73,scenario2
S2_reprodscen2_4,74000001,9899040000,163857696,163856014,6,75,scenario2
S2_reprodscen2_4,74000001,9899149312,133692846,133691699,6,75,scenario2
S2_reprodscen2_4,74000001,9899257856,107390247,107389049,6,75,scenario2
S2_reprodscen2_4,74000001,9899335168,82919790,82918263,6,75,scenario2
S2_reprodscen2_4,74000001,9899408640,53907001,53905724,6,75,scenario2
S2_reprodscen2_4,74000001,9899503872,27785633,27784189,6,75,scenario2
S2_reprodscen2_4,74000001,9931259904,27378074,27376527,1,81,scenario2
S2_reprodscen2_4,74000001,10188837376,27625420,27623875,1,82,scenario2
S2_reprodscen2_4,74000001,10328777728,25195910,25194317,1,83,scenario2
S2_reprodscen2_4,74000001,10481584640,82176055,82174481,3,84,scenario2
S2_reprodscen2_4,74000001,10481673472,55374275,55373123,3,84,scenario2
S2_reprodscen2_4,74000001,10481777408,27151698,27150242,3,84,scenario2
S2_reprodscen2_4,74000001,10858174720,27132687,27131056,1,87,scenario2
S2_reprodscen2_4,74000001,10909316864,28597507,28595944,1,88,scenario2
S2_reprodscen2_4,74000001,11048044288,51472172,51470599,2,89,scenario2
S2_reprodscen2_4,74000001,11048154368,24887121,24885889,2,89,scenario2
S2_reprodscen2_4,74000001,11079912704,27424170,27422642,1,91,scenario2
S2_reprodscen2_4,74000001,11182441472,80271964,80270326,3,92,scenario2
S2_reprodscen2_4,74000001,11182545920,54075991,54074839,3,92,scenario2
S2_reprodscen2_4,74000001,11182673664,28697079,28695877,3,92,scenario2
S2_reprodscen2_4,74000001,11431087360,24553858,24552244,1,95,scenario2
S2_reprodscen2_4,74000001,11530576640,51057429,51055890,2,96,scenario2
S2_reprodscen2_4,74000001,11530683904,25688187,25687140,2,96,scenario2
S2_reprodscen2_4,74000001,11597970432,56027627,56025947,2,98,scenario2
S2_reprodscen2_4,74000001,11598062336,26736537,26735331,2,98,scenario2
S2_reprodscen2_4,74000001,11866520320,80006451,80004730,3,100,scenario2
S2_reprodscen2_4,74000001,11866646784,53183578,53182215,3,100,scenario2
S2_reprodscen2_4,74000001,11866742272,27060656,27059506,3,100,scenario2
S2_reprodscen2_4,74000001,11947055872,24133806,24132372,1,103,scenario2
S2_reprodscen2_4,74000001,12136995584,86797379,86795615,3,104,scenario2
S2_reprodscen2_4,74000001,12137073152,55396711,55395476,3,104,scenario2
S2_reprodscen2_4,74000001,12137198336,28198720,28197379,3,104,scenario2
S2_reprodscen2_4,74000001,12211859456,29448549,29446909,1,107,scenario2
S2_reprodscen2_4,74000001,12263215616,26886958,26885294,1,108,scenario2
S2_reprodscen2_4,74000001,12299968512,28772115,28770540,1,109,scenario2
S2_reprodscen2_4,74000001,12352327424,24273499,24271900,1,110,scenario2
S2_reprodscen2_4,74000001,12611739392,80126682,80125078,3,111,scenario2
S2_reprodscen2_4,74000001,12611822592,53455356,53454199,3,111,scenario2
S2_reprodscen2_4,74000001,12611931648,26637050,26635701,3,111,scenario2
S2_reprodscen2_4,74000001,13101233152,129454143,129452660,5,114,scenario2
S2_reprodscen2_4,74000001,13101311232,102615456,102614201,5,114,scenario2
S2_reprodscen2_4,74000001,13101435904,77289472,77287949,5,114,scenario2
S2_reprodscen2_4,74000001,13101501696,50954038,50953001,5,114,scenario2
S2_reprodscen2_4,74000001,13101566464,25417316,25416261,5,114,scenario2
S2_reprodscen2_4,74000001,13475398144,220679883,220678219,8,119,scenario2
S2_reprodscen2_4,74000001,13475490560,192396059,192394917,8,119,scenario2
S2_reprodscen2_4,74000001,13475604224,162232800,162231507,8,119,scenario2
S2_reprodscen2_4,74000001,13475669760,132756226,132755136,8,119,scenario2
S2_reprodscen2_4,74000001,13475734272,103097539,103096313,8,119,scenario2
S2_reprodscen2_4,74000001,13475805440,77906340,77904875,8,119,scenario2
S2_reprodscen2_4,74000001,13475873792,50755723,50754668,8,119,scenario2
S2_reprodscen2_4,74000001,13475940608,25231903,25230812,8,119,scenario2
S2_reprodscen2_4,74000001,13564295680,31206227,31203993,0,127,scenario2
S2_reprodscen2_4,74000001,13703162624,27312023,27310566,1,128,scenario2
S2_reprodscen2_4,74000001,13737739520,28386727,28385088,1,129,scenario2
S2_reprodscen2_4,74000001,13946742784,56997687,56995614,2,130,scenario2
S2_reprodscen2_4,74000001,13946820608,28735377,28734205,2,130,scenario2
S2_reprodscen2_4,74000001,14032424448,53455709,53454123,2,132,scenario2
S2_reprodscen2_4,74000001,14032507136,25713224,25711966,2,132,scenario2
S2_reprodscen2_4,74000001,14095608064,27882555,27880915,1,134,scenario2
S2_reprodscen2_4,74000001,14168285696,26811553,26809936,1,135,scenario2
S2_reprodscen2_4,74000001,14392818688,86750144,86748484,3,136,scenario2
S2_reprodscen2_4,74000001,14392896000,60459007,60457860,3,136,scenario2
S2_reprodscen2_4,74000001,14392997888,33209364,33208228,3,136,scenario2
S2_reprodscen2_4,74000001,14476953088,28452376,28450819,1,139,scenario2
S2_reprodscen2_4,74000001,14513662720,26173298,26171393,1,140,scenario2
S2_reprodscen2_4,74000001,14573357824,30221630,30220167,1,141,scenario2
S2_reprodscen2_4,74000001,14819536896,85547706,85545930,3,142,scenario2
S2_reprodscen2_4,74000001,14819604736,53749763,53748612,3,142,scenario2
S2_reprodscen2_4,74000001,14819695360,27268295,27267162,3,142,scenario2
S2_reprodscen2_4,74000001,14852888064,25198671,25197199,1,145,scenario2
S2_reprodscen2_4,74000001,14912760576,24171540,24170111,1,146,scenario2
S2_reprodscen2_4,74000001,14973722112,25396263,25394787,1,147,scenario2
S2_reprodscen2_4,74000001,15023458816,27001420,26999803,1,148,scenario2
S2_reprodscen2_4,74000001,15197755136,80297577,80295891,3,149,scenario2
S2_reprodscen2_4,74000001,15197839616,53341549,53340364,3,149,scenario2
S2_reprodscen2_4,74000001,15197896448,28173647,28172580,3,149,scenario2
S2_reprodscen2_4,74000001,15374488320,26484160,26482569,1,152,scenario2
S2_reprodscen2_4,74000001,15415955200,27393937,27392315,1,153,scenario2
S2_reprodscen2_4,74000001,15462969600,27430632,27429090,1,154,scenario2
S2_reprodscen2_4,74000001,15554290944,26466590,26464990,1,155,scenario2
S2_reprodscen2_4,74000001,15702124800,27553881,27552259,1,156,scenario2
S2_reprodscen2_4,74000001,15752181248,26145571,26143968,1,157,scenario2
S2_reprodscen2_4,74000001,15826337024,29702817,29701270,1,158,scenario2
S2_reprodscen2_4,74000001,15946642176,24450718,24449308,1,159,scenario2
S2_reprodscen2_4,74000001,16031908352,23856065,23854461,1,160,scenario2
S2_reprodscen2_4,74000001,16116359168,23551816,23550498,1,161,scenario2
S2_reprodscen2_4,74000001,16184813568,30310071,30308251,1,162,scenario2
S2_reprodscen2_4,74000001,16245323264,26031587,26029984,1,163,scenario2
S2_reprodscen2_4,74000001,16511206144,107050217,107048675,4,164,scenario2
S2_reprodscen2_4,74000001,16511308544,80303427,80302216,4,164,scenario2
S2_reprodscen2_4,74000001,16511394816,54516587,54515544,4,164,scenario2
S2_reprodscen2_4,74000001,16511466496,28805551,28804472,4,164,scenario2
S2_reprodscen2_4,74000001,16614376960,54945961,54944357,2,168,scenario2
S2_reprodscen2_4,74000001,16614465792,25484209,25482984,2,168,scenario2
S2_reprodscen2_4,74000001,16724784640,30529974,30528263,1,170,scenario2
S2_reprodscen2_4,74000001,16779587072,27192643,27190986,1,171,scenario2
S2_reprodscen2_4,74000001,16893745152,26434027,26432004,1,172,scenario2
S2_reprodscen2_4,74000001,16942631680,29484263,29482584,1,173,scenario2
S2_reprodscen2_4,74000001,16996123648,26677732,26675651,1,174,scenario2
S2_reprodscen2_4,74000001,17031093248,26307370,26305494,1,175,scenario2
S2_reprodscen2_4,74000001,17200672256,25258904,25256928,1,176,scenario2
S2_reprodscen2_4,74000001,17569905408,139503239,139501356,5,177,scenario2
S2_reprodscen2_4,74000001,17628424960,168218991,168217888,6,178,scenario2
S2_reprodscen2_4,74000001,17628511744,140672841,140671762,6,178,scenario2
S2_reprodscen2_4,74000001,17628633856,115213677,115212420,6,178,scenario2
S2_reprodscen2_4,74000001,17628671488,86055014,86053932,6,178,scenario2
S2_reprodscen2_4,74000001,17628709632,58669473,58667969,6,178,scenario2
S2_reprodscen2_4,74000001,17628737792,31167550,31166519,6,178,scenario2
S2_reprodscen2_4,74000001,17785389824,55803116,55801502,2,184,scenario2
S2_reprodscen2_4,74000001,17785470720,28113332,28112127,2,184,scenario2
S2_reprodscen2_4,74000001,17913646336,27092748,27090814,1,186,scenario2
S2_reprodscen2_4,74000001,18013934592,54070329,54068784,2,187,scenario2
S2_reprodscen2_4,74000001,18014045440,26919663,26918404,2,187,scenario2
S2_reprodscen2_4,74000001,18051166464,27231698,27229972,1,189,scenario2
S2_reprodscen2_4,74000001,18109537280,28795323,28793848,1,190,scenario2
S2_reprodscen2_4,74000001,18161084416,28447963,28446485,1,191,scenario2
S2_reprodscen2_4,74000001,18409765376,82006682,82004931,3,192,scenario2
S2_reprodscen2_4,74000001,18409885440,52064217,52062582,3,192,scenario2
S2_reprodscen2_4,74000001,18409986560,26978378,26977022,3,192,scenario2
S2_reprodscen2_4,74000001,18462578432,30134615,30131061,1,195,scenario2
S2_reprodscen2_4,74000001,18601659648,59194622,59192874,2,196,scenario2
S2_reprodscen2_4,74000001,18601801984,30466845,30465196,2,196,scenario2
S2_reprodscen2_4,74000001,18707503104,31517960,31516404,1,198,scenario2
S2_reprodscen2_4,74000001,18764526592,30177787,30175567,1,199,scenario2
S2_reprodscen2_4,74000001,18956550912,114275692,114274009,4,200,scenario2
S2_reprodscen2_4,74000001,18956644608,86665586,86664181,4,200,scenario2
S2_reprodscen2_4,74000001,18956749824,60314193,60313022,4,200,scenario2
S2_reprodscen2_4,74000001,18956820224,31440650,31439514,4,200,scenario2
S2_reprodscen2_4,74000001,19103594752,26304442,26302845,1,204,scenario2
S2_reprodscen2_4,74000001,19143043328,25641376,25639794,1,205,scenario2
S2_reprodscen2_4,74000001,19211911424,24674980,24673461,1,206,scenario2
S2_reprodscen2_4,74000001,19254485760,26540013,26538511,1,207,scenario2
S2_reprodscen2_4,74000001,19305453312,24680336,24678822,1,208,scenario2
S2_reprodscen2_4,74000001,19464299008,49655515,49654109,2,209,scenario2
S2_reprodscen2_4,74000001,19464380928,25664011,25662736,2,209,scenario2
S2_reprodscen2_4,74000001,19491009792,25904048,25902473,1,211,scenario2
S2_reprodscen2_4,74000001,20089149952,159174536,159172826,6,212,scenario2
S2_reprodscen2_4,74000001,20089247232,133074875,133073553,6,212,scenario2
S2_reprodscen2_4,74000001,20089344768,107909308,107908223,6,212,scenario2
S2_reprodscen2_4,74000001,20089416192,79365116,79363948,6,212,scenario2
S2_reprodscen2_4,74000001,20089489664,54583065,54582083,6,212,scenario2
S2_reprodscen2_4,74000001,20089561088,27057316,27056155,6,212,scenario2
S2_reprodscen2_4,74000001,20117470976,27183561,27181890,1,218,scenario2
S2_reprodscen2_4,74000001,20172100864,54510616,54509353,2,219,scenario2
S2_reprodscen2_4,74000001,20172192256,27952890,27951723,2,219,scenario2
S2_reprodscen2_4,74000001,20218799872,26885766,26884057,1,221,scenario2
S2_reprodscen2_4,74000001,20324206592,28731215,28729587,1,222,scenario2
S2_reprodscen2_4,74000001,20352482304,25744493,25742943,1,223,scenario2
S2_reprodscen2_4,74000001,20425835776,27852314,27850640,1,224,scenario2
S2_reprodscen2_4,74000001,20567945728,28178090,28176458,1,225,scenario2
S2_reprodscen2_4,74000001,20806074624,26586319,26584548,1,226,scenario2
S2_reprodscen2_4,74000001,21003451648,105789333,105787681,4,227,scenario2
S2_reprodscen2_4,74000001,21003564544,75853662,75852380,4,227,scenario2
S2_reprodscen2_4,74000001,21003657728,48735424,48734316,4,227,scenario2
S2_reprodscen2_4,74000001,21003726592,24787901,24786992,4,227,scenario2
S2_reprodscen2_4,74000001,21113988096,30961294,30959715,1,231,scenario2
S2_reprodscen2_4,74000001,21272730880,158631171,158617959,6,232,scenario2
S2_reprodscen2_4,74000001,21272843264,132675078,132674039,6,232,scenario2
S2_reprodscen2_4,74000001,21272941056,105843934,105842850,6,232,scenario2
S2_reprodscen2_4,74000001,21273009664,80137345,80136243,6,232,scenario2
S2_reprodscen2_4,74000001,21273074944,55252435,55251198,6,232,scenario2
S2_reprodscen2_4,74000001,21273142528,24865815,24864712,6,232,scenario2
S2_reprodscen2_4,74000001,21367291648,25095058,25093488,1,238,scenario2
S2_reprodscen2_4,74000001,21580744960,27177888,27175555,1,239,scenario2
S2_reprodscen2_4,74000001,21718981888,29174330,29172455,1,240,scenario2
S2_reprodscen2_4,74000001,21905681920,27420553,27418853,1,241,scenario2
S2_reprodscen2_4,74000001,22258412032,132085844,132084343,5,242,scenario2
S2_reprodscen2_4,74000001,22258503424,105792228,105790712,5,242,scenario2
S2_reprodscen2_4,74000001,22258593280,80226201,80225266,5,242,scenario2
S2_reprodscen2_4,74000001,22258667008,53454069,53452934,5,242,scenario2
S2_reprodscen2_4,74000001,22258726144,27569313,27568260,5,242,scenario2
S2_reprodscen2_4,74000001,22316413696,29932423,29930935,1,247,scenario2
S2_reprodscen2_4,74000001,22400454912,55148824,55147013,2,248,scenario2
S2_reprodscen2_4,74000001,22400558848,26429650,26428282,2,248,scenario2
S2_reprodscen2_4,74000001,22466284800,29347859,29346430,1,250,scenario2
S2_reprodscen2_4,74000001,22638655232,80130011,80128461,3,251,scenario2
S2_reprodscen2_4,74000001,22638759168,53876790,53875479,3,251,scenario2
S2_reprodscen2_4,74000001,22638843648,27110031,27108910,3,251,scenario2
S2_reprodscen2_4,74000001,22893369856,57604171,57602394,2,254,scenario2
S2_reprodscen2_4,74000001,22893476352,26093183,26092116,2,254,scenario2
S2_reprodscen2_4,74000001,22923817728,27188627,27186873,1,256,scenario2
S2_reprodscen2_4,74000001,23076454912,23859669,23858201,1,257,scenario2
S2_reprodscen2_4,74000001,23157542656,28565723,28564022,1,258,scenario2
S2_reprodscen2_4,74000001,23210357760,52627151,52625638,2,259,scenario2
S2_reprodscen2_4,74000001,23210454784,26573617,26572508,2,259,scenario2
S2_reprodscen2_4,74000001,23252642304,28539603,28538010,1,261,scenario2
S2_reprodscen2_4,74000001,23327739648,49383435,49381776,2,262,scenario2
S2_reprodscen2_4,74000001,23327827712,25781639,25780633,2,262,scenario2
S2_reprodscen2_4,74000001,23403804160,26202704,26201297,1,264,scenario2
S2_reprodscen2_4,74000001,23509912320,29962178,29960406,1,265,scenario2
S2_reprodscen2_4,74000001,23589266944,49386957,49385480,2,266,scenario2
S2_reprodscen2_4,74000001,23589344000,25705479,25704466,2,266,scenario2
S2_reprodscen2_4,74000001,23850958848,84500199,84498673,3,268,scenario2
S2_reprodscen2_4,74000001,23851059200,55702232,55700696,3,268,scenario2
S2_reprodscen2_4,74000001,23851219200,28770211,28768752,3,268,scenario2
S2_reprodscen2_4,74000001,23930156032,27404555,27402935,1,271,scenario2
S2_reprodscen2_4,74000001,23965013248,30549653,30547982,1,272,scenario2
S2_reprodscen2_4,74000001,24181690624,26331541,26329979,1,273,scenario2
S2_reprodscen2_4,74000001,24236224512,26360864,26359353,1,274,scenario2
S2_reprodscen2_4,74000001,24587139328,184931842,184929990,7,275,scenario2
S2_reprodscen2_4,74000001,24587268096,159270121,159268785,7,275,scenario2
S2_reprodscen2_4,74000001,24587340032,132396416,132395278,7,275,scenario2
S2_reprodscen2_4,74000001,24587405824,106448443,106447297,7,275,scenario2
S2_reprodscen2_4,74000001,24587468288,80433771,80432790,7,275,scenario2
S2_reprodscen2_4,74000001,24587545344,54905940,54904984,7,275,scenario2
S2_reprodscen2_4,74000001,24587608576,28499233,28498200,7,275,scenario2
S2_reprodscen2_4,74000001,24843709440,24365651,24364157,1,282,scenario2
S2_reprodscen2_4,74000001,25188920832,142439138,142437400,5,283,scenario2
S2_reprodscen2_4,74000001,25189037568,112224030,112222368,5,283,scenario2
S2_reprodscen2_4,74000001,25189140480,85842033,85840996,5,283,scenario2
S2_reprodscen2_4,74000001,25189216256,60092293,60091193,5,283,scenario2
S2_reprodscen2_4,74000001,25189284608,30917592,30916268,5,283,scenario2
S2_reprodscen2_4,74000001,25272829440,53008924,53006853,2,288,scenario2
S2_reprodscen2_4,74000001,25272937728,25264630,25263424,2,288,scenario2
S2_reprodscen2_4,74000001,25332482048,56059995,56058249,2,290,scenario2
S2_reprodscen2_4,74000001,25332573696,26805723,26804513,2,290,scenario2
S2_reprodscen2_4,74000001,25521490176,54068757,54067362,2,292,scenario2
S2_reprodscen2_4,74000001,25521598208,25241457,25240222,2,292,scenario2
S2_reprodscen2_4,74000001,25578760960,54610577,54609209,2,294,scenario2
S2_reprodscen2_4,74000001,25578868736,26695880,26694442,2,294,scenario2
S2_reprodscen2_4,74000001,25890334976,115532068,115530401,4,296,scenario2
S2_reprodscen2_4,74000001,25890451200,86392375,86390931,4,296,scenario2
S2_reprodscen2_4,74000001,25890528512,58738217,58737080,4,296,scenario2
S2_reprodscen2_4,74000001,25890625792,27968499,27967069,4,296,scenario2
S2_reprodscen2_4,74000001,25960614400,32601844,32600188,1,300,scenario2
S2_reprodscen2_4,74000001,26015888128,26247213,26245384,1,301,scenario2
S2_reprodscen2_4,74000001,26050909952,23725428,23723984,1,302,scenario2
S2_reprodscen2_4,74000001,26121089024,26827689,26826091,1,303,scenario2
S2_reprodscen2_4,74000001,26228188672,26311655,26310201,1,304,scenario2
S2_reprodscen2_4,74000001,26337209088,27230782,27228974,1,305,scenario2
S2_reprodscen2_4,74000001,26439330560,53671165,53657503,2,306,scenario2
S2_reprodscen2_4,74000001,26439434240,25590211,25588924,2,306,scenario2
S2_reprodscen2_4,74000001,26484411904,33114511,33113017,1,308,scenario2
S2_reprodscen2_4,74000001,26570499584,26976989,26975348,1,309,scenario2
S2_reprodscen2_4,74000001,26843298304,24978789,24977182,1,310,scenario2
S2_reprodscen2_4,74000001,27015681792,26079994,26078376,1,311,scenario2
S2_reprodscen2_4,74000001,27131895296,53924536,53922956,2,312,scenario2
S2_reprodscen2_4,74000001,27132016128,25979699,25977811,2,312,scenario2
S2_reprodscen2_4,74000001,27248098048,57159233,57157742,2,314,scenario2
S2_reprodscen2_4,74000001,27248227840,29816492,29814998,2,314,scenario2
S2_reprodscen2_4,74000001,27310783488,32506451,32504784,1,316,scenario2
S2_reprodscen2_4,74000001,27407034624,31986039,31984472,1,317,scenario2
S2_reprodscen2_4,74000001,27598739200,109280753,109279084,4,318,scenario2
S2_reprodscen2_4,74000001,27598856960,80847938,80846233,4,318,scenario2
S2_reprodscen2_4,74000001,27598955264,54204423,54202749,4,318,scenario2
S2_reprodscen2_4,74000001,27599002624,27971903,27970426,4,318,scenario2
S2_reprodscen2_4,74000001,27656617728,53581949,53580379,2,322,scenario2
S2_reprodscen2_4,74000001,27656725760,27076663,27074972,2,322,scenario2
S2_reprodscen2_4,74000001,27868666880,24068226,24066677,1,324,scenario2
S2_reprodscen2_4,74000001,27969608960,49142586,49141124,2,325,scenario2
S2_reprodscen2_4,74000001,27969718784,23972657,23970995,2,325,scenario2
S2_reprodscen2_4,74000001,28030459904,28115347,28113833,1,327,scenario2
S2_reprodscen2_4,74000001,28076194304,24342727,24341240,1,328,scenario2
S2_reprodscen2_4,74000001,28127068672,28368707,28367095,1,329,scenario2
S2_reprodscen2_4,74000001,28300569600,27525189,27523511,1,330,scenario2
S2_reprodscen2_4,74000001,28509345792,133457372,133455780,5,331,scenario2
S2_reprodscen2_4,74000001,28509454848,103456905,103455217,5,331,scenario2
S2_reprodscen2_4,74000001,28509543680,77243247,77241657,5,331,scenario2
S2_reprodscen2_4,74000001,28509625600,52247410,52245629,5,331,scenario2
S2_reprodscen2_4,74000001,28509710080,26335984,26334452,5,331,scenario2
S2_reprodscen2_4,74000001,28629584896,57023394,57021882,2,336,scenario2
S2_reprodscen2_4,74000001,28629685760,27742408,27740764,2,336,scenario2
S2_reprodscen2_4,74000001,28763527936,23894007,23892517,1,338,scenario2
S2_reprodscen2_4,74000001,28960390912,30452605,30449565,1,339,scenario2
S2_reprodscen2_4,74000001,29088969728,48793765,48790924,2,340,scenario2
S2_reprodscen2_4,74000001,29089352960,23950137,23949045,2,340,scenario2
S2_reprodscen2_4,74000001,29349254400,108225622,108224103,4,342,scenario2
S2_reprodscen2_4,74000001,29349355520,79137357,79136312,4,342,scenario2
S2_reprodscen2_4,74000001,29349459456,53794550,53793359,4,342,scenario2
S2_reprodscen2_4,74000001,29349540608,28229809,28228535,4,342,scenario2
S2_reprodscen2_4,74000001,29427948288,53994351,53992635,2,346,scenario2
S2_reprodscen2_4,74000001,29428037888,25462199,25460957,2,346,scenario2
S2_reprodscen2_4,74000001,29507364608,26709459,26707816,1,348,scenario2
S2_reprodscen2_4,74000001,29559225344,26627926,26626337,1,349,scenario2
S2_reprodscen2_4,74000001,29623604992,25939203,25937533,1,350,scenario2
S2_reprodscen2_4,74000001,29837682944,27528284,27526718,1,351,scenario2
S2_reprodscen2_4,74000001,30021136896,81089040,81087466,3,352,scenario2
S2_reprodscen2_4,74000001,30021215232,53184617,53183496,3,352,scenario2
S2_reprodscen2_4,74000001,30021297920,26064633,26063701,3,352,scenario2
S2_reprodscen2_4,74000001,30071146752,24931022,24929404,1,355,scenario2
S2_reprodscen2_4,74000001,30176112128,52745522,52743869,2,356,scenario2
S2_reprodscen2_4,74000001,30176209152,28701551,28700446,2,356,scenario2
S2_reprodscen2_4,74000001,30261090560,30443920,30442358,1,358,scenario2
S2_reprodscen2_4,74000001,30361813248,29404704,29403108,1,359,scenario2
S2_reprodscen2_4,74000001,30417631232,28174927,28173291,1,360,scenario2
S2_reprodscen2_4,74000001,30541072384,52018396,52015583,2,361,scenario2
S2_reprodscen2_4,74000001,30541162496,25105298,25104030,2,361,scenario2
S2_reprodscen2_4,74000001,30607152128,25668740,25667203,1,363,scenario2
S2_reprodscen2_4,74000001,30767181824,27418830,27416786,0,364,scenario2
S2_reprodscen2_4,74000001,30798103552,27151724,27150138,1,365,scenario2
S2_reprodscen2_4,74000001,31400412672,143312068,143310475,5,366,scenario2
S2_reprodscen2_4,74000001,31400488960,113620665,113619452,5,366,scenario2
S2_reprodscen2_4,74000001,31400562944,87338014,87336984,5,366,scenario2
S2_reprodscen2_4,74000001,31400626944,57417949,57417137,5,366,scenario2
S2_reprodscen2_4,74000001,31400688128,32410156,32409320,5,366,scenario2
S2_reprodscen2_4,74000001,31555018496,106000857,105999299,4,371,scenario2
S2_reprodscen2_4,74000001,31555110144,79209714,79208410,4,371,scenario2
S2_reprodscen2_4,74000001,31555196160,51799015,51797685,4,371,scenario2
S2_reprodscen2_4,74000001,31555270144,25710022,25708898,4,371,scenario2
S2_reprodscen2_4,74000001,31637688576,50885816,50884214,2,375,scenario2
S2_reprodscen2_4,74000001,31637775616,26510008,26508905,2,375,scenario2
S2_reprodscen2_4,74000001,31883644672,84605506,84603932,3,377,scenario2
S2_reprodscen2_4,74000001,31883776512,52465776,52464612,2,378,scenario2
S2_reprodscen2_4,74000001,31883848960,25838211,25837146,2,378,scenario2
S2_reprodscen2_4,74000001,31969718016,26852007,26850418,1,380,scenario2
S2_reprodscen2_4,74000001,32127678720,26421749,26420164,1,381,scenario2
S2_reprodscen2_4,74000001,32205637632,51366952,51365339,2,382,scenario2
S2_reprodscen2_4,74000001,32205729792,26849281,26848057,2,382,scenario2
S2_reprodscen2_4,74000001,32283546624,25304165,25302635,1,384,scenario2
S2_reprodscen2_4,74000001,32396353024,27515271,27513676,1,385,scenario2
S2_reprodscen2_4,74000001,32451581696,28421053,28419510,1,386,scenario2
S2_reprodscen2_4,74000001,32574226176,50781613,50779973,2,387,scenario2
S2_reprodscen2_4,74000001,32574320384,26807236,26805968,2,387,scenario2
S2_reprodscen2_4,74000001,32630718464,31667822,31666131,1,389,scenario2
S2_reprodscen2_4,74000001,32742857216,27107185,27105580,1,390,scenario2
S2_reprodscen2_4,74000001,32924697344,24709827,24708187,1,391,scenario2
S2_reprodscen2_4,74000001,32958345984,26498628,26497069,1,392,scenario2
S2_reprodscen2_4,74000001,33177745152,78795623,78794095,3,393,scenario2
S2_reprodscen2_4,74000001,33177823232,52255144,52253920,3,393,scenario2
S2_reprodscen2_4,74000001,33177899008,26002055,26001000,3,393,scenario2
S2_reprodscen2_4,74000001,33306393600,26648581,26647114,1,396,scenario2
S2_reprodscen2_4,74000001,33342091264,27022166,27020605,1,397,scenario2
S2_reprodscen2_4,74000001,33406152192,24461719,24460074,1,398,scenario2
S2_reprodscen2_4,74000001,33446712064,27591639,27590132,1,399,scenario2
S2_reprodscen2_4,74000001,33544861696,24104764,24101925,1,400,scenario2
S2_reprodscen2_4,74000001,33584595200,23968376,23966866,1,401,scenario2
S2_reprodscen2_4,74000001,33645100032,29371668,29369998,1,402,scenario2
S2_reprodscen2_4,74000001,33896930560,26871051,26868893,0,403,scenario2
S2_reprodscen2_4,74000001,33981101056,84073566,84060903,3,404,scenario2
S2_reprodscen2_4,74000001,33981165312,58247205,58246036,3,404,scenario2
S2_reprodscen2_4,74000001,33981243392,29226365,29225353,3,404,scenario2
S2_reprodscen2_4,74000001,34091823872,25668674,25667089,1,407,scenario2
S2_reprodscen2_4,74000001,34216144384,25650785,25649227,1,408,scenario2
S2_reprodscen2_4,74000001,34341357824,80350514,80349074,3,409,scenario2
S2_reprodscen2_4,74000001,34341438208,54716563,54715350,3,409,scenario2
S2_reprodscen2_4,74000001,34341524992,29051871,29050986,3,409,scenario2
S2_reprodscen2_4,74000001,34473123072,26356674,26355100,1,412,scenario2
S2_reprodscen2_4,74000001,34518014464,27444494,27442827,1,413,scenario2
S2_reprodscen2_4,74000001,34618148608,52969310,52967750,2,414,scenario2
S2_reprodscen2_4,74000001,34618264064,26374177,26372954,2,414,scenario2
S2_reprodscen2_4,74000001,34821850368,25962012,25960476,1,416,scenario2
S2_reprodscen2_4,74000001,34960978176,55560709,55559106,2,417,scenario2
S2_reprodscen2_4,74000001,34961165056,25465481,25463928,2,417,scenario2
S2_reprodscen2_4,74000001,35118682880,53834568,53831735,2,419,scenario2
S2_reprodscen2_4,74000001,35118757376,24448611,24447430,2,419,scenario2
S2_reprodscen2_4,74000001,35211283200,29529011,29527435,1,421,scenario2
S2_reprodscen2_4,74000001,35466351616,109424737,109423172,4,422,scenario2
S2_reprodscen2_4,74000001,35466435328,81738071,81736901,4,422,scenario2
S2_reprodscen2_4,74000001,35466540800,54941663,54940791,4,422,scenario2
S2_reprodscen2_4,74000001,35466631424,28340014,28339157,4,422,scenario2
S2_reprodscen2_4,74000001,35524754432,31200792,31198101,1,426,scenario2
S2_reprodscen2_4,74000001,35557146368,30447141,30444215,1,427,scenario2
S2_reprodscen2_4,74000001,35909830400,29304125,29302032,1,428,scenario2
S2_reprodscen2_4,74000001,35974091776,24932218,24930666,1,429,scenario2
S2_reprodscen2_4,74000001,36025207552,24595536,24593970,1,430,scenario2
S2_reprodscen2_4,74000001,36154452480,52498833,52497232,2,431,scenario2
S2_reprodscen2_4,74000001,36154571520,27891298,27889975,2,431,scenario2
S2_reprodscen2_4,74000001,36296289792,29865471,29863969,1,433,scenario2
S2_reprodscen2_4,74000001,36331901952,26787885,26784999,1,434,scenario2
S2_reprodscen2_4,74000001,36438590976,25489872,25488217,1,435,scenario2
S2_reprodscen2_4,74000001,36473572352,29664040,29662440,1,436,scenario2
S2_reprodscen2_4,74000001,36586631680,84461186,84459434,3,437,scenario2
S2_reprodscen2_4,74000001,36586723584,58052764,58051519,3,437,scenario2
S2_reprodscen2_4,74000001,36586796032,30006350,30004963,3,437,scenario2
S2_reprodscen2_4,74000001,36914991360,27256302,27254614,1,440,scenario2
S2_reprodscen2_4,74000001,37027275520,27520508,27518784,1,441,scenario2
S2_reprodscen2_4,74000001,37086048512,25816446,25814873,1,442,scenario2
S2_reprodscen2_4,74000001,37399782656,107066153,107064548,4,443,scenario2
S2_reprodscen2_4,74000001,37399909632,77510384,77509332,4,443,scenario2
S2_reprodscen2_4,74000001,37399994880,52942882,52941749,4,443,scenario2
S2_reprodscen2_4,74000001,37400065792,28537648,28536789,4,443,scenario2
S2_reprodscen2_4,74000001,37637290496,25909209,25907712,1,447,scenario2
S2_reprodscen2_4,74000001,37774533376,107532802,107531149,4,448,scenario2
S2_reprodscen2_4,74000001,37774662144,82178032,82176630,4,448,scenario2
S2_reprodscen2_4,74000001,37774736640,53084486,53083327,4,448,scenario2
S2_reprodscen2_4,74000001,37774811136,27220135,27218975,4,448,scenario2
S2_reprodscen2_4,74000001,37955912192,26348197,26346637,1,452,scenario2
S2_reprodscen2_4,74000001,37992430080,24962939,24961367,1,453,scenario2
S2_reprodscen2_4,74000001,38031593984,24164162,24162568,1,454,scenario2
S2_reprodscen2_4,74000001,38115830528,23844137,23842628,1,455,scenario2
S2_reprodscen2_4,74000001,38141584128,25627050,25625870,1,456,scenario2
S2_reprodscen2_4,74000001,38216173824,25482620,25481102,1,457,scenario2
S2_reprodscen2_4,74000001,38289888000,25616916,25613963,1,458,scenario2
S2_reprodscen2_4,74000001,38412642816,82848897,82847331,3,459,scenario2
S2_reprodscen2_4,74000001,38412753408,57359170,57358070,3,459,scenario2
S2_reprodscen2_4,74000001,38412824064,26194025,26192825,3,459,scenario2
S2_reprodscen2_4,74000001,38497292544,25325835,25324273,1,462,scenario2
S2_reprodscen2_4,74000001,38532455424,23951073,23949464,1,463,scenario2
S2_reprodscen2_4,74000001,38805920256,28473591,28472060,1,464,scenario2
S2_reprodscen2_4,74000001,39051465728,53432804,53431204,2,465,scenario2
S2_reprodscen2_4,74000001,39051577856,27205623,27204334,2,465,scenario2
S2_reprodscen2_4,74000001,39155552000,79409533,79407995,3,467,scenario2
S2_reprodscen2_4,74000001,39155642624,53678666,53677395,3,467,scenario2
S2_reprodscen2_4,74000001,39155728128,28805437,28804368,3,467,scenario2
S2_reprodscen2_4,74000001,39311623680,87107001,87105389,3,470,scenario2
S2_reprodscen2_4,74000001,39311725824,56825642,56824353,3,470,scenario2
S2_reprodscen2_4,74000001,39311798272,28917476,28915705,3,470,scenario2
S2_reprodscen2_4,74000001,39355735552,27307247,27305735,1,473,scenario2
S2_reprodscen2_4,74000001,39528570624,27978477,27976953,1,474,scenario2
S2_reprodscen2_4,74000001,39621558016,26788387,26786665,1,475,scenario2
S2_reprodscen2_4,74000001,39796093440,25743992,25740974,1,476,scenario2
S2_reprodscen2_4,74000001,39832660736,29178065,29176680,1,477,scenario2
S2_reprodscen2_4,74000001,39896574720,26444412,26442729,1,478,scenario2
S2_reprodscen2_4,74000001,39967532288,27346092,27343204,1,479,scenario2
S2_reprodscen2_4,74000001,40016859648,26695836,26694262,1,480,scenario2
S2_reprodscen2_4,74000001,40107254272,29234267,29232398,0,481,scenario2
S2_reprodscen2_4,74000001,40132494848,25126755,25125710,1,482,scenario2
S2_reprodscen2_4,74000001,40210902272,28766671,28763730,1,483,scenario2
S2_reprodscen2_4,74000001,40263494400,25498891,25497347,1,484,scenario2
S2_reprodscen2_4,74000001,40633498368,57703022,57701442,2,485,scenario2
S2_reprodscen2_4,74000001,40633585920,25566610,25565296,2,485,scenario2
S2_reprodscen2_4,74000001,40809352448,28230633,28229115,1,487,scenario2
S2_reprodscen2_4,74000001,41191257344,88924678,88922901,3,488,scenario2
S2_reprodscen2_4,74000001,41191386368,58827252,58825664,3,488,scenario2
S2_reprodscen2_4,74000001,41191490560,29217027,29215611,3,488,scenario2
S2_reprodscen2_4,74000001,41234136832,26400402,26398484,1,491,scenario2
S2_reprodscen2_4,74000001,41333036800,27415619,27412760,1,492,scenario2
S2_reprodscen2_4,74000001,41413008384,52703681,52702082,2,493,scenario2
S2_reprodscen2_4,74000001,41413158400,26290526,26289321,2,493,scenario2
S2_reprodscen2_4,74000001,41449996288,26613981,26612233,1,495,scenario2
S2_reprodscen2_4,74000001,41476194816,25703609,25702366,1,496,scenario2
S2_reprodscen2_4,74000001,41615968000,25528387,25526808,1,497,scenario2
S2_reprodscen2_4,74000001,41785272064,23637383,23636025,1,498,scenario2
S2_reprodscen2_4,74000001,41947780096,54934065,54932527,2,499,scenario2
S2_reprodscen2_4,74000001,41947886336,28473762,28472432,2,499,scenario2
S2_reprodscen2_4,74000001,42043375872,26953933,26952353,1,501,scenario2
S2_reprodscen2_4,74000001,42128568064,26747465,26745949,1,502,scenario2
S2_reprodscen2_4,74000001,42184059904,28189719,28188145,1,503,scenario2
S2_reprodscen2_4,74000001,42303041536,53911611,53908875,2,504,scenario2
S2_reprodscen2_4,74000001,42303143424,25434246,25432819,2,504,scenario2
S2_reprodscen2_4,74000001,42473257728,58231546,58230038,2,506,scenario2
S2_reprodscen2_4,74000001,42473366016,26221632,26220057,2,506,scenario2
S2_reprodscen2_4,74000001,42586720256,30021258,30007264,1,508,scenario2
S2_reprodscen2_4,74000001,42924032768,110432825,110431240,4,509,scenario2
S2_reprodscen2_4,74000001,42924144384,80532693,80531419,4,509,scenario2
S2_reprodscen2_4,74000001,42924248320,55978205,55976947,4,509,scenario2
S2_reprodscen2_4,74000001,42924324352,28042621,28041355,4,509,scenario2
S2_reprodscen2_4,74000001,43218276608,26423940,26422203,1,513,scenario2
S2_reprodscen2_4,74000001,43337534720,50790799,50789301,2,514,scenario2
S2_reprodscen2_4,74000001,43337645824,24963135,24961423,2,514,scenario2
S2_reprodscen2_4,74000001,43391035136,27169248,27166407,1,516,scenario2
S2_reprodscen2_4,74000001,43592169216,79392099,79390728,3,517,scenario2
S2_reprodscen2_4,74000001,43592259328,52082399,52081295,3,517,scenario2
S2_reprodscen2_4,74000001,43592338176,27232304,27231493,3,517,scenario2
S2_reprodscen2_4,74000001,43903142912,28898672,28897048,1,520,scenario2
S2_reprodscen2_4,74000001,43961715712,58425218,58423669,2,521,scenario2
S2_reprodscen2_4,74000001,43961863936,29094114,29092546,2,521,scenario2
S2_reprodscen2_4,74000001,44095804672,25992441,25985307,1,523,scenario2
S2_reprodscen2_4,74000001,44308024832,26628516,26627198,1,524,scenario2
S2_reprodscen2_4,74000001,44359445504,25568251,25566786,1,525,scenario2
S2_reprodscen2_4,74000001,44493033216,82996579,82995025,3,526,scenario2
S2_reprodscen2_4,74000001,44493138432,53614085,53612927,3,526,scenario2
S2_reprodscen2_4,74000001,44493208576,26877936,26876743,3,526,scenario2
S2_reprodscen2_4,74000001,44555828480,25184785,25183319,1,529,scenario2
S2_reprodscen2_4,74000001,44847011072,24041235,24039672,1,530,scenario2
S2_reprodscen2_4,74000001,45082545920,72648622,72647166,3,531,scenario2
S2_reprodscen2_4,74000001,45082649600,47023205,47022054,3,531,scenario2
S2_reprodscen2_4,74000001,45082714112,23493580,23492569,3,531,scenario2
S2_reprodscen2_4,74000001,45481106176,110222290,110220651,4,534,scenario2
S2_reprodscen2_4,74000001,45481195520,84258983,84257783,4,534,scenario2
S2_reprodscen2_4,74000001,45481287680,59930559,59929433,4,534,scenario2
S2_reprodscen2_4,74000001,45481358080,30947487,30946275,4,534,scenario2
S2_reprodscen2_4,74000001,45568447744,26398599,26397007,1,538,scenario2
S2_reprodscen2_4,74000001,45599844096,25220255,25218634,1,539,scenario2
S2_reprodscen2_4,74000001,45814806272,26574016,26572422,1,540,scenario2
S2_reprodscen2_4,74000001,46115252224,24641706,24640215,1,541,scenario2
S2_reprodscen2_4,74000001,46295403008,50124857,50123476,2,542,scenario2
S2_reprodscen2_4,74000001,46295507712,24098094,24096863,2,542,scenario2
S2_reprodscen2_4,74000001,46329432064,23686038,23684586,1,544,scenario2
S2_reprodscen2_4,74000001,46399297280,26755853,26754389,1,545,scenario2
S2_reprodscen2_4,74000001,46561308160,49698990,49695561,2,546,scenario2
S2_reprodscen2_4,74000001,46561432064,25465812,25464461,1,547,scenario2
S2_reprodscen2_4,74000001,46615675648,51233741,51232168,2,548,scenario2
S2_reprodscen2_4,74000001,46615766016,23844514,23831759,2,548,scenario2
S2_reprodscen2_4,74000001,47023997952,26464363,26462894,1,550,scenario2
S2_reprodscen2_4,74000001,47056035072,25379968,25378450,1,551,scenario2
S2_reprodscen2_4,74000001,47403255040,83000690,82999089,3,552,scenario2
S2_reprodscen2_4,74000001,47403331840,58673888,58672847,3,552,scenario2
S2_reprodscen2_4,74000001,47403429376,31997717,31996570,3,552,scenario2
S2_reprodscen2_4,74000001,47565431040,24271470,24269936,1,555,scenario2
S2_reprodscen2_4,74000001,47846405888,167677579,167674700,6,556,scenario2
S2_reprodscen2_4,74000001,47846496256,137203287,137202145,6,556,scenario2
S2_reprodscen2_4,74000001,47846604800,109097842,109085348,6,556,scenario2
S2_reprodscen2_4,74000001,47846705152,81944428,81943309,6,556,scenario2
S2_reprodscen2_4,74000001,47846779904,56009944,56008801,6,556,scenario2
S2_reprodscen2_4,74000001,47846842112,28667965,28666894,6,556,scenario2
S2_reprodscen2_4,74000001,48132107264,49860118,49858780,2,562,scenario2
S2_reprodscen2_4,74000001,48132183808,25336352,25335461,2,562,scenario2
S2_reprodscen2_4,74000001,48244183552,23915618,23914189,1,564,scenario2
S2_reprodscen2_4,74000001,48291488768,25756091,25754467,1,565,scenario2
S2_reprodscen2_4,74000001,48405330176,28529535,28527736,1,566,scenario2
S2_reprodscen2_4,74000001,48446996224,27199407,27197866,1,567,scenario2
S2_reprodscen2_4,74000001,48581750528,49113518,49111954,2,568,scenario2
S2_reprodscen2_4,74000001,48581840896,25399147,25386715,2,568,scenario2
S2_reprodscen2_4,74000001,48805996544,28805184,28803603,1,570,scenario2
S2_reprodscen2_4,74000001,48922864384,27452478,27450912,1,571,scenario2
S2_reprodscen2_4,74000001,49143147776,26135550,26134081,1,572,scenario2
S2_reprodscen2_4,74000001,49235535104,23764286,23762888,1,573,scenario2
S2_reprodscen2_4,74000001,49446501632,25462991,25461487,1,574,scenario2
S2_reprodscen2_4,74000001,49477064448,29773714,29770913,1,575,scenario2
S2_reprodscen2_4,74000001,49531087360,25334019,25332516,1,576,scenario2
S2_reprodscen2_4,74000001,49562145536,29768387,29766990,1,577,scenario2
S2_reprodscen2_4,74000001,49648044032,29728091,29726401,1,578,scenario2
S2_reprodscen2_4,74000001,49981175296,88349584,88347842,3,579,scenario2
S2_reprodscen2_4,74000001,49981290240,58688331,58686986,3,579,scenario2
S2_reprodscen2_4,74000001,49981393152,30098804,30097580,3,579,scenario2
S2_reprodscen2_4,74000001,50126906368,24189230,24187610,1,582,scenario2
S2_reprodscen2_4,74000001,50214289408,27101116,27099616,1,583,scenario2
S2_reprodscen2_4,74000001,50365669888,25433934,25432338,1,584,scenario2
S2_reprodscen2_4,74000001,50511430656,24244773,24241938,1,585,scenario2
S2_reprodscen2_4,74000001,50567720704,27344103,27342536,1,586,scenario2
S2_reprodscen2_4,74000001,50634956544,23792659,23791223,1,587,scenario2
S2_reprodscen2_4,74000001,50791198720,25807769,25806055,1,588,scenario2
S2_reprodscen2_4,74000001,50948601344,29764493,29763013,1,589,scenario2
S2_reprodscen2_4,74000001,51102937600,75973070,75971566,3,590,scenario2
S2_reprodscen2_4,74000001,51103012864,49526261,49525104,3,590,scenario2
S2_reprodscen2_4,74000001,51103138560,24870901,24869867,3,590,scenario2
S2_reprodscen2_4,74000001,51268685312,26791952,26790345,1,593,scenario2
S2_reprodscen2_4,74000001,51312817664,27707505,27705945,1,594,scenario2
S2_reprodscen2_4,74000001,51340610048,25995305,25993868,1,595,scenario2
S2_reprodscen2_4,74000001,51484682752,25352343,25350901,1,596,scenario2
S2_reprodscen2_4,74000001,51973838592,25450436,25448777,1,597,scenario2
S2_reprodscen2_4,74000001,52007434496,26450517,26448570,0,598,scenario2
S2_reprodscen2_4,74000001,52189858048,82873547,82872108,3,599,scenario2
S2_reprodscen2_4,74000001,52189962240,51829238,51827856,3,599,scenario2
S2_reprodscen2_4,74000001,52190053376,25205731,25204772,3,599,scenario2
S2_reprodscen2_4,74000001,52344090368,26891729,26889630,1,602,scenario2
S2_reprodscen2_4,74000001,52372448000,25599552,25598084,1,603,scenario2
S2_reprodscen2_4,74000001,52440298496,24823510,24821952,1,604,scenario2
S2_reprodscen2_4,74000001,52524708608,23712885,23711409,1,605,scenario2
S2_reprodscen2_4,74000001,52852580608,27526182,27524557,1,606,scenario2
S2_reprodscen2_4,74000001,52943566080,25906085,25904525,1,607,scenario2
S2_reprodscen2_4,74000001,53219908608,23761177,23759214,1,608,scenario2
S2_reprodscen2_4,74000001,53297721600,25741348,25739869,1,609,scenario2
S2_reprodscen2_4,74000001,53660216064,29021129,29019426,1,610,scenario2
S2_reprodscen2_4,74000001,53791789568,81677557,81675978,3,611,scenario2
S2_reprodscen2_4,74000001,53791886848,55631105,55629959,3,611,scenario2
S2_reprodscen2_4,74000001,53791989248,29128285,29127304,3,611,scenario2
S2_reprodscen2_4,74000001,53890984960,26920168,26918603,1,614,scenario2
S2_reprodscen2_4,74000001,54132416000,51664804,51662164,2,615,scenario2
S2_reprodscen2_4,74000001,54132523264,23309162,23296620,2,615,scenario2
S2_reprodscen2_4,74000001,54396250880,24338404,24336852,1,617,scenario2
S2_reprodscen2_4,74000001,54464129024,26332328,26330757,1,618,scenario2
S2_reprodscen2_4,74000001,54554021888,27236235,27224027,1,619,scenario2
S2_reprodscen2_4,74000001,54591819264,27470976,27469423,1,620,scenario2
S2_reprodscen2_4,74000001,54656880128,24823974,24822368,1,621,scenario2
S2_reprodscen2_4,74000001,54812805632,26021751,26020148,1,622,scenario2
S2_reprodscen2_4,74000001,54929363712,25761406,25759809,1,623,scenario2
S2_reprodscen2_4,74000001,54961968640,25711995,25710421,1,624,scenario2
S2_reprodscen2_4,74000001,55031446784,23726815,23724034,1,625,scenario2
S2_reprodscen2_4,74000001,55142752768,26995310,26993798,1,626,scenario2
S2_reprodscen2_4,74000001,55169130752,25358009,25356504,1,627,scenario2
S2_reprodscen2_4,74000001,55514545664,26822186,26820611,1,628,scenario2
S2_reprodscen2_4,74000001,55586252032,25701131,25699501,1,629,scenario2
S2_reprodscen2_4,74000001,56271875584,76311866,76310289,3,630,scenario2
S2_reprodscen2_4,74000001,56271992064,49387197,49385879,3,630,scenario2
S2_reprodscen2_4,74000001,56272066304,24572480,24571356,3,630,scenario2
S2_reprodscen2_4,74000001,56305265152,25211802,25210114,1,633,scenario2
S2_reprodscen2_4,74000001,56403010560,55565043,55563531,2,634,scenario2
S2_reprodscen2_4,74000001,56403116544,28996888,28995780,2,634,scenario2
S2_reprodscen2_4,74000001,56471440640,28492531,28490958,1,636,scenario2
S2_reprodscen2_4,74000001,56507404544,31430683,31429270,1,637,scenario2
S2_reprodscen2_4,74000001,56876092416,26737855,26736258,1,638,scenario2
S2_reprodscen2_4,74000001,57121186816,27960483,27958795,1,639,scenario2
S2_reprodscen2_4,74000001,57187595008,26926744,26925165,1,640,scenario2
S2_reprodscen2_4,74000001,57329775616,26814507,26813140,1,641,scenario2
S2_reprodscen2_4,74000001,57391699456,26938716,26937185,1,642,scenario2
S2_reprodscen2_4,74000001,57511098880,23753065,23751646,1,643,scenario2
S2_reprodscen2_4,74000001,57613313792,26466501,26464894,1,644,scenario2
S2_reprodscen2_4,74000001,57697401088,25432565,25431006,1,645,scenario2
S2_reprodscen2_4,74000001,58258256640,26503008,26500153,1,646,scenario2
S2_reprodscen2_4,74000001,58479582464,50891048,50889472,2,647,scenario2
S2_reprodscen2_4,74000001,58479724032,27399391,27398108,2,647,scenario2
S2_reprodscen2_4,74000001,58526639104,26478077,26476513,1,649,scenario2
S2_reprodscen2_4,74000001,58696208640,76725545,76722684,3,650,scenario2
S2_reprodscen2_4,74000001,58696327424,51905807,51904397,3,650,scenario2
S2_reprodscen2_4,74000001,58696413952,24456676,24455533,3,650,scenario2
S2_reprodscen2_4,74000001,58965744640,26957649,26956054,1,653,scenario2
S2_reprodscen2_4,74000001,59103332864,25833740,25832231,1,654,scenario2
S2_reprodscen2_4,74000001,59224309248,25576096,25574512,1,655,scenario2
S2_reprodscen2_4,74000001,59351540736,23607697,23606264,1,656,scenario2
S2_reprodscen2_4,74000001,59489867008,23612438,23611019,1,657,scenario2
S2_reprodscen2_4,74000001,59587701248,25109645,25108122,1,658,scenario2
S2_reprodscen2_4,74000001,59644821504,24785198,24783598,1,659,scenario2
S2_reprodscen2_4,74000001,60016512768,80274667,80273150,3,660,scenario2
S2_reprodscen2_4,74000001,60016603136,52414848,52413658,3,660,scenario2
S2_reprodscen2_4,74000001,60016696320,25373943,25372791,3,660,scenario2
S2_reprodscen2_4,74000001,60084701184,23682831,23681444,1,663,scenario2
S2_reprodscen2_4,74000001,60316429056,25999239,25997748,1,664,scenario2
S2_reprodscen2_4,74000001,60388380160,25102449,25100897,1,665,scenario2
S2_reprodscen2_4,74000001,60577506304,24875313,24873968,1,666,scenario2
S2_reprodscen2_4,74000001,61043666688,26471612,26470141,1,667,scenario2
S2_reprodscen2_4,74000001,61073350144,25712299,25710828,1,668,scenario2
S2_reprodscen2_4,74000001,61350191360,24032205,24030703,1,669,scenario2
S2_reprodscen2_4,74000001,61585050368,25393220,25391660,1,670,scenario2
S2_reprodscen2_4,74000001,61661361920,54922139,54920548,2,671,scenario2
S2_reprodscen2_4,74000001,61661452544,27011523,27010207,2,671,scenario2
S2_reprodscen2_4,74000001,61699929600,25867590,25864670,1,673,scenario2
S2_reprodscen2_4,74000001,61912064256,49238459,49237107,2,674,scenario2
S2_reprodscen2_4,74000001,61912152832,24050723,24038538,2,674,scenario2
S2_reprodscen2_4,74000001,61993824512,30897836,30896386,1,676,scenario2
S2_reprodscen2_4,74000001,62032966656,33502110,33499209,1,677,scenario2
S2_reprodscen2_4,74000001,62063188224,26568055,26565145,1,678,scenario2
S2_reprodscen2_4,74000001,62247022336,23737330,23735796,1,679,scenario2
S2_reprodscen2_4,74000001,62499723520,26929859,26928493,1,680,scenario2
S2_reprodscen2_4,74000001,62944285952,24571439,24569979,1,681,scenario2
S2_reprodscen2_4,74000001,63613072640,28581078,28579566,1,682,scenario2
S2_reprodscen2_4,74000001,63794957312,103602896,103601314,4,683,scenario2
S2_reprodscen2_4,74000001,63795055872,76065951,76064401,4,683,scenario2
S2_reprodscen2_4,74000001,63795153408,50810686,50809555,4,683,scenario2
S2_reprodscen2_4,74000001,63795228160,26977326,26976435,4,683,scenario2
S2_reprodscen2_4,74000001,63956925184,27442047,27440411,1,687,scenario2
S2_reprodscen2_4,74000001,64034995200,26289375,26287888,1,688,scenario2
S2_reprodscen2_4,74000001,64343558400,25906330,25904949,1,689,scenario2
S2_reprodscen2_4,74000001,64462473472,23629623,23628298,1,690,scenario2
S2_reprodscen2_4,74000001,64568561920,48128106,48126571,2,691,scenario2
S2_reprodscen2_4,74000001,64568656384,23706643,23705606,2,691,scenario2
S2_reprodscen2_4,74000001,64815930624,23825912,23824435,1,693,scenario2
S2_reprodscen2_4,74000001,64851786752,23683836,23682445,1,694,scenario2
S2_reprodscen2_4,74000001,65221718528,54650309,54648768,2,695,scenario2
S2_reprodscen2_4,74000001,65221808640,28053301,28051837,2,695,scenario2
S2_reprodscen2_4,74000001,65350084096,26976207,26974663,1,697,scenario2
S2_reprodscen2_4,74000001,65633258240,24048097,24046640,1,698,scenario2
S2_reprodscen2_4,74000001,66380699136,24584217,24582664,1,699,scenario2
S2_reprodscen2_4,74000001,66484955648,104148977,104147708,4,700,scenario2
S2_reprodscen2_4,74000001,66485064704,75535491,75534274,4,700,scenario2
S2_reprodscen2_4,74000001,66485188352,50625633,50624513,4,700,scenario2
S2_reprodscen2_4,74000001,66485262336,25632634,25631505,4,700,scenario2
S2_reprodscen2_4,74000001,66682409472,29648897,29647052,1,704,scenario2
S2_reprodscen2_4,74000001,66821275648,23943859,23942460,1,705,scenario2
S2_reprodscen2_4,74000001,66990094848,25669316,25666414,1,706,scenario2
S2_reprodscen2_4,74000001,67117923328,24827670,24826258,1,707,scenario2
S2_reprodscen2_4,74000001,67335071232,29164200,29162709,1,708,scenario2
S2_reprodscen2_4,74000001,67502919168,24305582,24303920,1,709,scenario2
S2_reprodscen2_4,74000001,67718446336,26790067,26788538,1,710,scenario2
S2_reprodscen2_4,74000001,67983575296,54164862,54163314,2,711,scenario2
S2_reprodscen2_4,74000001,67983693824,25441036,25439572,2,711,scenario2
S2_reprodscen2_4,74000001,68674373376,113491140,113489668,4,713,scenario2
S2_reprodscen2_4,74000001,68674507008,84772083,84770623,4,713,scenario2
S2_reprodscen2_4,74000001,68674611712,54403417,54402138,4,713,scenario2
S2_reprodscen2_4,74000001,68674690048,27894663,27893491,4,713,scenario2
S2_reprodscen2_4,74000001,68841389824,25237109,25235577,1,717,scenario2
S2_reprodscen2_4,74000001,68936173056,26998277,26996829,1,718,scenario2
S2_reprodscen2_4,74000001,69259818240,29759199,29757598,1,719,scenario2
S2_reprodscen2_4,74000001,69344806912,27733708,27732193,1,720,scenario2
S2_reprodscen2_4,74000001,69450433536,28164798,28163230,1,721,scenario2
S2_reprodscen2_4,74000001,70145369600,25821476,25819714,1,722,scenario2
S2_reprodscen2_4,74000001,70252805120,55785616,55783988,2,723,scenario2
S2_reprodscen2_4,74000001,70252950528,27220371,27206885,2,723,scenario2
S2_reprodscen2_4,74000001,70508137984,24065140,24063560,1,725,scenario2
S2_reprodscen2_4,74000001,70641769984,26623237,26621888,1,726,scenario2
S2_reprodscen2_4,74000001,70922358016,25616168,25614313,1,727,scenario2
S2_reprodscen2_4,74000001,71437863680,57427931,57426395,2,728,scenario2
S2_reprodscen2_4,74000001,71437980928,29020664,29019198,2,728,scenario2
S2_reprodscen2_4,74000001,71551138560,25762116,25760548,1,730,scenario2
S2_reprodscen2_4,74000001,71642736896,24815416,24813768,1,731,scenario2
S2_reprodscen2_4,74000001,71967782656,24360754,24359235,1,732,scenario2
S2_reprodscen2_4,74000001,72108659200,49532153,49530582,2,733,scenario2
S2_reprodscen2_4,74000001,72108777216,24221181,24217646,2,733,scenario2
S2_reprodscen2_4,74000001,72228384768,24181031,24179490,1,735,scenario2
S2_reprodscen2_4,74000001,72425133568,27573992,27572505,1,736,scenario2
S2_reprodscen2_4,74000001,73035894272,27229248,27227828,1,737,scenario2
S2_reprodscen2_4,74000001,73211488256,27456525,27453579,1,738,scenario2
S2_reprodscen2_4,74000001,73319190528,24776512,24775161,1,739,scenario2
S2_reprodscen2_4,74000001,73383216896,23935516,23934158,1,740,scenario2
S2_reprodscen2_4,74000001,73463464704,27021439,27019661,1,741,scenario2
S2_reprodscen2_4,74000001,73899711744,26913735,26912271,1,742,scenario2
S2_reprodscen2_4,74000001,74060437248,55800210,55798580,2,743,scenario2
S2_reprodscen2_4,74000001,74060560128,28586063,28584686,2,743,scenario2
S2_reprodscen2_4,74000001,74438006528,26343541,26341834,1,745,scenario2
S2_reprodscen2_4,74000001,74692457216,24185836,24184277,1,746,scenario2
S2_reprodscen2_4,74000001,75081706752,24310911,24309423,1,747,scenario2
S2_reprodscen2_4,74000001,75171921152,26392423,26390957,1,748,scenario2
S2_reprodscen2_4,74000001,75367890432,26176893,26174944,1,749,scenario2
S2_reprodscen2_4,74000001,75734213376,27880846,27878983,0,750,scenario2
S2_reprodscen2_4,74000001,75761889280,27515228,27513994,1,751,scenario2
S2_reprodscen2_4,74000001,75906260736,28658444,28655588,1,752,scenario2
S2_reprodscen2_4,74000001,75942468352,25820361,25817534,1,753,scenario2
S2_reprodscen2_4,74000001,76208492032,26370806,26367999,1,754,scenario2
S2_reprodscen2_4,74000001,76378439680,29414556,29412436,1,755,scenario2
S2_reprodscen2_4,74000001,76611650048,25166395,25152729,1,756,scenario2
S2_reprodscen2_4,74000001,76849325056,28323655,28322066,1,757,scenario2
S2_reprodscen2_4,74000001,76902496000,27069451,27067932,1,758,scenario2
S2_reprodscen2_4,74000001,77073252096,24830105,24828546,1,759,scenario2
S2_reprodscen2_4,74000001,77121756416,26748812,26747169,1,760,scenario2
S2_reprodscen2_4,74000001,77506339584,25161937,25160605,1,761,scenario2
S2_reprodscen2_4,74000001,78169384960,24660439,24658778,1,762,scenario2
S2_reprodscen2_4,74000001,78296815872,24918224,24916599,1,763,scenario2
S2_reprodscen2_4,74000001,78326707456,28476417,28475096,1,764,scenario2
S2_reprodscen2_4,74000001,78427145216,24473680,24472065,1,765,scenario2
S2_reprodscen2_4,74000001,78480100608,23645734,23644410,1,766,scenario2
S2_reprodscen2_4,74000001,78989311232,28067961,28066480,1,767,scenario2
S2_reprodscen2_4,74000001,79187146496,24686750,24683902,1,768,scenario2
S2_reprodscen2_4,74000001,79476549120,24520164,24518494,1,769,scenario2
S2_reprodscen2_4,74000001,79654430464,27378883,27377212,1,770,scenario2
S2_reprodscen2_4,74000001,79696462848,28866131,28864389,1,771,scenario2
S2_reprodscen2_4,74000001,79863952896,23989897,23988359,1,772,scenario2
S2_reprodscen2_4,74000001,80286404096,27249482,27247788,1,773,scenario2
S2_reprodscen2_4,74000001,80432485632,26075146,26073558,1,774,scenario2
S2_reprodscen2_4,74000001,80518728448,24398959,24396067,1,775,scenario2
S2_reprodscen2_4,74000001,80720328960,26788417,26786737,1,776,scenario2
S2_reprodscen2_4,74000001,80925703424,28073881,28072225,1,777,scenario2
S2_reprodscen2_4,74000001,81121098496,24462476,24460856,1,778,scenario2
S2_reprodscen2_4,74000001,81302464000,25840286,25838670,1,779,scenario2
S2_reprodscen2_4,74000001,81477224960,23701568,23700167,1,780,scenario2
S2_reprodscen2_4,74000001,81592570368,35448140,35446179,1,781,scenario2
S2_reprodscen2_4,74000001,81918724096,23963062,23961420,1,782,scenario2
S2_reprodscen2_4,74000001,82106287872,52470574,52469084,2,783,scenario2
S2_reprodscen2_4,74000001,82106396416,24423824,24422592,2,783,scenario2
S2_reprodscen2_4,74000001,82224672000,24399912,24398266,1,785,scenario2
S2_reprodscen2_4,74000001,82703244032,23874050,23872633,1,786,scenario2
S2_reprodscen2_4,74000001,82865178880,27975734,27974098,1,787,scenario2
S2_reprodscen2_4,74000001,82948086272,26827343,26825741,1,788,scenario2
S2_reprodscen2_4,74000001,83136113408,24509278,24507694,1,789,scenario2
S2_reprodscen2_4,74000001,83382197760,26424806,26423238,1,790,scenario2
S2_reprodscen2_4,74000001,83462112000,25769938,25767224,1,791,scenario2
S2_reprodscen2_4,74000001,84118010112,55618822,55617187,2,792,scenario2
S2_reprodscen2_4,74000001,84118132992,26568412,26567183,2,792,scenario2
S2_reprodscen2_4,74000001,84154099200,26194085,26192420,1,794,scenario2
S2_reprodscen2_4,74000001,84346848768,52541324,52539811,2,795,scenario2
S2_reprodscen2_4,74000001,84346958336,26698224,26696859,2,795,scenario2
S2_reprodscen2_4,74000001,84884235776,29864540,29862873,1,797,scenario2
S2_reprodscen2_4,74000001,84952035072,26282690,26281064,1,798,scenario2
S2_reprodscen2_4,74000001,85195634176,26085377,26083290,0,799,scenario2
S2_reprodscen2_4,74000001,85429682176,25034886,25033057,1,800,scenario2
S2_reprodscen2_4,74000001,85478235904,26045869,26044337,1,801,scenario2
S2_reprodscen2_4,74000001,86172498944,31026438,31024704,1,802,scenario2
S2_reprodscen2_4,74000001,86215932416,26614083,26612562,1,803,scenario2
S2_reprodscen2_4,74000001,86246794240,27375342,27373746,1,804,scenario2
S2_reprodscen2_4,74000001,86439904256,59548626,59547063,2,805,scenario2
S2_reprodscen2_4,74000001,86439992832,29240677,29239805,2,805,scenario2
S2_reprodscen2_4,74000001,86954466048,23545063,23543732,1,807,scenario2
S2_reprodscen2_4,74000001,87301474304,28653542,28651929,1,808,scenario2
S2_reprodscen2_4,74000001,87330317568,27834817,27832065,1,809,scenario2
S2_reprodscen2_4,74000001,87360514816,25673163,25671504,1,810,scenario2
S2_reprodscen2_4,74000001,87580245504,24221790,24220254,1,811,scenario2
S2_reprodscen2_4,74000001,87947085056,29688616,29687006,1,812,scenario2
S2_reprodscen2_4,74000001,88024004352,28266646,28265026,1,813,scenario2
S2_reprodscen2_4,74000001,88133753856,52279902,52278523,2,814,scenario2
S2_reprodscen2_4,74000001,88133865472,25203417,25202229,2,814,scenario2
S2_reprodscen2_4,74000001,88321912320,25726140,25724588,1,816,scenario2
S2_reprodscen2_4,74000001,88901556224,30096884,30094020,1,817,scenario2
S2_reprodscen2_4,74000001,89019370752,28140728,28138995,1,818,scenario2
S2_reprodscen2_4,74000001,89084129280,25399731,25398097,1,819,scenario2
S2_reprodscen2_4,74000001,89484075520,25559134,25557491,1,820,scenario2
S2_reprodscen2_4,74000001,89723653120,27194900,27193301,1,821,scenario2
S2_reprodscen2_4,74000001,89858063616,25880602,25878878,1,822,scenario2
S2_reprodscen2_4,74000001,90297622016,25030902,25029357,1,823,scenario2
S2_reprodscen2_4,74000001,90363725056,26638547,26636908,1,824,scenario2
S2_reprodscen2_4,74000001,90633869056,28258946,28257149,1,825,scenario2
S2_reprodscen2_4,74000001,90747566592,25294236,25292613,1,826,scenario2
S2_reprodscen2_4,74000001,90952834048,23704200,23702799,1,827,scenario2
S2_reprodscen2_4,74000001,91357625088,26182492,26180867,1,828,scenario2
S2_reprodscen2_4,74000001,91411417088,27577173,27575582,1,829,scenario2
S2_reprodscen2_4,74000001,91456556800,27806959,27805393,1,830,scenario2
S2_reprodscen2_4,74000001,91596393216,27060950,27059432,1,831,scenario2
S2_reprodscen2_4,74000001,91955997696,26323331,26321751,1,832,scenario2
S2_reprodscen2_4,74000001,91996200960,28798738,28797094,1,833,scenario2
S2_reprodscen2_4,74000001,92378279424,26438246,26436726,1,834,scenario2
S2_reprodscen2_4,74000001,92435824384,25976180,25974659,1,835,scenario2
S2_reprodscen2_4,74000001,92554789632,25857240,25855667,1,836,scenario2
S2_reprodscen2_4,74000001,92737397504,29111453,29109853,1,837,scenario2
S2_reprodscen2_4,74000001,92948378368,57031951,57030445,2,838,scenario2
S2_reprodscen2_4,74000001,92948472064,28331871,28330938,2,838,scenario2
S2_reprodscen2_4,74000001,93292891904,27543145,27541555,1,840,scenario2
S2_reprodscen2_4,74000001,93387569664,28291511,28289861,1,841,scenario2
S2_reprodscen2_4,74000001,93471537664,24584488,24582926,1,842,scenario2
S2_reprodscen2_4,74000001,93524239872,27122147,27120629,1,843,scenario2
S2_reprodscen2_4,74000001,94037127680,25835282,25833766,1,844,scenario2
S2_reprodscen2_4,74000001,94481009408,54301263,54299638,2,845,scenario2
S2_reprodscen2_4,74000001,94481119744,26494710,26493317,2,845,scenario2
S2_reprodscen2_4,74000001,94517756160,24790762,24789240,1,847,scenario2
S2_reprodscen2_4,74000001,94606466304,26509379,26507807,1,848,scenario2
S2_reprodscen2_4,74000001,94738603520,26882764,26881172,1,849,scenario2
S2_reprodscen2_4,74000001,95085454080,30079165,30077180,1,850,scenario2
S2_reprodscen2_4,74000001,95290890240,26371970,26370515,1,851,scenario2
S2_reprodscen2_4,74000001,95406848768,23863962,23862601,1,852,scenario2
S2_reprodscen2_4,74000001,95669667072,50458468,50456850,2,853,scenario2
S2_reprodscen2_4,74000001,95669800448,25067460,25065838,2,853,scenario2
S2_reprodscen2_4,74000001,95749850368,26170298,26168675,1,855,scenario2
S2_reprodscen2_4,74000001,95905331200,27810124,27808435,1,856,scenario2
S2_reprodscen2_4,74000001,96112777728,24260543,24259030,1,857,scenario2
S2_reprodscen2_4,74000001,96163776768,26747343,26745570,1,858,scenario2
S2_reprodscen2_4,74000001,96677465088,89574556,89572309,3,859,scenario2
S2_reprodscen2_4,74000001,96677576448,58955821,58954309,3,859,scenario2
S2_reprodscen2_4,74000001,96677653248,30743321,30742016,3,859,scenario2
S2_reprodscen2_4,74000001,96738384640,29719829,29718025,1,862,scenario2
S2_reprodscen2_4,74000001,96911512576,25610078,25608399,1,863,scenario2
S2_reprodscen2_4,74000001,97116070400,26062070,26060489,1,864,scenario2
S2_reprodscen2_4,74000001,97252725248,27294250,27292738,1,865,scenario2
S2_reprodscen2_4,74000001,97384622080,28452059,28450431,1,866,scenario2
S2_reprodscen2_4,74000001,97443518720,26790087,26788584,1,867,scenario2
S2_reprodscen2_4,74000001,97747424000,51345549,51343899,2,868,scenario2
S2_reprodscen2_4,74000001,97747570432,26774237,26772692,2,868,scenario2
S2_reprodscen2_4,74000001,97869366784,24975817,24974132,1,870,scenario2
S2_reprodscen2_4,74000001,97961032192,27307835,27306198,1,871,scenario2
S2_reprodscen2_4,74000001,98030803712,25276939,25275401,1,872,scenario2
S2_reprodscen2_4,74000001,98264533248,28241205,28239717,1,873,scenario2
S2_reprodscen2_4,74000001,98426087424,29103389,29101792,1,874,scenario2
S2_reprodscen2_4,74000001,98574702848,25525314,25523917,1,875,scenario2
S2_reprodscen2_4,74000001,98608273664,28542343,28540812,1,876,scenario2
S2_reprodscen2_4,74000001,98867023360,26916470,26914853,1,877,scenario2
S2_reprodscen2_4,74000001,98945292288,23920367,23918848,1,878,scenario2
S2_reprodscen2_4,74000001,99299604480,26954750,26953168,1,879,scenario2
S2_reprodscen2_4,74000001,99385682944,27207725,27206140,1,880,scenario2
S2_reprodscen2_4,74000001,99462375936,25747583,25746100,1,881,scenario2
S2_reprodscen2_4,74000001,99655965440,25241898,25240364,1,882,scenario2
S2_reprodscen2_4,74000001,99710354688,25397848,25396319,1,883,scenario2
S2_reprodscen2_4,74000001,99965625856,25223788,25222374,1,884,scenario2
S2_reprodscen2_4,74000001,100172205056,26000747,25999161,1,885,scenario2
S2_reprodscen2_4,74000001,100223616768,51276300,51275111,2,886,scenario2
S2_reprodscen2_4,74000001,100223723008,25800471,25799408,2,886,scenario2
S2_reprodscen2_4,74000001,100445712128,26559047,26557488,1,888,scenario2
S2_reprodscen2_4,74000001,100528846848,29776856,29775210,1,889,scenario2
S2_reprodscen2_4,74000001,100731773184,56767018,56765413,2,890,scenario2
S2_reprodscen2_4,74000001,100731876864,27882237,27880884,2,890,scenario2
S2_reprodscen2_4,74000001,100980218880,83211799,83210239,3,892,scenario2
S2_reprodscen2_4,74000001,100980363008,53910592,53909159,3,892,scenario2
S2_reprodscen2_4,74000001,100980472832,26086474,26085222,3,892,scenario2
S2_reprodscen2_4,74000001,101223767296,27914209,27911240,1,895,scenario2
S2_reprodscen2_4,74000001,101372636928,29736669,29734696,1,896,scenario2
S2_reprodscen2_4,74000001,101426353408,25829406,25827789,1,897,scenario2
S2_reprodscen2_4,74000001,101551261952,26760012,26758431,1,898,scenario2
S2_reprodscen2_4,74000001,101731916544,28533513,28531785,1,899,scenario2
S2_reprodscen2_4,74000001,101901644288,27243696,27242072,1,900,scenario2
S2_reprodscen2_4,74000001,101944923904,26135360,26133669,1,901,scenario2
S2_reprodscen2_4,74000001,102004840704,25466587,25465002,1,902,scenario2
S2_reprodscen2_4,74000001,102035561216,26442102,26440560,1,903,scenario2
S2_reprodscen2_4,74000001,102065028608,25320822,25319201,1,904,scenario2
S2_reprodscen2_4,74000001,102227600128,27674703,27672957,1,905,scenario2
S2_reprodscen2_4,74000001,102308438528,49027836,49026233,2,906,scenario2
S2_reprodscen2_4,74000001,102308556800,24731903,24718913,2,906,scenario2
S2_reprodscen2_4,74000001,102419623168,30482216,30480558,1,908,scenario2
S2_reprodscen2_4,74000001,102988133376,52144670,52143158,2,909,scenario2
S2_reprodscen2_4,74000001,102988250368,25799726,25798430,2,909,scenario2
S2_reprodscen2_4,74000001,103079864832,26070751,26069077,1,911,scenario2
S2_reprodscen2_4,74000001,103137483008,25071114,25069535,1,912,scenario2
S2_reprodscen2_4,74000001,103308263680,25579253,25577454,1,913,scenario2
S2_reprodscen2_4,74000001,103555535872,56974881,56973147,2,914,scenario2
S2_reprodscen2_4,74000001,103555644672,28654204,28652898,2,914,scenario2
S2_reprodscen2_4,74000001,103739568384,52487772,52486164,2,916,scenario2
S2_reprodscen2_4,74000001,103739693312,24803833,24802626,2,916,scenario2
S2_reprodscen2_4,74000001,103886482688,28461843,28459969,1,918,scenario2
S2_reprodscen2_4,74000001,103966971392,26367306,26365739,1,919,scenario2
S2_reprodscen2_4,74000001,104184373760,26077692,26076006,1,920,scenario2
S2_reprodscen2_4,74000001,104321960448,25837776,25836334,1,921,scenario2
S2_reprodscen2_4,74000001,104502285056,52794240,52792572,2,922,scenario2
S2_reprodscen2_4,74000001,104502403584,26351108,26349827,2,922,scenario2
S2_reprodscen2_4,74000001,104655490304,79188166,79186715,3,924,scenario2
S2_reprodscen2_4,74000001,104655594752,52139838,52138479,3,924,scenario2
S2_reprodscen2_4,74000001,104655696896,25184443,25183320,3,924,scenario2
S2_reprodscen2_4,74000001,104971623424,59017862,59016233,2,927,scenario2
S2_reprodscen2_4,74000001,104971739904,29746938,29745615,2,927,scenario2
S2_reprodscen2_4,74000001,105084304640,26864537,26862989,1,929,scenario2
S2_reprodscen2_4,74000001,105254424576,31306118,31304615,1,930,scenario2
S2_reprodscen2_4,74000001,105376144128,27497468,27495908,1,931,scenario2
S2_reprodscen2_4,74000001,105562055680,58268549,58266932,2,932,scenario2
S2_reprodscen2_4,74000001,105562150656,27666039,27664664,2,932,scenario2
S2_reprodscen2_4,74000001,105643406336,55179095,55177524,2,934,scenario2
S2_reprodscen2_4,74000001,105643512576,26250712,26249489,2,934,scenario2
S2_reprodscen2_4,74000001,105678937088,25510785,25509252,1,936,scenario2
S2_reprodscen2_4,74000001,105907046912,28614855,28613172,1,937,scenario2
S2_reprodscen2_4,74000001,105973053952,25987680,25986156,1,938,scenario2
S2_reprodscen2_4,74000001,106255707904,28143537,28141792,1,939,scenario2
S2_reprodscen2_4,74000001,106305311232,27771069,27769576,1,940,scenario2
S2_reprodscen2_4,74000001,106428841472,52185745,52184084,2,941,scenario2
S2_reprodscen2_4,74000001,106428958464,27656022,27654753,2,941,scenario2
S2_reprodscen2_4,74000001,106467180032,26747701,26735471,1,943,scenario2
S2_reprodscen2_4,74000001,106625555968,53935143,53933593,2,944,scenario2
S2_reprodscen2_4,74000001,106625651968,25767533,25766488,2,944,scenario2
S2_reprodscen2_4,74000001,106675073792,31397244,31395581,1,946,scenario2
S2_reprodscen2_4,74000001,106900328704,28699654,28698073,1,947,scenario2
S2_reprodscen2_4,74000001,106961494528,29483899,29482157,1,948,scenario2
S2_reprodscen2_4,74000001,107055129088,31031212,31029467,1,949,scenario2
S2_reprodscen2_4,74000001,107307010048,28481887,28480396,1,950,scenario2
S2_reprodscen2_4,74000001,107356112128,25951356,25949746,1,951,scenario2
S2_reprodscen2_4,74000001,107458187520,27027997,27026326,1,952,scenario2
S2_reprodscen2_4,74000001,107501650176,26597270,26595686,1,953,scenario2
S2_reprodscen2_4,74000001,107552083200,26594202,26592664,1,954,scenario2
S2_reprodscen2_4,74000001,107595974656,26950476,26948406,1,955,scenario2
S2_reprodscen2_4,74000001,107683169536,27714276,27712642,1,956,scenario2
S2_reprodscen2_4,74000001,107766311680,24662659,24661145,1,957,scenario2
S2_reprodscen2_4,74000001,107897384192,29836585,29834945,1,958,scenario2
S2_reprodscen2_4,74000001,108194477312,81937188,81935650,3,959,scenario2
S2_reprodscen2_4,74000001,108194606592,51539553,51538265,3,959,scenario2
S2_reprodscen2_4,74000001,108194700032,26165194,26164084,3,959,scenario2
S2_reprodscen2_4,74000001,108297560320,27951807,27950058,1,962,scenario2
S2_reprodscen2_4,74000001,108414500352,86561018,86559455,3,963,scenario2
S2_reprodscen2_4,74000001,108414625536,53775808,53774406,3,963,scenario2
S2_reprodscen2_4,74000001,108414703360,27312200,27311054,3,963,scenario2
S2_reprodscen2_4,74000001,108501337600,27531501,27529942,1,966,scenario2
S2_reprodscen2_4,74000001,108719140096,26258304,26256659,1,967,scenario2
S2_reprodscen2_4,74000001,108772784896,27718283,27716607,1,968,scenario2
S2_reprodscen2_4,74000001,108885538560,26459762,26458174,1,969,scenario2
S2_reprodscen2_4,74000001,109079374336,28585822,28584135,1,970,scenario2
S2_reprodscen2_4,74000001,109124799488,24123244,24121503,1,971,scenario2
S2_reprodscen2_4,74000001,109444697600,138081382,138079648,5,972,scenario2
S2_reprodscen2_4,74000001,109444796672,108267245,108265967,5,972,scenario2
S2_reprodscen2_4,74000001,109444870400,80505055,80504077,5,972,scenario2
S2_reprodscen2_4,74000001,109444933632,55143037,55142000,5,972,scenario2
S2_reprodscen2_4,74000001,109444996352,28616992,28616008,5,972,scenario2
S2_reprodscen2_4,74000001,109492449024,29833303,29831599,1,977,scenario2
S2_reprodscen2_4,74000001,109749144576,55936564,55934641,2,978,scenario2
S2_reprodscen2_4,74000001,109749229824,28913498,28912226,2,978,scenario2
S2_reprodscen2_4,74000001,110126557184,168289955,168288436,6,980,scenario2
S2_reprodscen2_4,74000001,110126668032,140609285,140608085,6,980,scenario2
S2_reprodscen2_4,74000001,110126781184,112942315,112941122,6,980,scenario2
S2_reprodscen2_4,74000001,110126845696,84933899,84932684,6,980,scenario2
S2_reprodscen2_4,74000001,110126909952,55021455,55020225,6,980,scenario2
S2_reprodscen2_4,74000001,110126974720,27453358,27452229,6,980,scenario2
S2_reprodscen2_4,74000001,110333098496,29885743,29883934,1,986,scenario2
S2_reprodscen2_4,74000001,110462553344,90071696,90070104,3,987,scenario2
S2_reprodscen2_4,74000001,110462659072,58971585,58970332,3,987,scenario2
S2_reprodscen2_4,74000001,110462745856,30567529,30566307,3,987,scenario2
S2_reprodscen2_4,74000001,110557946112,30263857,30262125,1,990,scenario2
S2_reprodscen2_4,74000001,110743740416,25543161,25541666,1,991,scenario2
S2_reprodscen2_4,74000001,110915087872,27167868,27166259,1,992,scenario2
S2_reprodscen2_4,74000001,110969011968,31263689,31249468,1,993,scenario2
S2_reprodscen2_4,74000001,111068526592,61271811,61270154,2,994,scenario2
S2_reprodscen2_4,74000001,111068622848,29690940,29689622,2,994,scenario2
S2_reprodscen2_4,74000001,111291525632,58835954,58834424,2,996,scenario2
S2_reprodscen2_4,74000001,111291632896,30495100,30493812,2,996,scenario2
S2_reprodscen2_4,74000001,111348189696,54139642,54138066,2,998,scenario2
S2_reprodscen2_4,74000001,111348293632,25874381,25873121,2,998,scenario2
S2_reprodscen2_4,74000001,111404965888,55937864,55936129,2,1000,scenario2
S2_reprodscen2_4,74000001,111405095680,27587628,27586400,2,1000,scenario2
S2_reprodscen2_4,74000001,111625284864,62074950,62072920,2,1002,scenario2
S2_reprodscen2_4,74000001,111625380864,29721687,29720300,2,1002,scenario2
S2_reprodscen2_4,74000001,112076577024,25153529,25151935,1,1004,scenario2
S2_reprodscen2_4,74000001,112155671040,27555650,27553951,1,1005,scenario2
S2_reprodscen2_4,74000001,112219175680,28361118,28359558,1,1006,scenario2
S2_reprodscen2_4,74000001,112251732480,26125743,26123976,1,1007,scenario2
S2_reprodscen2_4,74000001,112296678400,31342325,31340613,1,1008,scenario2
S2_reprodscen2_4,74000001,112355412224,28537812,28536183,1,1009,scenario2
S2_reprodscen2_4,74000001,112400070144,28640483,28638787,1,1010,scenario2
S2_reprodscen2_4,74000001,112447395584,31383804,31381714,1,1011,scenario2
S2_reprodscen2_4,74000001,112502690560,29191953,29190401,1,1012,scenario2
S2_reprodscen2_4,74000001,112556073216,30805963,30804290,1,1013,scenario2
S2_reprodscen2_4,74000001,112639906048,26782707,26781156,1,1014,scenario2
S2_reprodscen2_4,74000001,112668849408,27634194,27631182,1,1015,scenario2
S2_reprodscen2_4,74000001,112756275456,30227453,30225859,1,1016,scenario2
S2_reprodscen2_4,74000001,112926258176,26264298,26262709,1,1017,scenario2
S2_reprodscen2_4,74000001,113257807872,30166846,30165119,1,1018,scenario2
S2_reprodscen2_4,74000001,113359126528,56483222,56481685,2,1019,scenario2
S2_reprodscen2_4,74000001,113359226880,27755039,27753780,2,1019,scenario2
S2_reprodscen2_4,74000001,113457723136,86685309,86683418,3,1021,scenario2
S2_reprodscen2_4,74000001,113457816064,54381184,54379942,3,1021,scenario2
S2_reprodscen2_4,74000001,113457905920,28174520,28173419,3,1021,scenario2
S2_reprodscen2_4,74000001,113612367104,55620536,55618979,2,1024,scenario2
S2_reprodscen2_4,74000001,113612446720,26679040,26677942,2,1024,scenario2
S2_reprodscen2_4,74000001,113750025216,110017264,110015641,4,1026,scenario2
S2_reprodscen2_4,74000001,113750120704,83385746,83384468,4,1026,scenario2
S2_reprodscen2_4,74000001,113750211840,58327216,58326060,4,1026,scenario2
S2_reprodscen2_4,74000001,113750287872,30122011,30120741,4,1026,scenario2
S2_reprodscen2_4,74000001,113915925760,27994410,27992815,1,1030,scenario2
S2_reprodscen2_4,74000001,113976588800,27655355,27653769,1,1031,scenario2
S2_reprodscen2_4,74000001,114032534016,25882136,25880415,1,1032,scenario2
S2_reprodscen2_4,74000001,114151197952,56044247,56042694,2,1033,scenario2
S2_reprodscen2_4,74000001,114151302144,25506599,25505311,2,1033,scenario2
S2_reprodscen2_4,74000001,114246892032,27976453,27974688,1,1035,scenario2
S2_reprodscen2_4,74000001,114303416832,26213544,26201122,1,1036,scenario2
S2_reprodscen2_4,74000001,114358012928,26747788,26746149,1,1037,scenario2
S2_reprodscen2_4,74000001,114403327232,27007970,27006285,1,1038,scenario2
S2_reprodscen2_4,74000001,114461970432,27351633,27349999,1,1039,scenario2
S2_reprodscen2_4,74000001,114588259328,28886336,28884030,0,1040,scenario2
S2_reprodscen2_4,74000001,114645996032,26865312,26863665,1,1041,scenario2
S2_reprodscen2_4,74000001,114825642752,57587079,57585507,2,1042,scenario2
S2_reprodscen2_4,74000001,114825749248,27073868,27072612,2,1042,scenario2
S2_reprodscen2_4,74000001,114912415232,28698612,28697088,1,1044,scenario2
S2_reprodscen2_4,74000001,114969874432,32164673,32162957,1,1045,scenario2
S2_reprodscen2_4,74000001,115010859008,26719504,26717905,1,1046,scenario2
S2_reprodscen2_4,74000001,115146016000,29662117,29660535,1,1047,scenario2
S2_reprodscen2_4,74000001,115240866560,60118926,60116875,2,1048,scenario2
S2_reprodscen2_4,74000001,115240983808,29769482,29768234,2,1048,scenario2
S2_reprodscen2_4,74000001,115337221888,81890631,81889010,3,1050,scenario2
S2_reprodscen2_4,74000001,115337330432,52795454,52794156,3,1050,scenario2
S2_reprodscen2_4,74000001,115337418752,26886634,26885437,3,1050,scenario2
S2_reprodscen2_4,74000001,115475418880,31865179,31863522,1,1053,scenario2
S2_reprodscen2_4,74000001,115541820672,30038191,30036406,1,1054,scenario2
S2_reprodscen2_4,74000001,115601737728,28568647,28567061,1,1055,scenario2
S2_reprodscen2_4,74000001,115629053184,26430066,26428403,1,1056,scenario2
S2_reprodscen2_4,74000001,115756579072,28692187,28690504,1,1057,scenario2
S2_reprodscen2_4,74000001,116030264320,78344129,78342507,3,1058,scenario2
S2_reprodscen2_4,74000001,116030386688,49741772,49740476,3,1058,scenario2
S2_reprodscen2_4,74000001,116030455040,25137204,25136118,3,1058,scenario2
S2_reprodscen2_4,74000001,116088722688,28077078,28075464,1,1061,scenario2
S2_reprodscen2_4,74000001,116170049024,27599964,27598410,1,1062,scenario2
S2_reprodscen2_4,74000001,116319408896,27366292,27364532,1,1063,scenario2
S2_reprodscen2_4,74000001,116418307584,26181470,26179811,1,1064,scenario2
S2_reprodscen2_4,74000001,116517034752,27885974,27884408,1,1065,scenario2
S2_reprodscen2_4,74000001,116845447936,193617009,193615307,7,1066,scenario2
S2_reprodscen2_4,74000001,116845556480,164207561,164206212,7,1066,scenario2
S2_reprodscen2_4,74000001,116845624832,134729579,134728492,7,1066,scenario2
S2_reprodscen2_4,74000001,116845697024,110336795,110335744,7,1066,scenario2
S2_reprodscen2_4,74000001,116845758976,84005858,84004723,7,1066,scenario2
S2_reprodscen2_4,74000001,116845820928,58040812,58039690,7,1066,scenario2
S2_reprodscen2_4,74000001,116845882880,31281043,31279511,7,1066,scenario2
S2_reprodscen2_4,74000001,116918984192,32298172,32296509,1,1073,scenario2
S2_reprodscen2_4,74000001,116998262272,29320597,29318939,1,1074,scenario2
S2_reprodscen2_4,74000001,117159071744,84293280,84291667,3,1075,scenario2
S2_reprodscen2_4,74000001,117159174144,54294762,54293537,3,1075,scenario2
S2_reprodscen2_4,74000001,117159259392,26675585,26674467,3,1075,scenario2
S2_reprodscen2_4,74000001,117203253248,28362245,28360608,1,1078,scenario2
S2_reprodscen2_4,74000001,117385412352,28707945,28706316,1,1079,scenario2
S2_reprodscen2_4,74000001,117532238336,146692001,146690722,5,1080,scenario2
S2_reprodscen2_4,74000001,117532345088,116553135,116551934,5,1080,scenario2
S2_reprodscen2_4,74000001,117532428544,88093859,88092635,5,1080,scenario2
S2_reprodscen2_4,74000001,117532497920,59298992,59297864,5,1080,scenario2
S2_reprodscen2_4,74000001,117532572416,29463658,29462383,5,1080,scenario2
S2_reprodscen2_4,74000001,117565502464,27938305,27936699,1,1085,scenario2
S2_reprodscen2_4,74000001,117605078528,28136336,28134620,1,1086,scenario2
S2_reprodscen2_4,74000001,117764949504,24387110,24385634,1,1087,scenario2
S2_reprodscen2_4,74000001,118204853504,163802802,163801244,6,1088,scenario2
S2_reprodscen2_4,74000001,118204957440,132887348,132886184,6,1088,scenario2
S2_reprodscen2_4,74000001,118205034496,105726076,105724953,6,1088,scenario2
S2_reprodscen2_4,74000001,118205110016,77710508,77709365,6,1088,scenario2
S2_reprodscen2_4,74000001,118205171968,53604521,53603598,6,1088,scenario2
S2_reprodscen2_4,74000001,118205233664,26066125,26065108,6,1088,scenario2
S2_reprodscen2_4,74000001,118410420992,28137227,28135468,1,1094,scenario2
S2_reprodscen2_4,74000001,118640583168,143605778,143604059,5,1095,scenario2
S2_reprodscen2_4,74000001,118640702464,112745945,112744695,5,1095,scenario2
S2_reprodscen2_4,74000001,118640788992,84729288,84727819,5,1095,scenario2
S2_reprodscen2_4,74000001,118640861440,57456259,57455040,5,1095,scenario2
S2_reprodscen2_4,74000001,118640932864,28109474,28108232,5,1095,scenario2
S2_reprodscen2_4,74000001,118858003968,123115720,123113515,4,1100,scenario2
S2_reprodscen2_4,74000001,118858112000,92875133,92873839,4,1100,scenario2
S2_reprodscen2_4,74000001,118858186240,63887934,63886749,4,1100,scenario2
S2_reprodscen2_4,74000001,118858258432,31013269,31011954,4,1100,scenario2
S2_reprodscen2_4,74000001,118980203776,27909314,27907533,1,1104,scenario2
S2_reprodscen2_4,74000001,119032304384,31428450,31426726,1,1105,scenario2
S2_reprodscen2_4,74000001,119147523072,55521537,55519600,2,1106,scenario2
S2_reprodscen2_4,74000001,119147629568,26746796,26745498,2,1106,scenario2
S2_reprodscen2_4,74000001,119304692736,108914615,108912608,4,1108,scenario2
S2_reprodscen2_4,74000001,119304804608,80171701,80169998,4,1108,scenario2
S2_reprodscen2_4,74000001,119304895232,55187582,55185978,4,1108,scenario2
S2_reprodscen2_4,74000001,119304988928,29742009,29740405,4,1108,scenario2
S2_reprodscen2_4,74000001,119344402176,29217621,29215911,1,1112,scenario2
S2_reprodscen2_4,74000001,119380555008,29823432,29821347,1,1113,scenario2
S2_reprodscen2_4,74000001,119419036928,28632638,28631016,1,1114,scenario2
S2_reprodscen2_4,74000001,119649812480,53726395,53724837,2,1115,scenario2
S2_reprodscen2_4,74000001,119649948416,26421231,26419928,2,1115,scenario2
S2_reprodscen2_4,74000001,119703885568,25492517,25490991,1,1117,scenario2
S2_reprodscen2_4,74000001,119783165184,58037970,58036252,2,1118,scenario2
S2_reprodscen2_4,74000001,119783260160,27027145,27013957,2,1118,scenario2
S2_reprodscen2_4,74000001,119993462016,27494942,27492860,0,1120,scenario2
S2_reprodscen2_4,74000001,120141476096,81583282,81581693,3,1121,scenario2
S2_reprodscen2_4,74000001,120141581568,54624025,54622687,3,1121,scenario2
S2_reprodscen2_4,74000001,120141693440,26333589,26331876,3,1121,scenario2
S2_reprodscen2_4,74000001,120220172800,27468885,27467230,1,1124,scenario2
S2_reprodscen2_4,74000001,120485656576,55422966,55421378,2,1125,scenario2
S2_reprodscen2_4,74000001,120485787136,25501123,25499806,2,1125,scenario2
S2_reprodscen2_4,74000001,120848948992,218077992,218076205,8,1127,scenario2
S2_reprodscen2_4,74000001,120849053184,189093968,189092723,8,1127,scenario2
S2_reprodscen2_4,74000001,120849125888,161210256,161209052,8,1127,scenario2
S2_reprodscen2_4,74000001,120849196288,136234218,136233136,8,1127,scenario2
S2_reprodscen2_4,74000001,120849265664,109557497,109556309,8,1127,scenario2
S2_reprodscen2_4,74000001,120849334784,83816366,83815203,8,1127,scenario2
S2_reprodscen2_4,74000001,120849404672,55179760,55178800,8,1127,scenario2
S2_reprodscen2_4,74000001,120849468416,27925019,27923831,8,1127,scenario2
S2_reprodscen2_4,74000001,120879331072,29797799,29796422,4,1132,scenario2
S2_reprodscen2_4,74000001,121164461824,167078072,167062158,6,1136,scenario2
S2_reprodscen2_4,74000001,121164593664,138611689,138610315,6,1136,scenario2
S2_reprodscen2_4,74000001,121164679168,110419699,110418470,6,1136,scenario2
S2_reprodscen2_4,74000001,121164749312,83407560,83406328,6,1136,scenario2
S2_reprodscen2_4,74000001,121164818688,56230126,56228944,6,1136,scenario2
S2_reprodscen2_4,74000001,121164887296,27573261,27572140,6,1136,scenario2
S2_reprodscen2_4,74000001,121222274560,50725059,50723438,2,1142,scenario2
S2_reprodscen2_4,74000001,121222379264,24109015,24107979,2,1142,scenario2
S2_reprodscen2_4,74000001,121627661056,190872821,190871126,7,1144,scenario2
S2_reprodscen2_4,74000001,121627788544,162003697,162002339,7,1144,scenario2
S2_reprodscen2_4,74000001,121627880192,136660699,136659481,7,1144,scenario2
S2_reprodscen2_4,74000001,121627958272,107606157,107604881,7,1144,scenario2
S2_reprodscen2_4,74000001,121628034304,80409832,80408660,7,1144,scenario2
S2_reprodscen2_4,74000001,121628117760,54684202,54682857,7,1144,scenario2
S2_reprodscen2_4,74000001,121628192768,27218273,27217078,7,1144,scenario2
S2_reprodscen2_4,74000001,121686517760,31053906,31052222,1,1151,scenario2
S2_reprodscen2_4,74000001,121776102400,27188261,27186525,1,1152,scenario2
S2_reprodscen2_4,74000001,122341139200,220464987,220463142,8,1153,scenario2
S2_reprodscen2_4,74000001,122341237504,192847304,192845875,8,1153,scenario2
S2_reprodscen2_4,74000001,122341315072,164420964,164419718,8,1153,scenario2
S2_reprodscen2_4,74000001,122341384192,136315845,136314681,8,1153,scenario2
S2_reprodscen2_4,74000001,122341457408,110499365,110498167,8,1153,scenario2
S2_reprodscen2_4,74000001,122341526784,81940132,81939002,8,1153,scenario2
S2_reprodscen2_4,74000001,122341597696,57013152,57012133,8,1153,scenario2
S2_reprodscen2_4,74000001,122341665280,30905800,30904613,8,1153,scenario2
S2_reprodscen2_4,74000001,122369930240,28194357,28193079,1,1161,scenario2
S2_reprodscen2_4,74000001,122526743296,26739346,26737506,1,1162,scenario2
S2_reprodscen2_4,74000001,122582217728,28133763,28132152,1,1163,scenario2
S2_reprodscen2_4,74000001,122614021376,26757482,26755806,1,1164,scenario2
S2_reprodscen2_4,74000001,122703929088,31257259,31255432,1,1165,scenario2
S2_reprodscen2_4,74000001,122870505216,112231448,112229798,4,1166,scenario2
S2_reprodscen2_4,74000001,122870616576,85349355,85348066,4,1166,scenario2
S2_reprodscen2_4,74000001,122870706176,58788576,58787206,4,1166,scenario2
S2_reprodscen2_4,74000001,122870783232,30428093,30426646,4,1166,scenario2
S2_reprodscen2_4,74000001,123219294976,169750324,169748607,6,1170,scenario2
S2_reprodscen2_4,74000001,123219426816,141674254,141672694,6,1170,scenario2
S2_reprodscen2_4,74000001,123219535360,113243092,113241599,6,1170,scenario2
S2_reprodscen2_4,74000001,123219619840,83962904,83961435,6,1170,scenario2
S2_reprodscen2_4,74000001,123219701760,56729716,56728381,6,1170,scenario2
S2_reprodscen2_4,74000001,123219781888,28704064,28702727,6,1170,scenario2
S2_reprodscen2_4,74000001,123305932032,29127539,29125959,1,1176,scenario2
S2_reprodscen2_4,74000001,123338961920,27219728,27217868,1,1177,scenario2
S2_reprodscen2_4,74000001,123538833920,112872198,112870482,4,1178,scenario2
S2_reprodscen2_4,74000001,123538954752,85781673,85780328,4,1178,scenario2
S2_reprodscen2_4,74000001,123539047936,59056182,59054901,4,1178,scenario2
S2_reprodscen2_4,74000001,123539117568,30816554,30815292,4,1178,scenario2
S2_reprodscen2_4,74000001,123861496576,162135620,162133932,6,1182,scenario2
S2_reprodscen2_4,74000001,123861618688,135317051,135315837,6,1182,scenario2
S2_reprodscen2_4,74000001,123861703936,109472418,109471282,6,1182,scenario2
S2_reprodscen2_4,74000001,123861777920,82769961,82768808,6,1182,scenario2
S2_reprodscen2_4,74000001,123861847808,53776057,53774894,6,1182,scenario2
S2_reprodscen2_4,74000001,123861919232,27592149,27590901,6,1182,scenario2
S2_reprodscen2_4,74000001,124345206784,222459676,222458054,8,1188,scenario2
S2_reprodscen2_4,74000001,124377253632,226979574,226978287,8,1189,scenario2
S2_reprodscen2_4,74000001,124377361920,197081657,197080445,8,1189,scenario2
S2_reprodscen2_4,74000001,124377423872,170896066,170895031,8,1189,scenario2
S2_reprodscen2_4,74000001,124377486592,144150678,144149503,8,1189,scenario2
S2_reprodscen2_4,74000001,124377550592,114817492,114816273,8,1189,scenario2
S2_reprodscen2_4,74000001,124377612800,87480638,87479772,8,1189,scenario2
S2_reprodscen2_4,74000001,124377675264,59907221,59906044,8,1189,scenario2
S2_reprodscen2_4,74000001,124377737728,32428937,32427801,8,1189,scenario2
S2_reprodscen2_4,74000001,124410869760,33069966,33068597,1,1197,scenario2
S2_reprodscen2_4,74000001,124453377024,27690468,27688705,1,1198,scenario2
S2_reprodscen2_4,74000001,124500065280,26470032,26468526,1,1199,scenario2
S2_reprodscen2_4,74000001,124552214272,24562125,24560415,1,1200,scenario2
S2_reprodscen2_4,74000001,124778031104,84837788,84836248,3,1201,scenario2
S2_reprodscen2_4,74000001,124778148608,54907950,54906741,3,1201,scenario2
S2_reprodscen2_4,74000001,124778222080,27712851,27711702,3,1201,scenario2
S2_reprodscen2_4,74000001,124853171712,53354737,53353057,2,1204,scenario2
S2_reprodscen2_4,74000001,124853279744,25778865,25777484,2,1204,scenario2
S2_reprodscen2_4,74000001,125058432000,81539395,81536474,3,1206,scenario2
S2_reprodscen2_4,74000001,125058524672,52708354,52707094,3,1206,scenario2
S2_reprodscen2_4,74000001,125058637568,26513412,26511994,3,1206,scenario2
S2_reprodscen2_4,74000001,125127411968,28116657,28115022,1,1209,scenario2
S2_reprodscen2_4,74000001,125314331136,84601756,84600030,3,1210,scenario2
S2_reprodscen2_4,74000001,125314409472,55373726,55372397,3,1210,scenario2
S2_reprodscen2_4,74000001,125314482944,28268260,28267168,3,1210,scenario2
S2_reprodscen2_4,74000001,125402744064,31950191,31948475,1,1213,scenario2
S2_reprodscen2_4,74000001,125746244608,230165433,230163741,8,1214,scenario2
S2_reprodscen2_4,74000001,125746359296,199647077,199645786,8,1214,scenario2
S2_reprodscen2_4,74000001,125746450944,171616113,171614835,8,1214,scenario2
S2_reprodscen2_4,74000001,125746523648,142882979,142881814,8,1214,scenario2
S2_reprodscen2_4,74000001,125746610176,114871877,114870555,8,1214,scenario2
S2_reprodscen2_4,74000001,125746680832,85151216,85150052,8,1214,scenario2
S2_reprodscen2_4,74000001,125746748160,57829810,57828607,8,1214,scenario2
S2_reprodscen2_4,74000001,125746814208,28604384,28603183,8,1214,scenario2
S2_reprodscen2_4,74000001,125776481792,29594682,29593378,1,1222,scenario2
S2_reprodscen2_4,74000001,125882075648,53173869,53172216,2,1223,scenario2
S2_reprodscen2_4,74000001,125882173952,27166270,27164989,2,1223,scenario2
S2_reprodscen2_4,74000001,126120175872,60486688,60484870,2,1225,scenario2
S2_reprodscen2_4,74000001,126120319488,28580621,28579199,2,1225,scenario2
S2_reprodscen2_4,74000001,126160619008,28929007,28927223,1,1227,scenario2
S2_reprodscen2_4,74000001,126587997184,220951871,220950098,8,1228,scenario2
S2_reprodscen2_4,74000001,126588093952,191702070,191700753,8,1228,scenario2
S2_reprodscen2_4,74000001,126588163840,164158513,164157285,8,1228,scenario2
S2_reprodscen2_4,74000001,126588230912,134956060,134954881,8,1228,scenario2
S2_reprodscen2_4,74000001,126588299776,108544518,108543340,8,1228,scenario2
S2_reprodscen2_4,74000001,126588363264,81422801,81421613,8,1228,scenario2
S2_reprodscen2_4,74000001,126588434688,56781604,56780413,8,1228,scenario2
S2_reprodscen2_4,74000001,126588501248,28958241,28956991,8,1228,scenario2
S2_reprodscen2_4,74000001,126620547584,31983669,31982295,1,1236,scenario2
S2_reprodscen2_4,74000001,126997236992,236124628,236122861,8,1237,scenario2
S2_reprodscen2_4,74000001,126997328128,206685697,206684398,8,1237,scenario2
S2_reprodscen2_4,74000001,126997394688,178837549,178836500,8,1237,scenario2
S2_reprodscen2_4,74000001,126997467648,151310342,151309050,8,1237,scenario2
S2_reprodscen2_4,74000001,126997530368,121974044,121972789,8,1237,scenario2
S2_reprodscen2_4,74000001,126997594368,92387369,92386078,8,1237,scenario2
S2_reprodscen2_4,74000001,126997657344,62228948,62227784,8,1237,scenario2
S2_reprodscen2_4,74000001,126997719552,32140094,32138978,8,1237,scenario2
S2_reprodscen2_4,74000001,127131680000,59955554,59953943,2,1245,scenario2
S2_reprodscen2_4,74000001,127131777024,27324846,27323513,2,1245,scenario2
S2_reprodscen2_4,74000001,127369378560,167731203,167729444,6,1247,scenario2
S2_reprodscen2_4,74000001,127369484288,137705918,137704611,6,1247,scenario2
S2_reprodscen2_4,74000001,127369579264,108389654,108388412,6,1247,scenario2
S2_reprodscen2_4,74000001,127369646592,81745826,81744779,6,1247,scenario2
S2_reprodscen2_4,74000001,127369709312,54338854,54337637,6,1247,scenario2
S2_reprodscen2_4,74000001,127369778688,25706690,25705553,6,1247,scenario2
S2_reprodscen2_4,74000001,127582127872,160010327,160008706,6,1253,scenario2
S2_reprodscen2_4,74000001,127582243328,134112930,134111671,6,1253,scenario2
S2_reprodscen2_4,74000001,127582348288,108811283,108809979,6,1253,scenario2
S2_reprodscen2_4,74000001,127582427904,82988142,82986932,6,1253,scenario2
S2_reprodscen2_4,74000001,127582468352,55165677,55164552,6,1253,scenario2
S2_reprodscen2_4,74000001,127582499584,27077473,27076320,6,1253,scenario2
S2_reprodscen2_4,74000001,127769717248,140333065,140331406,5,1259,scenario2
S2_reprodscen2_4,74000001,127769837568,109825549,109824291,4,1260,scenario2
S2_reprodscen2_4,74000001,127769917184,82515663,82514270,4,1260,scenario2
S2_reprodscen2_4,74000001,127769990912,53882091,53880851,4,1260,scenario2
S2_reprodscen2_4,74000001,127770056704,27224299,27223043,4,1260,scenario2
S2_reprodscen2_4,74000001,128095884288,84267780,84266091,3,1264,scenario2
S2_reprodscen2_4,74000001,128096002048,55643044,55641687,3,1264,scenario2
S2_reprodscen2_4,74000001,128096097280,27203545,27202204,3,1264,scenario2
S2_reprodscen2_4,74000001,128245231104,145094670,145092918,5,1267,scenario2
S2_reprodscen2_4,74000001,128245335552,113237914,113236633,5,1267,scenario2
S2_reprodscen2_4,74000001,128245439744,86805208,86803964,5,1267,scenario2
S2_reprodscen2_4,74000001,128245507584,60409352,60408194,5,1267,scenario2
S2_reprodscen2_4,74000001,128245575680,28375418,28374005,5,1267,scenario2
S2_reprodscen2_4,74000001,128379823872,29718482,29716661,1,1272,scenario2
S2_reprodscen2_4,74000001,128522579456,29697203,29695479,1,1273,scenario2
S2_reprodscen2_4,74000001,128679167744,26792833,26790951,0,1274,scenario2
S2_reprodscen2_4,74000001,128902046720,222721091,222719690,8,1275,scenario2
S2_reprodscen2_4,74000001,128902161920,196505989,196504772,8,1275,scenario2
S2_reprodscen2_4,74000001,128902246656,170065999,170065065,8,1275,scenario2
S2_reprodscen2_4,74000001,128902317824,142021238,142020083,8,1275,scenario2
S2_reprodscen2_4,74000001,128902385408,113929977,113928648,8,1275,scenario2
S2_reprodscen2_4,74000001,128902457344,85158273,85157121,8,1275,scenario2
S2_reprodscen2_4,74000001,128902523136,56125571,56124385,8,1275,scenario2
S2_reprodscen2_4,74000001,128902593792,29586713,29585505,8,1275,scenario2
S2_reprodscen2_4,74000001,128931772672,29114184,29112961,1,1283,scenario2
S2_reprodscen2_4,74000001,129355261952,225105080,225103333,8,1284,scenario2
S2_reprodscen2_4,74000001,129355377152,194222969,194221557,8,1284,scenario2
S2_reprodscen2_4,74000001,129355477504,164485115,164483841,8,1284,scenario2
S2_reprodscen2_4,74000001,129355549440,138593085,138591910,8,1284,scenario2
S2_reprodscen2_4,74000001,129355620352,111131512,111130437,8,1284,scenario2
S2_reprodscen2_4,74000001,129355710720,82587052,82585922,8,1284,scenario2
S2_reprodscen2_4,74000001,129355776768,54844910,54843775,8,1284,scenario2
S2_reprodscen2_4,74000001,129355841024,26814566,26813433,8,1284,scenario2
S2_reprodscen2_4,74000001,129470266624,114354666,114353526,4,1292,scenario2
S2_reprodscen2_4,74000001,129470374656,114463994,86673444,4,1292,scenario2
S2_reprodscen2_4,74000001,129498982912,87053208,87052024,5,1292,scenario2
S2_reprodscen2_4,74000001,129499086080,87157264,55651707,5,1292,scenario2
S2_reprodscen2_4,74000001,129499182848,28708073,28706984,1,1296,scenario2
S2_reprodscen2_4,74000001,129526391552,25503961,25502243,1,1297,scenario2
S2_reprodscen2_4,74000001,129664002304,55637191,55635374,2,1298,scenario2
S2_reprodscen2_4,74000001,129664120320,27471412,27470035,2,1298,scenario2
S2_reprodscen2_4,74000001,129817811968,111472994,111471307,4,1300,scenario2
S2_reprodscen2_4,74000001,129817920512,84289541,84288274,4,1300,scenario2
S2_reprodscen2_4,74000001,129818018560,58456942,58455772,4,1300,scenario2
S2_reprodscen2_4,74000001,129818084608,29561183,29560035,4,1300,scenario2
S2_reprodscen2_4,74000001,129990699008,26985389,26983787,1,1304,scenario2
S2_reprodscen2_4,74000001,130119321600,27518992,27517307,1,1305,scenario2
S2_reprodscen2_4,74000001,130283047424,28041170,28039600,1,1306,scenario2
S2_reprodscen2_4,74000001,130484243968,27903712,27902062,1,1307,scenario2
S2_reprodscen2_4,74000001,130739677440,226886758,226884796,8,1308,scenario2
S2_reprodscen2_4,74000001,130739774208,196294964,196293657,8,1308,scenario2
S2_reprodscen2_4,74000001,130739892224,169630717,169629535,8,1308,scenario2
S2_reprodscen2_4,74000001,130739959296,142850136,142848923,8,1308,scenario2
S2_reprodscen2_4,74000001,130740023296,115840815,115839639,8,1308,scenario2
S2_reprodscen2_4,74000001,130740085504,87509766,87508604,8,1308,scenario2
S2_reprodscen2_4,74000001,130740147456,58523941,58522683,8,1308,scenario2
S2_reprodscen2_4,74000001,130740217088,27646584,27645339,8,1308,scenario2
S2_reprodscen2_4,74000001,130767915008,27628870,27627822,5,1313,scenario2
S2_reprodscen2_4,74000001,130878567936,138282656,110559189,4,1317,scenario2
S2_reprodscen2_4,74000001,130878675456,81307979,81306980,4,1317,scenario2
S2_reprodscen2_4,74000001,130878778368,81411738,54654282,4,1317,scenario2
S2_reprodscen2_4,74000001,130992631040,141600438,141599124,5,1320,scenario2
S2_reprodscen2_4,74000001,130992739328,113883961,113882770,5,1320,scenario2
S2_reprodscen2_4,74000001,130992814592,87244544,87243388,5,1320,scenario2
S2_reprodscen2_4,74000001,130992881920,58780180,58778945,5,1320,scenario2
S2_reprodscen2_4,74000001,130992945152,29834811,29833693,5,1320,scenario2
S2_reprodscen2_4,74000001,131025095168,29228935,29227219,1,1325,scenario2
S2_reprodscen2_4,74000001,131152567296,83173061,83171411,3,1326,scenario2
S2_reprodscen2_4,74000001,131152669952,54840538,54839308,3,1326,scenario2
S2_reprodscen2_4,74000001,131152761600,25643715,25642558,3,1326,scenario2
S2_reprodscen2_4,74000001,131209772288,25300869,25299128,1,1329,scenario2
S2_reprodscen2_4,74000001,131296383488,26135414,26133730,1,1330,scenario2
S2_reprodscen2_4,74000001,131362984448,28313888,28312216,1,1331,scenario2
S2_reprodscen2_4,74000001,131627689472,109788192,109786408,4,1332,scenario2
S2_reprodscen2_4,74000001,131627770368,79430476,79429081,4,1332,scenario2
S2_reprodscen2_4,74000001,131627835136,52632701,52631449,4,1332,scenario2
S2_reprodscen2_4,74000001,131627903744,25415161,25413977,4,1332,scenario2
S2_reprodscen2_4,74000001,132039270144,224945374,224943568,8,1336,scenario2
S2_reprodscen2_4,74000001,132039369472,195726354,195725073,8,1336,scenario2
S2_reprodscen2_4,74000001,132039442944,169157671,169156552,8,1336,scenario2
S2_reprodscen2_4,74000001,132039529984,142333712,142332541,8,1336,scenario2
S2_reprodscen2_4,74000001,132039598336,112652203,112650995,8,1336,scenario2
S2_reprodscen2_4,74000001,132039660800,85036826,85035663,8,1336,scenario2
S2_reprodscen2_4,74000001,132039723008,55546368,55545270,8,1336,scenario2
S2_reprodscen2_4,74000001,132039789568,28426772,28425719,8,1336,scenario2
S2_reprodscen2_4,74000001,132071153152,31296918,31295779,5,1340,scenario2
S2_reprodscen2_4,74000001,132126820864,86965541,55557448,2,1345,scenario2
S2_reprodscen2_4,74000001,132313850624,214950640,214949391,8,1346,scenario2
S2_reprodscen2_4,74000001,132313954560,186977991,186976751,8,1346,scenario2
S2_reprodscen2_4,74000001,132314025216,160901208,160900073,8,1346,scenario2
S2_reprodscen2_4,74000001,132314094848,132670527,132669351,8,1346,scenario2
S2_reprodscen2_4,74000001,132314159616,107673414,107672483,8,1346,scenario2
S2_reprodscen2_4,74000001,132314220288,82451519,82450362,8,1346,scenario2
S2_reprodscen2_4,74000001,132314280704,56591933,56590819,8,1346,scenario2
S2_reprodscen2_4,74000001,132314342912,28676901,28675739,8,1346,scenario2
S2_reprodscen2_4,74000001,132377251840,62845282,62844155,2,1354,scenario2
S2_reprodscen2_4,74000001,132377750272,63344616,33724016,2,1354,scenario2
S2_reprodscen2_4,74000001,132405799168,27929894,27928229,0,1356,scenario2
S2_reprodscen2_4,74000001,132552668160,56935378,56933744,2,1357,scenario2
S2_reprodscen2_4,74000001,132552763136,29750657,29749352,2,1357,scenario2
S2_reprodscen2_4,74000001,132632461056,57512350,57510727,2,1359,scenario2
S2_reprodscen2_4,74000001,132632562176,28556052,28554709,2,1359,scenario2
S2_reprodscen2_4,74000001,132663440384,27191454,27189918,1,1361,scenario2
S2_reprodscen2_4,74000001,132812074496,26721414,26719907,1,1362,scenario2
S2_reprodscen2_4,74000001,132950133504,108507678,108506074,4,1363,scenario2
S2_reprodscen2_4,74000001,132950240000,82742422,82741087,4,1363,scenario2
S2_reprodscen2_4,74000001,132950321664,56163857,56162685,4,1363,scenario2
S2_reprodscen2_4,74000001,132950398464,29640347,29639087,4,1363,scenario2
S2_reprodscen2_4,74000001,132987476480,28850336,28848594,1,1367,scenario2
S2_reprodscen2_4,74000001,133100084736,56778676,56777007,2,1368,scenario2
S2_reprodscen2_4,74000001,133100194816,27131639,27130298,2,1368,scenario2
S2_reprodscen2_4,74000001,133185929216,56492922,56491325,2,1370,scenario2
S2_reprodscen2_4,74000001,133186036992,27075933,27074273,2,1370,scenario2
S2_reprodscen2_4,74000001,133256964864,53181276,53179328,2,1372,scenario2
S2_reprodscen2_4,74000001,133257106432,25854707,25853400,2,1372,scenario2
S2_reprodscen2_4,74000001,133686422272,235487871,235485994,8,1374,scenario2
S2_reprodscen2_4,74000001,133686529536,199595671,199594357,8,1374,scenario2
S2_reprodscen2_4,74000001,133686652160,172330663,172329566,8,1374,scenario2
S2_reprodscen2_4,74000001,133686727168,143748577,143747401,8,1374,scenario2
S2_reprodscen2_4,74000001,133686795008,113766563,113765419,8,1374,scenario2
S2_reprodscen2_4,74000001,133686862592,85631535,85630499,8,1374,scenario2
S2_reprodscen2_4,74000001,133686932736,55173577,55172384,8,1374,scenario2
S2_reprodscen2_4,74000001,133687001344,26878350,26877110,8,1374,scenario2
S2_reprodscen2_4,74000001,133742400000,55332332,55331192,2,1382,scenario2
S2_reprodscen2_4,74000001,133800015872,112949235,84625637,3,1383,scenario2
S2_reprodscen2_4,74000001,133827918336,85398538,85397669,4,1383,scenario2
S2_reprodscen2_4,74000001,133828001792,85483061,56206630,4,1383,scenario2
S2_reprodscen2_4,74000001,133887245824,87020875,87019608,3,1386,scenario2
S2_reprodscen2_4,74000001,133887340032,59239744,59238480,3,1386,scenario2
S2_reprodscen2_4,74000001,133887426048,28471693,28470517,3,1386,scenario2
S2_reprodscen2_4,74000001,134316460288,224361661,224360108,8,1389,scenario2
S2_reprodscen2_4,74000001,134316580608,192956594,192955280,8,1389,scenario2
S2_reprodscen2_4,74000001,134316672768,166716488,166715292,8,1389,scenario2
S2_reprodscen2_4,74000001,134316745472,139958430,139957343,8,1389,scenario2
S2_reprodscen2_4,74000001,134316815616,111123197,111121849,8,1389,scenario2
S2_reprodscen2_4,74000001,134316887040,81004927,81003688,8,1389,scenario2
S2_reprodscen2_4,74000001,134316955904,54523364,54522197,8,1389,scenario2
S2_reprodscen2_4,74000001,134317020416,28183857,28182753,8,1389,scenario2
S2_reprodscen2_4,74000001,134475906048,143928108,143926561,5,1397,scenario2
S2_reprodscen2_4,74000001,134476009728,115441812,115440538,5,1397,scenario2
S2_reprodscen2_4,74000001,134476100864,84940996,84939843,5,1397,scenario2
S2_reprodscen2_4,74000001,134476163840,57405568,57404347,5,1397,scenario2
S2_reprodscen2_4,74000001,134476225792,26429593,26428421,5,1397,scenario2
S2_reprodscen2_4,74000001,134634579200,108585648,108583921,4,1402,scenario2
S2_reprodscen2_4,74000001,134634665472,82693370,82692190,4,1402,scenario2
S2_reprodscen2_4,74000001,134634733056,55740925,55739725,4,1402,scenario2
S2_reprodscen2_4,74000001,134634804736,27230862,27229632,4,1402,scenario2
S2_reprodscen2_4,74000001,134741270784,30235054,30233236,1,1406,scenario2
S2_reprodscen2_4,74000001,135075275520,199673969,199672436,7,1407,scenario2
S2_reprodscen2_4,74000001,135075353344,167239460,167238199,7,1407,scenario2
S2_reprodscen2_4,74000001,135075521280,138175425,138174198,7,1407,scenario2
S2_reprodscen2_4,74000001,135075587840,108929190,108928007,7,1407,scenario2
S2_reprodscen2_4,74000001,135075650304,82020983,82019854,7,1407,scenario2
S2_reprodscen2_4,74000001,135075713024,54625119,54623957,7,1407,scenario2
S2_reprodscen2_4,74000001,135075776256,28623386,28610730,7,1407,scenario2
S2_reprodscen2_4,74000001,135554975488,213903829,213901809,8,1414,scenario2
S2_reprodscen2_4,74000001,135555253248,185749808,185748535,8,1414,scenario2
S2_reprodscen2_4,74000001,135555318528,156204413,156203205,8,1414,scenario2
S2_reprodscen2_4,74000001,135555397632,128931505,128930248,8,1414,scenario2
S2_reprodscen2_4,74000001,135555463936,102716332,102715123,8,1414,scenario2
S2_reprodscen2_4,74000001,135555529472,76858282,76857166,8,1414,scenario2
S2_reprodscen2_4,74000001,135555592448,52528146,52527052,8,1414,scenario2
S2_reprodscen2_4,74000001,135555665920,27708671,27707484,8,1414,scenario2
S2_reprodscen2_4,74000001,135695830784,140097527,140096461,5,1422,scenario2
S2_reprodscen2_4,74000001,135695937024,140204711,111097508,5,1422,scenario2
S2_reprodscen2_4,74000001,135722732032,108889900,108888625,6,1422,scenario2
S2_reprodscen2_4,74000001,135722832640,108991623,80976773,6,1422,scenario2
S2_reprodscen2_4,74000001,135722930432,54725160,54723526,6,1422,scenario2
S2_reprodscen2_4,74000001,135722999808,26943463,26942134,6,1423,scenario2
S2_reprodscen2_4,74000001,135792033536,56427531,56425825,2,1428,scenario2
S2_reprodscen2_4,74000001,135792142080,27549648,27548312,2,1428,scenario2
S2_reprodscen2_4,74000001,135932948992,89841693,89839971,3,1430,scenario2
S2_reprodscen2_4,74000001,135933059072,59906500,59905194,3,1430,scenario2
S2_reprodscen2_4,74000001,135933131776,31709816,31708417,3,1430,scenario2
S2_reprodscen2_4,74000001,136298077696,222775749,222773989,8,1433,scenario2
S2_reprodscen2_4,74000001,136298187520,195774478,195773189,8,1433,scenario2
S2_reprodscen2_4,74000001,136298267392,167258426,167257126,8,1433,scenario2
S2_reprodscen2_4,74000001,136298338048,139507108,139505913,8,1433,scenario2
S2_reprodscen2_4,74000001,136298412544,108711505,108710226,8,1433,scenario2
S2_reprodscen2_4,74000001,136298483456,80603276,80602141,8,1433,scenario2
S2_reprodscen2_4,74000001,136298560768,52726414,52725142,8,1433,scenario2
S2_reprodscen2_4,74000001,136298632704,27022982,27021949,8,1433,scenario2
S2_reprodscen2_4,74000001,136328634880,29936194,29934851,6,1437,scenario2
S2_reprodscen2_4,74000001,136365707520,29467293,29465470,1,1442,scenario2
S2_reprodscen2_4,74000001,136397410816,29787491,29785749,1,1443,scenario2
S2_reprodscen2_4,74000001,136429240320,29259983,29258318,1,1444,scenario2
S2_reprodscen2_4,74000001,136481553408,27714791,27713101,1,1445,scenario2
S2_reprodscen2_4,74000001,136704404992,137941552,137939928,5,1446,scenario2
S2_reprodscen2_4,74000001,136704495104,109437486,109424077,5,1446,scenario2
S2_reprodscen2_4,74000001,136704603904,82544257,82543075,5,1446,scenario2
S2_reprodscen2_4,74000001,136704668672,55916147,55915021,5,1446,scenario2
S2_reprodscen2_4,74000001,136704730880,28604387,28603190,5,1446,scenario2
S2_reprodscen2_4,74000001,136909100288,141151760,141138120,5,1451,scenario2
S2_reprodscen2_4,74000001,136909178624,113876009,113874760,5,1451,scenario2
S2_reprodscen2_4,74000001,136909256448,86338106,86336892,5,1451,scenario2
S2_reprodscen2_4,74000001,136909325312,58749245,58748075,5,1451,scenario2
S2_reprodscen2_4,74000001,136909391616,30041529,30040294,5,1451,scenario2
S2_reprodscen2_4,74000001,137047855616,32160032,32158382,1,1456,scenario2
S2_reprodscen2_4,74000001,137163208448,53290183,53288570,2,1457,scenario2
S2_reprodscen2_4,74000001,137163328000,25938076,25936805,2,1457,scenario2
S2_reprodscen2_4,74000001,137218940928,53623576,53621914,2,1459,scenario2
S2_reprodscen2_4,74000001,137219035648,27759934,27758725,2,1459,scenario2
S2_reprodscen2_4,74000001,137324081664,57786082,57784539,2,1461,scenario2
S2_reprodscen2_4,74000001,137324191744,27892933,27891693,2,1461,scenario2
S2_reprodscen2_4,74000001,137464456960,110058268,110056822,4,1463,scenario2
S2_reprodscen2_4,74000001,137464550144,83406042,83404765,4,1463,scenario2
S2_reprodscen2_4,74000001,137464641792,58301029,58299892,4,1463,scenario2
S2_reprodscen2_4,74000001,137464710912,29914870,29913640,4,1463,scenario2
S2_reprodscen2_4,74000001,137544011264,27714098,27712546,1,1467,scenario2
S2_reprodscen2_4,74000001,137787516160,113255657,113253946,4,1468,scenario2
S2_reprodscen2_4,74000001,137787614720,86048490,86047186,4,1468,scenario2
S2_reprodscen2_4,74000001,137787678720,58398965,58397772,4,1468,scenario2
S2_reprodscen2_4,74000001,137787741184,30219823,30218654,4,1468,scenario2
S2_reprodscen2_4,74000001,138129497344,224103362,224101630,8,1472,scenario2
S2_reprodscen2_4,74000001,138129594624,196286093,196284928,8,1472,scenario2
S2_reprodscen2_4,74000001,138129679360,169561927,169560952,8,1472,scenario2
S2_reprodscen2_4,74000001,138129741824,143433530,143432399,8,1472,scenario2
S2_reprodscen2_4,74000001,138129802496,116839035,116837894,8,1472,scenario2
S2_reprodscen2_4,74000001,138129862400,89307944,89306763,8,1472,scenario2
S2_reprodscen2_4,74000001,138129922560,57411055,57409861,8,1472,scenario2
S2_reprodscen2_4,74000001,138129981952,26513789,26512515,8,1472,scenario2
S2_reprodscen2_4,74000001,138375886336,81017675,81015956,3,1480,scenario2
S2_reprodscen2_4,74000001,138540232448,219461604,219460549,8,1481,scenario2
S2_reprodscen2_4,74000001,138540355072,192465080,192463771,8,1481,scenario2
S2_reprodscen2_4,74000001,138540420352,164418532,164417333,8,1481,scenario2
S2_reprodscen2_4,74000001,138540484096,134879688,134878509,8,1481,scenario2
S2_reprodscen2_4,74000001,138540546560,107097834,107096732,8,1481,scenario2
S2_reprodscen2_4,74000001,138540626944,82524055,82523132,8,1481,scenario2
S2_reprodscen2_4,74000001,138540689152,53499312,53498187,8,1481,scenario2
S2_reprodscen2_4,74000001,138540751872,26615927,26614806,8,1481,scenario2
S2_reprodscen2_4,74000001,138599084544,58269131,58268015,2,1489,scenario2
S2_reprodscen2_4,74000001,138599184640,58370213,30414108,2,1489,scenario2
S2_reprodscen2_4,74000001,138905388544,231766735,231765002,8,1491,scenario2
S2_reprodscen2_4,74000001,138905455360,201230464,201229115,8,1491,scenario2
S2_reprodscen2_4,74000001,138905498880,170836094,170834816,8,1491,scenario2
S2_reprodscen2_4,74000001,138905537536,143657446,143656381,8,1491,scenario2
S2_reprodscen2_4,74000001,138905583872,117698107,117696970,8,1491,scenario2
S2_reprodscen2_4,74000001,138905619200,90501961,90500700,8,1491,scenario2
S2_reprodscen2_4,74000001,138905649664,61200151,61198895,8,1491,scenario2
S2_reprodscen2_4,74000001,138905674240,27984738,27983628,8,1491,scenario2
S2_reprodscen2_4,74000001,138989546240,83493516,83492020,3,1499,scenario2
S2_reprodscen2_4,74000001,138989673472,55381628,55380339,3,1499,scenario2
S2_reprodscen2_4,74000001,138989767680,27680921,27679763,3,1499,scenario2
S2_reprodscen2_4,74000001,139052866048,26482168,26479878,0,1502,scenario2
S2_reprodscen2_4,74000001,139121083136,26149971,26148394,1,1503,scenario2
S2_reprodscen2_4,74000001,139197249792,27928666,27927008,1,1504,scenario2
S2_reprodscen2_4,74000001,139271963904,54921478,54919883,2,1505,scenario2
S2_reprodscen2_4,74000001,139272067072,27475279,27473997,2,1505,scenario2
S2_reprodscen2_4,74000001,139375415552,27962481,27960660,1,1507,scenario2
S2_reprodscen2_4,74000001,139484615680,55232391,55230586,2,1508,scenario2
S2_reprodscen2_4,74000001,139484729856,28215721,28214332,2,1508,scenario2
S2_reprodscen2_4,74000001,139841619968,224145139,224143447,8,1510,scenario2
S2_reprodscen2_4,74000001,139841749504,195895239,195893878,8,1510,scenario2
S2_reprodscen2_4,74000001,139841838080,164028767,164027511,8,1510,scenario2
S2_reprodscen2_4,74000001,139841916416,136565041,136563820,8,1510,scenario2
S2_reprodscen2_4,74000001,139841986816,111347915,111346709,8,1510,scenario2
S2_reprodscen2_4,74000001,139842057984,80765241,80764146,8,1510,scenario2
S2_reprodscen2_4,74000001,139842125056,55400482,55399547,8,1510,scenario2
S2_reprodscen2_4,74000001,139842198784,28252160,28251052,8,1510,scenario2
S2_reprodscen2_4,74000001,139875995904,33733228,33731895,1,1518,scenario2
S2_reprodscen2_4,74000001,140058283008,171218774,171216809,6,1519,scenario2
S2_reprodscen2_4,74000001,140058399232,141037872,141036534,6,1519,scenario2
S2_reprodscen2_4,74000001,140058672640,113484848,113483212,6,1519,scenario2
S2_reprodscen2_4,74000001,140058743296,84822927,84821780,6,1519,scenario2
S2_reprodscen2_4,74000001,140058807552,57198927,57197778,6,1519,scenario2
S2_reprodscen2_4,74000001,140058870784,27550878,27549733,6,1519,scenario2
S2_reprodscen2_4,74000001,140121083904,55897265,55895547,2,1525,scenario2
S2_reprodscen2_4,74000001,140121189376,27378076,27376876,2,1525,scenario2
S2_reprodscen2_4,74000001,140202295296,25458730,25456708,1,1527,scenario2
S2_reprodscen2_4,74000001,140247429888,27956650,27954618,0,1528,scenario2
S2_reprodscen2_4,74000001,140469018624,135162705,135161057,5,1529,scenario2
S2_reprodscen2_4,74000001,140469127680,110008743,110007485,5,1529,scenario2
S2_reprodscen2_4,74000001,140469205760,82879253,82878115,5,1529,scenario2
S2_reprodscen2_4,74000001,140469281024,55252293,55251118,5,1529,scenario2
S2_reprodscen2_4,74000001,140469350656,28786116,28784968,5,1529,scenario2
S2_reprodscen2_4,74000001,140573221888,53589815,53588237,2,1534,scenario2
S2_reprodscen2_4,74000001,140573384960,27024032,27022559,2,1534,scenario2
S2_reprodscen2_4,74000001,140627118080,29866821,29854037,1,1536,scenario2
S2_reprodscen2_4,74000001,141078131200,215820080,215818396,8,1537,scenario2
S2_reprodscen2_4,74000001,141078238720,188175385,188174139,8,1537,scenario2
S2_reprodscen2_4,74000001,141078310912,162367193,162366146,8,1537,scenario2
S2_reprodscen2_4,74000001,141078381312,136204404,136203239,8,1537,scenario2
S2_reprodscen2_4,74000001,141078461440,106966631,106965480,8,1537,scenario2
S2_reprodscen2_4,74000001,141078526464,79908085,79906989,8,1537,scenario2
S2_reprodscen2_4,74000001,141078605312,54708235,54707049,8,1537,scenario2
S2_reprodscen2_4,74000001,141078668288,27063872,27062798,8,1537,scenario2
S2_reprodscen2_4,74000001,141221452800,142717847,142716637,5,1545,scenario2
S2_reprodscen2_4,74000001,141221561088,142827117,114523200,5,1545,scenario2
S2_reprodscen2_4,74000001,141221646848,86992711,86991663,5,1545,scenario2
S2_reprodscen2_4,74000001,141221718784,87065689,55835617,5,1545,scenario2
S2_reprodscen2_4,74000001,141221781760,28690120,28689028,5,1545,scenario2
S2_reprodscen2_4,74000001,141460008448,223048654,223046900,8,1550,scenario2
S2_reprodscen2_4,74000001,141460113408,189462706,189461356,8,1550,scenario2
S2_reprodscen2_4,74000001,141460197632,162212220,162211152,8,1550,scenario2
S2_reprodscen2_4,74000001,141460269312,135359871,135358730,8,1550,scenario2
S2_reprodscen2_4,74000001,141460333312,106063840,106062685,8,1550,scenario2
S2_reprodscen2_4,74000001,141460398848,79614520,79613466,8,1550,scenario2
S2_reprodscen2_4,74000001,141460470272,53417849,53416729,8,1550,scenario2
S2_reprodscen2_4,74000001,141460535296,26561165,26559975,8,1550,scenario2
S2_reprodscen2_4,74000001,141491948032,31349665,31345239,7,1551,scenario2
S2_reprodscen2_4,74000001,141580993792,120396341,88936365,3,1559,scenario2
S2_reprodscen2_4,74000001,141581090816,61447138,61446020,3,1559,scenario2
S2_reprodscen2_4,74000001,141611715072,92072314,61827513,4,1559,scenario2
S2_reprodscen2_4,74000001,141735178496,153991814,153990618,5,1562,scenario2
S2_reprodscen2_4,74000001,141735256064,123446755,123445528,5,1562,scenario2
S2_reprodscen2_4,74000001,141735322880,93072029,93070852,5,1562,scenario2
S2_reprodscen2_4,74000001,141735390976,62183600,62182332,5,1562,scenario2
S2_reprodscen2_4,74000001,141735457536,29184034,29182805,5,1562,scenario2
S2_reprodscen2_4,74000001,141938718976,168147100,168145319,6,1567,scenario2
S2_reprodscen2_4,74000001,141938796032,141810009,141808939,6,1567,scenario2
S2_reprodscen2_4,74000001,141938875136,115330781,115329838,6,1567,scenario2
S2_reprodscen2_4,74000001,141938942464,86847043,86845931,6,1567,scenario2
S2_reprodscen2_4,74000001,141939012864,57587319,57586097,6,1567,scenario2
S2_reprodscen2_4,74000001,141939079424,29813761,29812542,6,1567,scenario2
S2_reprodscen2_4,74000001,142369366528,228951420,228949746,8,1573,scenario2
S2_reprodscen2_4,74000001,142369490944,197659414,197658101,8,1573,scenario2
S2_reprodscen2_4,74000001,142369565184,166939111,166937867,8,1573,scenario2
S2_reprodscen2_4,74000001,142369637120,138482214,138481078,8,1573,scenario2
S2_reprodscen2_4,74000001,142369707520,108870207,108869138,8,1573,scenario2
S2_reprodscen2_4,74000001,142369777664,84169624,84168596,8,1573,scenario2
S2_reprodscen2_4,74000001,142369844480,57498621,57497682,8,1573,scenario2
S2_reprodscen2_4,74000001,142369913088,31248623,31247758,8,1573,scenario2
S2_reprodscen2_4,74000001,142510628352,115770157,115768426,4,1581,scenario2
S2_reprodscen2_4,74000001,142510723584,88548219,88546925,4,1581,scenario2
S2_reprodscen2_4,74000001,142510793984,58522530,58521370,4,1581,scenario2
S2_reprodscen2_4,74000001,142510860032,28811315,28810191,4,1581,scenario2
S2_reprodscen2_4,74000001,142560123904,26617114,26615549,1,1585,scenario2
S2_reprodscen2_4,74000001,142595865088,24455334,24453836,1,1586,scenario2
S2_reprodscen2_4,74000001,143014386432,223580628,223578925,8,1587,scenario2
S2_reprodscen2_4,74000001,143014483968,195313492,195312307,8,1587,scenario2
S2_reprodscen2_4,74000001,143014587136,167132146,167131007,8,1587,scenario2
S2_reprodscen2_4,74000001,143014667776,142946667,142945651,8,1587,scenario2
S2_reprodscen2_4,74000001,143014732032,114430872,114429795,8,1587,scenario2
S2_reprodscen2_4,74000001,143014801920,86311886,86310998,8,1587,scenario2
S2_reprodscen2_4,74000001,143014868224,59006029,59005009,8,1587,scenario2
S2_reprodscen2_4,74000001,143014942464,30109256,30108102,8,1587,scenario2
S2_reprodscen2_4,74000001,143073857024,58852878,58851792,2,1595,scenario2
S2_reprodscen2_4,74000001,143073958912,58955892,29622921,2,1595,scenario2
S2_reprodscen2_4,74000001,143244009984,28415940,28414320,1,1597,scenario2
S2_reprodscen2_4,74000001,143455663872,211547422,211546170,8,1598,scenario2
S2_reprodscen2_4,74000001,143455754240,185340439,185339419,8,1598,scenario2
S2_reprodscen2_4,74000001,143455863552,157898141,157897114,8,1598,scenario2
S2_reprodscen2_4,74000001,143455938304,131809378,131808431,8,1598,scenario2
S2_reprodscen2_4,74000001,143456001280,107744425,107743611,8,1598,scenario2
S2_reprodscen2_4,74000001,143456066304,80213238,80212125,8,1598,scenario2
S2_reprodscen2_4,74000001,143456134656,53148481,53147406,8,1598,scenario2
S2_reprodscen2_4,74000001,143456199936,28246550,28245483,8,1598,scenario2
S2_reprodscen2_4,74000001,143597092608,140826798,140825612,5,1606,scenario2
S2_reprodscen2_4,74000001,143597195264,140930536,112637594,5,1606,scenario2
S2_reprodscen2_4,74000001,143625479168,111064518,111063359,6,1606,scenario2
S2_reprodscen2_4,74000001,143625569536,111155750,84289661,6,1606,scenario2
S2_reprodscen2_4,74000001,143625663488,56374798,56373568,6,1606,scenario2
S2_reprodscen2_4,74000001,143653965568,56655713,56654372,3,1610,scenario2
S2_reprodscen2_4,74000001,143710254336,84511380,84510219,3,1612,scenario2
S2_reprodscen2_4,74000001,143710355712,56268327,56267180,3,1612,scenario2
S2_reprodscen2_4,74000001,143710439168,29350978,29349892,3,1612,scenario2
S2_reprodscen2_4,74000001,144072877568,165632122,165630397,6,1615,scenario2
S2_reprodscen2_4,74000001,144072994560,138559715,138558511,6,1615,scenario2
S2_reprodscen2_4,74000001,144073104384,109346672,109345538,6,1615,scenario2
S2_reprodscen2_4,74000001,144073173504,82878190,82877021,6,1615,scenario2
S2_reprodscen2_4,74000001,144073236224,55889852,55888795,6,1615,scenario2
S2_reprodscen2_4,74000001,144073301504,27243292,27242143,6,1615,scenario2
S2_reprodscen2_4,74000001,144470908160,221747671,221745899,8,1621,scenario2
S2_reprodscen2_4,74000001,144471017472,190688398,190687106,8,1621,scenario2
S2_reprodscen2_4,74000001,144471093248,161510918,161509993,8,1621,scenario2
S2_reprodscen2_4,74000001,144471156736,135311877,135310917,8,1621,scenario2
S2_reprodscen2_4,74000001,144471223040,107423152,107421966,8,1621,scenario2
S2_reprodscen2_4,74000001,144471283456,82023709,82022504,8,1621,scenario2
S2_reprodscen2_4,74000001,144471348992,56286770,56285581,8,1621,scenario2
S2_reprodscen2_4,74000001,144471416576,28103630,28102508,8,1621,scenario2
S2_reprodscen2_4,74000001,144651427072,179939170,179938015,6,1629,scenario2
S2_reprodscen2_4,74000001,144680151296,208664607,178418419,7,1629,scenario2
S2_reprodscen2_4,74000001,144680244224,147183589,147182542,7,1629,scenario2
S2_reprodscen2_4,74000001,144680332032,147272212,115180383,7,1629,scenario2
S2_reprodscen2_4,74000001,144680400896,85992885,85991773,7,1629,scenario2
S2_reprodscen2_4,74000001,144680462080,86055308,58861590,7,1629,scenario2
S2_reprodscen2_4,74000001,144871508224,219951997,219950265,8,1635,scenario2
S2_reprodscen2_4,74000001,144871613440,191076830,191075704,8,1635,scenario2
S2_reprodscen2_4,74000001,144871702016,164131300,164130207,8,1635,scenario2
S2_reprodscen2_4,74000001,144871772416,137550492,137549456,8,1635,scenario2
S2_reprodscen2_4,74000001,144871836160,108438178,108436986,8,1635,scenario2
S2_reprodscen2_4,74000001,144871906816,81954203,81952943,8,1635,scenario2
S2_reprodscen2_4,74000001,144871969792,55137365,55136222,8,1635,scenario2
S2_reprodscen2_4,74000001,144872034816,29579023,29578093,8,1635,scenario2
S2_reprodscen2_4,74000001,144930306048,58205930,58204647,2,1643,scenario2
S2_reprodscen2_4,74000001,144930423296,27365378,27364295,1,1644,scenario2
S2_reprodscen2_4,74000001,145081628672,29986436,29984961,1,1645,scenario2
S2_reprodscen2_4,74000001,145300681472,138587295,138585732,5,1646,scenario2
S2_reprodscen2_4,74000001,145300775936,111812593,111811369,5,1646,scenario2
S2_reprodscen2_4,74000001,145300880640,82624852,82623654,5,1646,scenario2
S2_reprodscen2_4,74000001,145300957696,57438507,57437594,5,1646,scenario2
S2_reprodscen2_4,74000001,145301023488,28361195,28360010,5,1646,scenario2
S2_reprodscen2_4,74000001,145699213568,191857630,191856020,7,1651,scenario2
S2_reprodscen2_4,74000001,145757183232,220102492,220101141,8,1652,scenario2
S2_reprodscen2_4,74000001,145757284608,192472079,192471125,8,1652,scenario2
S2_reprodscen2_4,74000001,145757406720,164871470,164870301,8,1652,scenario2
S2_reprodscen2_4,74000001,145757477888,137954090,137952973,8,1652,scenario2
S2_reprodscen2_4,74000001,145757552128,110137747,110136623,8,1652,scenario2
S2_reprodscen2_4,74000001,145757619200,83619789,83618639,8,1652,scenario2
S2_reprodscen2_4,74000001,145757684480,58334263,58333080,8,1652,scenario2
S2_reprodscen2_4,74000001,145757752064,29624766,29623573,8,1652,scenario2
S2_reprodscen2_4,74000001,145866974208,109157171,109156077,4,1660,scenario2
S2_reprodscen2_4,74000001,145867079936,109264080,81720346,4,1660,scenario2
S2_reprodscen2_4,74000001,145867177216,54399162,54398171,4,1660,scenario2
S2_reprodscen2_4,74000001,145867241472,54464393,28034388,4,1660,scenario2
S2_reprodscen2_4,74000001,146056054272,137533376,137531816,5,1664,scenario2
S2_reprodscen2_4,74000001,146056181504,108591562,108590358,5,1664,scenario2
S2_reprodscen2_4,74000001,146056280320,81040236,81039130,5,1664,scenario2
S2_reprodscen2_4,74000001,146056345856,54182123,54181005,5,1664,scenario2
S2_reprodscen2_4,74000001,146056410624,26859117,26858016,5,1664,scenario2
S2_reprodscen2_4,74000001,146244708352,177980564,177978724,6,1669,scenario2
S2_reprodscen2_4,74000001,146244800256,151366168,151364952,6,1669,scenario2
S2_reprodscen2_4,74000001,146244904960,121509139,121508022,6,1669,scenario2
S2_reprodscen2_4,74000001,146244979456,88480318,88479091,6,1669,scenario2
S2_reprodscen2_4,74000001,146245045760,59352962,59351809,6,1669,scenario2
S2_reprodscen2_4,74000001,146245108480,29997974,29996806,6,1669,scenario2
S2_reprodscen2_4,74000001,146303966464,30351039,30349317,1,1675,scenario2
S2_reprodscen2_4,74000001,146391849728,27659415,27657764,1,1676,scenario2
S2_reprodscen2_4,74000001,146429389056,27818359,27816698,1,1677,scenario2
S2_reprodscen2_4,74000001,146828705024,218979823,218978201,8,1678,scenario2
S2_reprodscen2_4,74000001,146854656256,218017635,218016358,8,1679,scenario2
S2_reprodscen2_4,74000001,146854756864,188121024,188119840,8,1679,scenario2
S2_reprodscen2_4,74000001,146854859264,162395095,162393923,8,1679,scenario2
S2_reprodscen2_4,74000001,146854924800,136392539,136391528,8,1679,scenario2
S2_reprodscen2_4,74000001,146854988544,108601277,108600130,8,1679,scenario2
S2_reprodscen2_4,74000001,146855053824,81699394,81698128,8,1679,scenario2
S2_reprodscen2_4,74000001,146855117568,52989614,52988515,8,1679,scenario2
S2_reprodscen2_4,74000001,146855180032,26330206,26302585,8,1679,scenario2
S2_reprodscen2_4,74000001,146993234432,137988278,137987143,5,1687,scenario2
S2_reprodscen2_4,74000001,147019301632,164056287,135433771,6,1687,scenario2
S2_reprodscen2_4,74000001,147019378688,108806787,108805802,6,1687,scenario2
S2_reprodscen2_4,74000001,147019452672,108881618,78748079,6,1687,scenario2
S2_reprodscen2_4,74000001,147019522048,52417943,52416935,6,1687,scenario2
S2_reprodscen2_4,74000001,147019628032,26277049,26275813,1,1692,scenario2
S2_reprodscen2_4,74000001,147131320832,30894202,30892178,0,1693,scenario2
S2_reprodscen2_4,74000001,147270462976,29555265,29553575,1,1694,scenario2
S2_reprodscen2_4,74000001,147352669184,51865145,51863824,2,1695,scenario2
S2_reprodscen2_4,74000001,147352761344,25424244,25423251,2,1695,scenario2
S2_reprodscen2_4,74000001,147416804096,29169025,29167507,1,1697,scenario2
S2_reprodscen2_4,74000001,147842830336,221550219,221548578,8,1698,scenario2
S2_reprodscen2_4,74000001,147842957056,191750045,191748729,8,1698,scenario2
S2_reprodscen2_4,74000001,147843034880,165124191,165122983,8,1698,scenario2
S2_reprodscen2_4,74000001,147843103232,138325155,138324032,8,1698,scenario2
S2_reprodscen2_4,74000001,147843176704,110261646,110260554,8,1698,scenario2
S2_reprodscen2_4,74000001,147843246592,81984867,81983659,8,1698,scenario2
S2_reprodscen2_4,74000001,147843310848,55255170,55254058,8,1698,scenario2
S2_reprodscen2_4,74000001,147843374336,30897980,30896974,8,1698,scenario2
S2_reprodscen2_4,74000001,147871518720,28079214,28078134,2,1705,scenario2
S2_reprodscen2_4,74000001,147974548224,131109465,102939884,4,1707,scenario2
S2_reprodscen2_4,74000001,148000607232,103524570,103523367,5,1707,scenario2
S2_reprodscen2_4,74000001,148000698112,103616407,76572497,5,1707,scenario2
S2_reprodscen2_4,74000001,148000782080,50371360,50370208,5,1707,scenario2
S2_reprodscen2_4,74000001,148182568704,207854623,207853257,8,1711,scenario2
S2_reprodscen2_4,74000001,148182670080,181791658,181790578,8,1711,scenario2
S2_reprodscen2_4,74000001,148182740480,155775036,155773961,8,1711,scenario2
S2_reprodscen2_4,74000001,148182807040,130391904,130390853,8,1711,scenario2
S2_reprodscen2_4,74000001,148182875648,106208118,106207186,8,1711,scenario2
S2_reprodscen2_4,74000001,148182940928,80545427,80544226,8,1711,scenario2
S2_reprodscen2_4,74000001,148183008512,55475079,55473926,8,1711,scenario2
S2_reprodscen2_4,74000001,148183074560,29492598,29491489,8,1711,scenario2
S2_reprodscen2_4,74000001,148236683264,53535994,53534895,2,1719,scenario2
S2_reprodscen2_4,74000001,148291588864,108442604,81095160,3,1720,scenario2
S2_reprodscen2_4,74000001,148321528576,84753302,84752133,4,1720,scenario2
S2_reprodscen2_4,74000001,148321632000,84857492,56284087,4,1720,scenario2
S2_reprodscen2_4,74000001,148402369536,110683115,110681914,4,1723,scenario2
S2_reprodscen2_4,74000001,148402467328,80731038,80729842,4,1723,scenario2
S2_reprodscen2_4,74000001,148402563328,54683351,54682242,4,1723,scenario2
S2_reprodscen2_4,74000001,148402638592,28341780,28340692,4,1723,scenario2
S2_reprodscen2_4,74000001,148492964352,28851970,28850215,1,1727,scenario2
S2_reprodscen2_4,74000001,148904662784,225668094,225666530,8,1728,scenario2
S2_reprodscen2_4,74000001,148904797184,199897890,199896892,8,1728,scenario2
S2_reprodscen2_4,74000001,148904897280,169076224,169074956,8,1728,scenario2
S2_reprodscen2_4,74000001,148904982528,138159334,138157692,8,1728,scenario2
S2_reprodscen2_4,74000001,148905059328,109884387,109883331,8,1728,scenario2
S2_reprodscen2_4,74000001,148905128448,78345989,78344815,8,1728,scenario2
S2_reprodscen2_4,74000001,148905203200,52806885,52805617,8,1728,scenario2
S2_reprodscen2_4,74000001,148905276672,26036061,26034809,8,1728,scenario2
S2_reprodscen2_4,74000001,149049512448,144166843,144165630,5,1736,scenario2
S2_reprodscen2_4,74000001,149049613824,144269391,117389529,5,1736,scenario2
S2_reprodscen2_4,74000001,149049720320,89768759,89755494,5,1736,scenario2
S2_reprodscen2_4,74000001,149049785856,89835105,61444024,5,1736,scenario2
S2_reprodscen2_4,74000001,149049851904,30160122,30159009,5,1736,scenario2
S2_reprodscen2_4,74000001,149463728896,216532917,216531342,8,1741,scenario2
S2_reprodscen2_4,74000001,149463847168,189817400,189816125,8,1741,scenario2
S2_reprodscen2_4,74000001,149463932160,163868511,163867391,8,1741,scenario2
S2_reprodscen2_4,74000001,149464005888,132373428,132372186,8,1741,scenario2
S2_reprodscen2_4,74000001,149464076288,102977230,102976119,8,1741,scenario2
S2_reprodscen2_4,74000001,149464148736,77923282,77922237,8,1741,scenario2
S2_reprodscen2_4,74000001,149464217856,53428526,53427509,8,1741,scenario2
S2_reprodscen2_4,74000001,149464289024,26340692,26339565,8,1741,scenario2
S2_reprodscen2_4,74000001,149491769088,27413128,27411950,7,1744,scenario2
S2_reprodscen2_4,74000001,149547935232,83580231,56062474,2,1750,scenario2
S2_reprodscen2_4,74000001,149576100608,57651222,57649878,3,1750,scenario2
S2_reprodscen2_4,74000001,149768102144,220046548,220045133,8,1752,scenario2
S2_reprodscen2_4,74000001,149768203520,191973067,191971941,8,1752,scenario2
S2_reprodscen2_4,74000001,149768305920,164825274,164824115,8,1752,scenario2
S2_reprodscen2_4,74000001,149768369920,138667761,138666667,8,1752,scenario2
S2_reprodscen2_4,74000001,149768436480,112120309,112119261,8,1752,scenario2
S2_reprodscen2_4,74000001,149768499200,86274254,86273086,8,1752,scenario2
S2_reprodscen2_4,74000001,149768560384,56961688,56960576,8,1752,scenario2
S2_reprodscen2_4,74000001,149768625408,28559181,28557972,8,1752,scenario2
S2_reprodscen2_4,74000001,149821959680,53268809,53267592,2,1760,scenario2
S2_reprodscen2_4,74000001,149848412672,53152087,53151151,3,1761,scenario2
S2_reprodscen2_4,74000001,149848502016,26439897,26438880,1,1762,scenario2
S2_reprodscen2_4,74000001,149944873472,59756436,59754838,2,1763,scenario2
S2_reprodscen2_4,74000001,149944970752,28190626,28189323,2,1763,scenario2
S2_reprodscen2_4,74000001,150069961472,26742287,26740748,1,1765,scenario2
S2_reprodscen2_4,74000001,150601193984,222177923,222176127,8,1766,scenario2
S2_reprodscen2_4,74000001,150601326080,192682653,192681209,8,1766,scenario2
S2_reprodscen2_4,74000001,150601407488,165390324,165389141,8,1766,scenario2
S2_reprodscen2_4,74000001,150601484288,138975841,138974676,8,1766,scenario2
S2_reprodscen2_4,74000001,150601553920,109231107,109229909,8,1766,scenario2
S2_reprodscen2_4,74000001,150601627904,81921627,81920446,8,1766,scenario2
S2_reprodscen2_4,74000001,150601693440,56035125,56034004,8,1766,scenario2
S2_reprodscen2_4,74000001,150601757696,28339714,28338534,8,1766,scenario2
S2_reprodscen2_4,74000001,150653876480,52055800,52054254,1,1774,scenario2
S2_reprodscen2_4,74000001,150738766080,136946328,111100883,4,1775,scenario2
S2_reprodscen2_4,74000001,150738881792,84891212,84890127,4,1775,scenario2
S2_reprodscen2_4,74000001,150738960128,84970324,55647329,4,1775,scenario2
S2_reprodscen2_4,74000001,150931496192,221590618,221589264,8,1778,scenario2
S2_reprodscen2_4,74000001,150931601152,192556559,192555430,8,1778,scenario2
S2_reprodscen2_4,74000001,150931680256,163475082,163474021,8,1778,scenario2
S2_reprodscen2_4,74000001,150931744768,138342944,138341820,8,1778,scenario2
S2_reprodscen2_4,74000001,150931808768,108029883,108028721,8,1778,scenario2
S2_reprodscen2_4,74000001,150931877888,80786433,80785299,8,1778,scenario2
S2_reprodscen2_4,74000001,150931941120,55256196,55255088,8,1778,scenario2
S2_reprodscen2_4,74000001,150932004096,26281037,26279961,8,1778,scenario2
S2_reprodscen2_4,74000001,151012642304,80575927,80574814,3,1786,scenario2
S2_reprodscen2_4,74000001,151012747520,80682193,51682123,3,1786,scenario2
S2_reprodscen2_4,74000001,151012829440,26490792,26489669,3,1786,scenario2
S2_reprodscen2_4,74000001,151091522560,27236122,27234636,1,1789,scenario2
S2_reprodscen2_4,74000001,151326631168,27257506,27255960,1,1790,scenario2
S2_reprodscen2_4,74000001,151570014208,215415790,215414104,8,1791,scenario2
S2_reprodscen2_4,74000001,151570156544,191393694,191392464,8,1791,scenario2
S2_reprodscen2_4,74000001,151570243328,163634408,163633140,8,1791,scenario2
S2_reprodscen2_4,74000001,151570323456,138583239,138582000,8,1791,scenario2
S2_reprodscen2_4,74000001,151570389248,112980994,112979561,8,1791,scenario2
S2_reprodscen2_4,74000001,151570454016,82452614,82451479,8,1791,scenario2
S2_reprodscen2_4,74000001,151570526208,54733961,54732721,8,1791,scenario2
S2_reprodscen2_4,74000001,151570601984,27494702,27493358,8,1791,scenario2
S2_reprodscen2_4,74000001,151676960768,106292379,106291060,4,1799,scenario2
S2_reprodscen2_4,74000001,151677069056,106401978,78728618,4,1799,scenario2
S2_reprodscen2_4,74000001,151677140224,54693704,54692686,4,1799,scenario2
S2_reprodscen2_4,74000001,151705724928,83279332,55512750,5,1799,scenario2
S2_reprodscen2_4,74000001,151705832704,28608153,28607024,5,1800,scenario2
S2_reprodscen2_4,74000001,151785733120,79813931,79812801,3,1804,scenario2
S2_reprodscen2_4,74000001,151785837824,52606545,52605396,3,1804,scenario2
S2_reprodscen2_4,74000001,151785926656,27450000,27448889,3,1804,scenario2
S2_reprodscen2_4,74000001,152073570048,166933390,166931754,6,1807,scenario2
S2_reprodscen2_4,74000001,152073675520,138516021,138514871,6,1807,scenario2
S2_reprodscen2_4,74000001,152073753600,109834748,109833615,6,1807,scenario2
S2_reprodscen2_4,74000001,152073828864,83748978,83747770,6,1807,scenario2
S2_reprodscen2_4,74000001,152073891072,55370285,55369133,6,1807,scenario2
S2_reprodscen2_4,74000001,152073963520,25937399,25936311,6,1807,scenario2
S2_reprodscen2_4,74000001,152142395904,26317870,26316152,1,1813,scenario2
S2_reprodscen2_4,74000001,152233272064,54359139,54357389,2,1814,scenario2
S2_reprodscen2_4,74000001,152233388288,27325013,27323689,2,1814,scenario2
S2_reprodscen2_4,74000001,152281012736,31709949,31708376,1,1816,scenario2
S2_reprodscen2_4,74000001,152316656128,29651720,29650055,1,1817,scenario2
S2_reprodscen2_4,74000001,152412078080,27894816,27893071,1,1818,scenario2
S2_reprodscen2_4,74000001,152462767360,26600336,26598600,1,1819,scenario2
S2_reprodscen2_4,74000001,152535323136,29169086,29167374,1,1820,scenario2
S2_reprodscen2_4,74000001,152940448256,213890906,213889261,8,1821,scenario2
S2_reprodscen2_4,74000001,152940553216,185813921,185812195,8,1821,scenario2
S2_reprodscen2_4,74000001,152940625920,160281347,160280239,8,1821,scenario2
S2_reprodscen2_4,74000001,152940690176,134521199,134520059,8,1821,scenario2
S2_reprodscen2_4,74000001,152940752384,106118651,106117487,8,1821,scenario2
S2_reprodscen2_4,74000001,152940817152,80491707,80490580,8,1821,scenario2
S2_reprodscen2_4,74000001,152940893440,54909770,54908557,8,1821,scenario2
S2_reprodscen2_4,74000001,152940957440,27255118,27253898,8,1821,scenario2
S2_reprodscen2_4,74000001,153163901184,222878059,222876912,8,1829,scenario2
S2_reprodscen2_4,74000001,153164010496,222988382,195110864,8,1829,scenario2
S2_reprodscen2_4,74000001,153164084736,166179372,166178147,8,1829,scenario2
S2_reprodscen2_4,74000001,153192636672,165412312,165411114,9,1829,scenario2
S2_reprodscen2_4,74000001,153192754688,165531282,136642190,9,1829,scenario2
S2_reprodscen2_4,74000001,153192817920,111022732,111021761,9,1829,scenario2
S2_reprodscen2_4,74000001,153192879104,111084769,81167803,9,1829,scenario2
S2_reprodscen2_4,74000001,153192939008,55657209,55656094,9,1829,scenario2
S2_reprodscen2_4,74000001,153352526080,188365710,188364523,7,1837,scenario2
S2_reprodscen2_4,74000001,153352631552,159613613,159612416,7,1837,scenario2
S2_reprodscen2_4,74000001,153352696576,133205238,133204237,7,1837,scenario2
S2_reprodscen2_4,74000001,153352767488,107722414,107721577,7,1837,scenario2
S2_reprodscen2_4,74000001,153352829184,80639924,80638789,7,1837,scenario2
S2_reprodscen2_4,74000001,153352889856,53450898,53449663,7,1837,scenario2
S2_reprodscen2_4,74000001,153352953344,26341626,26340711,7,1837,scenario2
S2_reprodscen2_4,74000001,153690972928,187792258,187790629,7,1844,scenario2
S2_reprodscen2_4,74000001,153691097088,159536487,159535120,7,1844,scenario2
S2_reprodscen2_4,74000001,153691183104,131608609,131607412,7,1844,scenario2
S2_reprodscen2_4,74000001,153691257088,107192162,107191110,7,1844,scenario2
S2_reprodscen2_4,74000001,153691333120,83158469,83157646,7,1844,scenario2
S2_reprodscen2_4,74000001,153691402240,55892069,55891008,7,1844,scenario2
S2_reprodscen2_4,74000001,153691467520,28394411,28393340,7,1844,scenario2
S2_reprodscen2_4,74000001,154038038528,214721258,214719521,8,1851,scenario2
S2_reprodscen2_4,74000001,154038146560,186983870,186982571,8,1851,scenario2
S2_reprodscen2_4,74000001,154038220032,157717096,157715925,8,1851,scenario2
S2_reprodscen2_4,74000001,154038290432,131510702,131509525,8,1851,scenario2
S2_reprodscen2_4,74000001,154038369280,103221995,103220963,8,1851,scenario2
S2_reprodscen2_4,74000001,154038439936,77535609,77534465,8,1851,scenario2
S2_reprodscen2_4,74000001,154038505728,52967136,52966278,8,1851,scenario2
S2_reprodscen2_4,74000001,154038570240,29438671,29437810,8,1851,scenario2
S2_reprodscen2_4,74000001,154068754688,30115072,30113972,6,1854,scenario2
S2_reprodscen2_4,74000001,154094767360,56128829,25907257,1,1860,scenario2
S2_reprodscen2_4,74000001,154146837504,51922734,51921546,2,1861,scenario2
S2_reprodscen2_4,74000001,154146943488,25703352,25702170,2,1861,scenario2
S2_reprodscen2_4,74000001,154452918016,164683999,164682249,6,1863,scenario2
S2_reprodscen2_4,74000001,154453025280,137652220,137650913,6,1863,scenario2
S2_reprodscen2_4,74000001,154453114624,111779474,111778436,6,1863,scenario2
S2_reprodscen2_4,74000001,154453188864,83042839,83041451,6,1863,scenario2
S2_reprodscen2_4,74000001,154453264640,56529773,56528391,6,1863,scenario2
S2_reprodscen2_4,74000001,154453336576,28478057,28477010,6,1863,scenario2
S2_reprodscen2_4,74000001,154652085760,197369496,197367736,7,1869,scenario2
S2_reprodscen2_4,74000001,154652182528,168767373,168765855,7,1869,scenario2
S2_reprodscen2_4,74000001,154652258560,139739326,139738155,7,1869,scenario2
S2_reprodscen2_4,74000001,154652327168,109164947,109163761,7,1869,scenario2
S2_reprodscen2_4,74000001,154652398592,81750445,81749177,7,1869,scenario2
S2_reprodscen2_4,74000001,154652471296,54087525,54086008,7,1869,scenario2
S2_reprodscen2_4,74000001,154652539136,28654043,28652992,7,1869,scenario2
S2_reprodscen2_4,74000001,155050256384,223866734,223865019,8,1876,scenario2
S2_reprodscen2_4,74000001,155050349056,195462614,195461281,8,1876,scenario2
S2_reprodscen2_4,74000001,155050427904,169839555,169838470,8,1876,scenario2
S2_reprodscen2_4,74000001,155050493184,139937461,139936304,8,1876,scenario2
S2_reprodscen2_4,74000001,155050555392,112138278,112137182,8,1876,scenario2
S2_reprodscen2_4,74000001,155050622720,84458232,84457383,8,1876,scenario2
S2_reprodscen2_4,74000001,155050686976,58828990,58827877,8,1876,scenario2
S2_reprodscen2_4,74000001,155050750464,30758203,30757089,8,1876,scenario2
S2_reprodscen2_4,74000001,155078243840,27429959,27428770,1,1884,scenario2
S2_reprodscen2_4,74000001,155174717952,52921428,52919741,2,1885,scenario2
S2_reprodscen2_4,74000001,155201422848,54009199,54007963,2,1886,scenario2
S2_reprodscen2_4,74000001,155201520640,26683702,26681584,2,1886,scenario2
S2_reprodscen2_4,74000001,155284994048,28919255,28917679,1,1888,scenario2
S2_reprodscen2_4,74000001,155687227648,213821047,213819385,8,1889,scenario2
S2_reprodscen2_4,74000001,155687350528,186202861,186201717,8,1889,scenario2
S2_reprodscen2_4,74000001,155687447808,159859960,159858655,8,1889,scenario2
S2_reprodscen2_4,74000001,155687516672,131850155,131848958,8,1889,scenario2
S2_reprodscen2_4,74000001,155687591424,104432165,104430642,8,1889,scenario2
S2_reprodscen2_4,74000001,155687663616,77551628,77550594,8,1889,scenario2
S2_reprodscen2_4,74000001,155687734272,52527298,52525987,8,1889,scenario2
S2_reprodscen2_4,74000001,155687803392,27047434,27046282,8,1889,scenario2
S2_reprodscen2_4,74000001,155854177536,166312152,166310740,5,1897,scenario2
S2_reprodscen2_4,74000001,155854282240,166417857,135146493,5,1898,scenario2
S2_reprodscen2_4,74000001,155880997888,132727226,132726121,6,1898,scenario2
S2_reprodscen2_4,74000001,155881086208,132816334,105914866,6,1898,scenario2
S2_reprodscen2_4,74000001,155881198336,78958286,78956577,6,1898,scenario2
S2_reprodscen2_4,74000001,155881264384,79025213,52099990,6,1898,scenario2
S2_reprodscen2_4,74000001,155881339648,26949398,26947796,1,1903,scenario2
S2_reprodscen2_4,74000001,156243470848,230407798,230406040,8,1904,scenario2
S2_reprodscen2_4,74000001,156243597824,197942964,197941662,8,1904,scenario2
S2_reprodscen2_4,74000001,156243677696,169342727,169341647,8,1904,scenario2
S2_reprodscen2_4,74000001,156243751424,140193381,140192118,8,1904,scenario2
S2_reprodscen2_4,74000001,156244025856,112327437,112326182,8,1904,scenario2
S2_reprodscen2_4,74000001,156244118016,82711711,82710171,8,1904,scenario2
S2_reprodscen2_4,74000001,156244191232,55947461,55946248,8,1904,scenario2
S2_reprodscen2_4,74000001,156244264704,28348831,28347738,8,1904,scenario2
S2_reprodscen2_4,74000001,156418669056,174338352,174337227,6,1912,scenario2
S2_reprodscen2_4,74000001,156418764032,174434407,146093753,6,1912,scenario2
S2_reprodscen2_4,74000001,156418864896,118009054,118007881,6,1912,scenario2
S2_reprodscen2_4,74000001,156418928384,118073330,85871403,6,1912,scenario2
S2_reprodscen2_4,74000001,156418994688,58562513,58561323,6,1912,scenario2
S2_reprodscen2_4,74000001,156419069440,31204397,31203044,6,1912,scenario2
S2_reprodscen2_4,74000001,156727538944,239632815,239631133,8,1918,scenario2
S2_reprodscen2_4,74000001,156727643648,213356624,213355514,8,1918,scenario2
S2_reprodscen2_4,74000001,156727752960,188397025,188395888,8,1918,scenario2
S2_reprodscen2_4,74000001,156727838976,159160535,159159241,8,1918,scenario2
S2_reprodscen2_4,74000001,156727908864,129440116,129438798,8,1918,scenario2
S2_reprodscen2_4,74000001,156727977216,100192033,100190766,8,1918,scenario2
S2_reprodscen2_4,74000001,156728045312,68676851,68675368,8,1918,scenario2
S2_reprodscen2_4,74000001,156728108544,34663777,34662399,8,1918,scenario2
S2_reprodscen2_4,74000001,156755193856,27021444,27020130,2,1926,scenario2
S2_reprodscen2_4,74000001,156967879936,164036475,164034825,6,1927,scenario2
S2_reprodscen2_4,74000001,156967983360,137445896,137444700,6,1927,scenario2
S2_reprodscen2_4,74000001,156968078080,108749694,108748464,6,1927,scenario2
S2_reprodscen2_4,74000001,156968143360,82993426,82992234,6,1927,scenario2
S2_reprodscen2_4,74000001,156968205568,56071775,56070657,6,1927,scenario2
S2_reprodscen2_4,74000001,156968269312,30632502,30631477,6,1927,scenario2
S2_reprodscen2_4,74000001,157196797696,78934144,78932564,3,1933,scenario2
S2_reprodscen2_4,74000001,157196902144,50822911,50821629,3,1933,scenario2
S2_reprodscen2_4,74000001,157197001728,25797371,25796349,3,1933,scenario2
S2_reprodscen2_4,74000001,157534807552,222567654,222565776,8,1936,scenario2
S2_reprodscen2_4,74000001,157534897920,194517080,194515896,8,1936,scenario2
S2_reprodscen2_4,74000001,157535002368,168628431,168627068,8,1936,scenario2
S2_reprodscen2_4,74000001,157535074560,141078213,141077149,8,1936,scenario2
S2_reprodscen2_4,74000001,157535149568,114252023,114250633,8,1936,scenario2
S2_reprodscen2_4,74000001,157535224576,89022238,89021169,8,1936,scenario2
S2_reprodscen2_4,74000001,157535296256,60036357,60035193,8,1936,scenario2
S2_reprodscen2_4,74000001,157535370752,31447774,31446612,8,1936,scenario2
S2_reprodscen2_4,74000001,157616208384,80794369,80793323,3,1944,scenario2
S2_reprodscen2_4,74000001,157616296192,80883351,53072988,3,1944,scenario2
S2_reprodscen2_4,74000001,157673122816,84009721,84008540,3,1946,scenario2
S2_reprodscen2_4,74000001,157673240320,56820768,56819442,3,1946,scenario2
S2_reprodscen2_4,74000001,157673337600,30155277,30153790,3,1946,scenario2
S2_reprodscen2_4,74000001,157732585984,25674305,25672747,1,1949,scenario2
S2_reprodscen2_4,74000001,157899582976,107944577,107942866,4,1950,scenario2
S2_reprodscen2_4,74000001,157899660032,78612533,78611301,4,1950,scenario2
S2_reprodscen2_4,74000001,157899743488,54431683,54430461,4,1950,scenario2
S2_reprodscen2_4,74000001,157899809024,28734954,28733746,4,1950,scenario2
S2_reprodscen2_4,74000001,158036939008,82124594,82123072,3,1954,scenario2
S2_reprodscen2_4,74000001,158037041408,56110577,56109315,3,1954,scenario2
S2_reprodscen2_4,74000001,158037138944,25722807,25721223,3,1954,scenario2
S2_reprodscen2_4,74000001,158175419392,55313484,55311787,2,1957,scenario2
S2_reprodscen2_4,74000001,158175533056,27299366,27297938,2,1957,scenario2
S2_reprodscen2_4,74000001,158242183936,55838494,55836908,2,1959,scenario2
S2_reprodscen2_4,74000001,158242290432,29273992,29272563,2,1959,scenario2
S2_reprodscen2_4,74000001,158489384192,135908833,135907140,5,1961,scenario2
S2_reprodscen2_4,74000001,158489511424,109275052,109274033,5,1961,scenario2
S2_reprodscen2_4,74000001,158489585920,82009100,82008012,5,1961,scenario2
S2_reprodscen2_4,74000001,158489657344,55337611,55336518,5,1961,scenario2
S2_reprodscen2_4,74000001,158489726464,27345107,27343917,5,1961,scenario2
S2_reprodscen2_4,74000001,158597366784,106590765,106589242,4,1966,scenario2
S2_reprodscen2_4,74000001,158597471488,79095884,79094629,4,1966,scenario2
S2_reprodscen2_4,74000001,158597549568,53066535,53065410,4,1966,scenario2
S2_reprodscen2_4,74000001,158597616896,25857735,25844552,4,1966,scenario2
S2_reprodscen2_4,74000001,158922673152,214403829,214402097,8,1970,scenario2
S2_reprodscen2_4,74000001,158922748160,188770390,188769191,8,1970,scenario2
S2_reprodscen2_4,74000001,158922819584,161514407,161513247,8,1970,scenario2
S2_reprodscen2_4,74000001,158922887168,134259910,134258720,8,1970,scenario2
S2_reprodscen2_4,74000001,158922952448,107164085,107162885,8,1970,scenario2
S2_reprodscen2_4,74000001,158923014912,81344186,81343072,8,1970,scenario2
S2_reprodscen2_4,74000001,158923078912,54401389,54400196,8,1970,scenario2
S2_reprodscen2_4,74000001,158923144192,26730743,26729563,8,1970,scenario2
S2_reprodscen2_4,74000001,159007014656,83807158,83806055,3,1978,scenario2
S2_reprodscen2_4,74000001,159007131392,83925071,53802759,3,1978,scenario2
S2_reprodscen2_4,74000001,159007195904,28337394,28336157,3,1978,scenario2
S2_reprodscen2_4,74000001,159102555904,26725456,26723900,1,1981,scenario2
S2_reprodscen2_4,74000001,159263726336,25834510,25832971,1,1982,scenario2
S2_reprodscen2_4,74000001,159294742272,26853758,26852063,1,1983,scenario2
S2_reprodscen2_4,74000001,159365457408,54221187,54219629,2,1984,scenario2
S2_reprodscen2_4,74000001,159365564160,26117404,26116029,2,1984,scenario2
S2_reprodscen2_4,74000001,159413581824,24072920,24071387,1,1986,scenario2
S2_reprodscen2_4,74000001,159537393664,87335575,87333607,3,1987,scenario2
S2_reprodscen2_4,74000001,159537484032,55997151,55995814,3,1987,scenario2
S2_reprodscen2_4,74000001,159537557504,27765616,27764388,3,1987,scenario2
S2_reprodscen2_4,74000001,159681975552,81859362,81857794,3,1990,scenario2
S2_reprodscen2_4,74000001,159682091520,50704893,50703664,3,1990,scenario2
S2_reprodscen2_4,74000001,159682169344,25570910,25570057,3,1990,scenario2
S2_reprodscen2_4,74000001,159725600768,28232269,28230382,1,1993,scenario2
S2_reprodscen2_4,74000001,159988665856,27588932,27586057,1,1994,scenario2
S2_reprodscen2_4,74000001,160040386560,28208915,28206934,0,1995,scenario2
S2_reprodscen2_4,74000001,160257654016,217147013,217145450,8,1996,scenario2
S2_reprodscen2_4,74000001,160257774848,193316892,193315347,8,1996,scenario2
S2_reprodscen2_4,74000001,160257877248,167776186,167774984,8,1996,scenario2
S2_reprodscen2_4,74000001,160257949952,141127096,141125992,8,1996,scenario2
S2_reprodscen2_4,74000001,160258020608,112455677,112454501,8,1996,scenario2
S2_reprodscen2_4,74000001,160258090240,85033809,85032664,8,1996,scenario2
S2_reprodscen2_4,74000001,160258158336,58149946,58148816,8,1996,scenario2
S2_reprodscen2_4,74000001,160258227456,30899785,30898515,8,1996,scenario2
S2_reprodscen2_4,74000001,160425556224,167257698,167256396,6,2004,scenario2
S2_reprodscen2_4,74000001,160425668352,167370868,139034724,6,2004,scenario2
S2_reprodscen2_4,74000001,160425764352,108564368,108563124,6,2004,scenario2
S2_reprodscen2_4,74000001,160425835776,108636730,81020190,6,2004,scenario2
S2_reprodscen2_4,74000001,160425903360,53048389,53047112,6,2004,scenario2
S2_reprodscen2_4,74000001,160425987584,27800282,27799187,3,2008,scenario2
S2_reprodscen2_4,74000001,160672542720,214394068,214392379,8,2010,scenario2
S2_reprodscen2_4,74000001,160672707072,189682156,189680916,8,2010,scenario2
S2_reprodscen2_4,74000001,160672787968,163402220,163400901,8,2010,scenario2
S2_reprodscen2_4,74000001,160672858112,136036871,136035569,8,2010,scenario2
S2_reprodscen2_4,74000001,160672938496,106946332,106945057,8,2010,scenario2
S2_reprodscen2_4,74000001,160673009408,80543393,80542079,8,2010,scenario2
S2_reprodscen2_4,74000001,160673083904,53662871,53661358,8,2010,scenario2
S2_reprodscen2_4,74000001,160673150976,26420440,26419072,8,2010,scenario2
S2_reprodscen2_4,74000001,160727494656,54272765,54271654,2,2018,scenario2
S2_reprodscen2_4,74000001,160727598336,54377562,26792108,2,2018,scenario2
S2_reprodscen2_4,74000001,161000632320,215601580,215599489,8,2020,scenario2
S2_reprodscen2_4,74000001,161000733696,188819475,188818238,8,2020,scenario2
S2_reprodscen2_4,74000001,161000821760,158883244,158882089,8,2020,scenario2
S2_reprodscen2_4,74000001,161000884992,134143559,134142458,8,2020,scenario2
S2_reprodscen2_4,74000001,161000946944,107182265,107181094,8,2020,scenario2
S2_reprodscen2_4,74000001,161001014784,80605090,80603890,8,2020,scenario2
S2_reprodscen2_4,74000001,161001075968,52629836,52628733,8,2020,scenario2
S2_reprodscen2_4,74000001,161001137408,26326322,26325242,8,2020,scenario2
S2_reprodscen2_4,74000001,161199137024,24803744,24802081,1,2028,scenario2
S2_reprodscen2_4,74000001,161250799872,29028431,29026616,1,2029,scenario2
S2_reprodscen2_4,74000001,161278964480,25728070,25726432,1,2030,scenario2
S2_reprodscen2_4,74000001,161309903104,25237229,25235567,1,2031,scenario2
S2_reprodscen2_4,74000001,161345088768,28320929,28319188,1,2032,scenario2
S2_reprodscen2_4,74000001,161424907264,27766229,27764241,1,2033,scenario2
S2_reprodscen2_4,74000001,161884507904,217656918,217654871,8,2034,scenario2
S2_reprodscen2_4,74000001,161912327168,216726451,216725164,8,2035,scenario2
S2_reprodscen2_4,74000001,161912414208,189561972,189560769,8,2035,scenario2
S2_reprodscen2_4,74000001,161912515072,162309959,162308647,8,2035,scenario2
S2_reprodscen2_4,74000001,161912599808,134603487,134602243,8,2035,scenario2
S2_reprodscen2_4,74000001,161912678144,108083751,108082474,8,2035,scenario2
S2_reprodscen2_4,74000001,161912749056,82771409,82770222,8,2035,scenario2
S2_reprodscen2_4,74000001,161912817664,54309570,54308333,8,2035,scenario2
S2_reprodscen2_4,74000001,161912884992,28259911,28257832,8,2035,scenario2
S2_reprodscen2_4,74000001,162050399232,137446578,137445343,5,2043,scenario2
S2_reprodscen2_4,74000001,162079255552,166304052,137856535,6,2043,scenario2
S2_reprodscen2_4,74000001,162079333632,110859196,110858212,6,2043,scenario2
S2_reprodscen2_4,74000001,162079438080,110964496,83144505,6,2043,scenario2
S2_reprodscen2_4,74000001,162079508992,55761207,55759946,6,2043,scenario2
S2_reprodscen2_4,74000001,162160967168,110432755,110431398,4,2048,scenario2
S2_reprodscen2_4,74000001,162161071616,81482502,81481298,4,2048,scenario2
S2_reprodscen2_4,74000001,162161167872,52773550,52772209,4,2048,scenario2
S2_reprodscen2_4,74000001,162161241856,25411500,25410218,4,2048,scenario2
S2_reprodscen2_4,74000001,162292993792,54100902,54099334,2,2052,scenario2
S2_reprodscen2_4,74000001,162293086464,25693495,25692262,2,2052,scenario2
S2_reprodscen2_4,74000001,162500383232,140516522,140514979,5,2054,scenario2
S2_reprodscen2_4,74000001,162500507392,110967657,110966467,5,2054,scenario2
S2_reprodscen2_4,74000001,162500608000,83829793,83828596,5,2054,scenario2
S2_reprodscen2_4,74000001,162500681728,53665233,53663945,5,2054,scenario2
S2_reprodscen2_4,74000001,162500750848,28564734,28563422,5,2054,scenario2
S2_reprodscen2_4,74000001,162633195008,80909834,80908268,3,2059,scenario2
S2_reprodscen2_4,74000001,162633298944,57324150,57323164,3,2059,scenario2
S2_reprodscen2_4,74000001,162633400320,30194511,30193276,3,2059,scenario2
S2_reprodscen2_4,74000001,162748422912,81187101,81185508,3,2062,scenario2
S2_reprodscen2_4,74000001,162748557312,53593303,53591889,3,2062,scenario2
S2_reprodscen2_4,74000001,162748633600,27053645,27052389,3,2062,scenario2
S2_reprodscen2_4,74000001,163151035392,221121950,221120222,8,2065,scenario2
S2_reprodscen2_4,74000001,163151129344,194654326,194653091,8,2065,scenario2
S2_reprodscen2_4,74000001,163151247872,166995368,166994212,8,2065,scenario2
S2_reprodscen2_4,74000001,163151330304,139764568,139763247,8,2065,scenario2
S2_reprodscen2_4,74000001,163151402240,111943876,111942693,8,2065,scenario2
S2_reprodscen2_4,74000001,163151470080,81695764,81694569,8,2065,scenario2
S2_reprodscen2_4,74000001,163151537152,53948097,53946898,8,2065,scenario2
S2_reprodscen2_4,74000001,163151619328,27617853,27616613,8,2065,scenario2
S2_reprodscen2_4,74000001,163234212608,82514050,82512987,3,2073,scenario2
S2_reprodscen2_4,74000001,163234301952,82604328,54264792,3,2073,scenario2
S2_reprodscen2_4,74000001,163234408448,26636007,26634570,3,2073,scenario2
S2_reprodscen2_4,74000001,163455216640,189684795,189683187,7,2076,scenario2
S2_reprodscen2_4,74000001,163455333120,161372506,161371342,6,2077,scenario2
S2_reprodscen2_4,74000001,163455423488,135514363,135513155,6,2077,scenario2
S2_reprodscen2_4,74000001,163455504384,106338377,106337169,6,2077,scenario2
S2_reprodscen2_4,74000001,163455572736,79672928,79671765,6,2077,scenario2
S2_reprodscen2_4,74000001,163455640320,53409438,53408471,6,2077,scenario2
S2_reprodscen2_4,74000001,163455712000,27845162,27843946,6,2077,scenario2
S2_reprodscen2_4,74000001,163495730688,30461924,30460319,1,2083,scenario2
S2_reprodscen2_4,74000001,163579304192,28608682,28605775,1,2084,scenario2
S2_reprodscen2_4,74000001,163737100544,49778959,49777502,2,2085,scenario2
S2_reprodscen2_4,74000001,163737211136,25091725,25090450,2,2085,scenario2
S2_reprodscen2_4,74000001,163832965120,30417637,30416118,1,2087,scenario2
S2_reprodscen2_4,74000001,164279856640,220526112,220524490,8,2088,scenario2
S2_reprodscen2_4,74000001,164307774464,221006961,221005481,8,2089,scenario2
S2_reprodscen2_4,74000001,164307890432,192083946,192082034,8,2089,scenario2
S2_reprodscen2_4,74000001,164307995136,163125094,163123866,8,2089,scenario2
S2_reprodscen2_4,74000001,164308066304,137708992,137707868,8,2089,scenario2
S2_reprodscen2_4,74000001,164308133376,112746675,112745657,8,2089,scenario2
S2_reprodscen2_4,74000001,164308200704,85894907,85893753,8,2089,scenario2
S2_reprodscen2_4,74000001,164308270336,57901279,57899917,8,2089,scenario2
S2_reprodscen2_4,74000001,164308335872,28374799,28351248,8,2089,scenario2
S2_reprodscen2_4,74000001,164472400128,163998056,163997011,6,2097,scenario2
S2_reprodscen2_4,74000001,164472537856,164136831,134846389,6,2097,scenario2
S2_reprodscen2_4,74000001,164472633088,104253251,104251887,6,2097,scenario2
S2_reprodscen2_4,74000001,164499694848,131315967,106135426,7,2097,scenario2
S2_reprodscen2_4,74000001,164499809024,79965613,79964620,7,2097,scenario2
S2_reprodscen2_4,74000001,164499911168,80068498,54406191,7,2097,scenario2
S2_reprodscen2_4,74000001,164583531776,110808137,110806793,4,2103,scenario2
S2_reprodscen2_4,74000001,164583637248,83636007,83634841,3,2104,scenario2
S2_reprodscen2_4,74000001,164583740416,56380086,56378846,3,2104,scenario2
S2_reprodscen2_4,74000001,164583811840,30370984,30369736,3,2104,scenario2
S2_reprodscen2_4,74000001,164694378752,107824023,107822318,4,2107,scenario2
S2_reprodscen2_4,74000001,164694487552,79409929,79408711,4,2107,scenario2
S2_reprodscen2_4,74000001,164694592000,53495934,53494826,4,2107,scenario2
S2_reprodscen2_4,74000001,164694670080,26759508,26758068,4,2107,scenario2
S2_reprodscen2_4,74000001,164844546816,78632884,78631251,3,2111,scenario2
S2_reprodscen2_4,74000001,164844644352,51070812,51069513,3,2111,scenario2
S2_reprodscen2_4,74000001,164844744192,25616093,25614937,3,2111,scenario2
S2_reprodscen2_4,74000001,164949634560,77487519,77486096,3,2114,scenario2
S2_reprodscen2_4,74000001,164949723904,50621909,50620645,3,2114,scenario2
S2_reprodscen2_4,74000001,164949849856,23907220,23906004,3,2114,scenario2
S2_reprodscen2_4,74000001,165066473984,53724814,53723445,2,2117,scenario2
S2_reprodscen2_4,74000001,165066578432,25151254,25149962,2,2117,scenario2
S2_reprodscen2_4,74000001,165181322752,30627628,30625926,1,2119,scenario2
S2_reprodscen2_4,74000001,165416145152,102620671,102619278,4,2120,scenario2
S2_reprodscen2_4,74000001,165416253952,76175914,76174714,4,2120,scenario2
S2_reprodscen2_4,74000001,165416362752,49649527,49647972,4,2120,scenario2
S2_reprodscen2_4,74000001,165416449280,24141112,24139902,4,2120,scenario2
S2_reprodscen2_4,74000001,165700760576,183219760,183218088,7,2124,scenario2
S2_reprodscen2_4,74000001,165700893440,155164347,155163067,7,2124,scenario2
S2_reprodscen2_4,74000001,165700985088,130025268,130024025,7,2124,scenario2
S2_reprodscen2_4,74000001,165701067264,104293523,104292267,7,2124,scenario2
S2_reprodscen2_4,74000001,165701148160,77844942,77843721,7,2124,scenario2
S2_reprodscen2_4,74000001,165701227776,51923675,51922417,7,2124,scenario2
S2_reprodscen2_4,74000001,165701301760,26027380,26026143,7,2124,scenario2
S2_reprodscen2_4,74000001,165804971264,53748989,53747400,2,2131,scenario2
S2_reprodscen2_4,74000001,165805088000,28849844,28848687,2,2131,scenario2
S2_reprodscen2_4,74000001,165849486336,29386115,29384603,1,2133,scenario2
S2_reprodscen2_4,74000001,166248175872,214176858,214175230,8,2134,scenario2
S2_reprodscen2_4,74000001,166248281600,188674948,188673969,8,2134,scenario2
S2_reprodscen2_4,74000001,166248366592,162529762,162528544,8,2134,scenario2
S2_reprodscen2_4,74000001,166248453888,134135289,134134082,8,2134,scenario2
S2_reprodscen2_4,74000001,166248524032,105622270,105621057,8,2134,scenario2
S2_reprodscen2_4,74000001,166248591872,80164880,80163989,8,2134,scenario2
S2_reprodscen2_4,74000001,166248663296,53429420,53428172,8,2134,scenario2
S2_reprodscen2_4,74000001,166248736512,25656405,25655321,8,2134,scenario2
S2_reprodscen2_4,74000001,166393861120,142956920,142955201,5,2142,scenario2
S2_reprodscen2_4,74000001,166393953792,112279796,112278527,5,2142,scenario2
S2_reprodscen2_4,74000001,166394063616,84717998,84716731,5,2142,scenario2
S2_reprodscen2_4,74000001,166394139648,56758288,56757220,5,2142,scenario2
S2_reprodscen2_4,74000001,166394216448,26970366,26969070,5,2142,scenario2
S2_reprodscen2_4,74000001,166449710592,26455965,26454348,1,2147,scenario2
S2_reprodscen2_4,74000001,166534744064,50963382,50961900,2,2148,scenario2
S2_reprodscen2_4,74000001,166534837248,23867327,23866025,2,2148,scenario2
S2_reprodscen2_4,74000001,166937327872,211385358,211383607,8,2150,scenario2
S2_reprodscen2_4,74000001,166937424896,186002042,186001105,8,2150,scenario2
S2_reprodscen2_4,74000001,166937531136,160568263,160567136,8,2150,scenario2
S2_reprodscen2_4,74000001,166937602304,132387718,132386450,8,2150,scenario2
S2_reprodscen2_4,74000001,166937673984,107373883,107372702,8,2150,scenario2
S2_reprodscen2_4,74000001,166937746176,80250407,80249200,8,2150,scenario2
S2_reprodscen2_4,74000001,166937817600,54312798,54311563,8,2150,scenario2
S2_reprodscen2_4,74000001,166937886720,29078218,29077113,8,2150,scenario2
S2_reprodscen2_4,74000001,167048717312,110761770,110760630,4,2158,scenario2
S2_reprodscen2_4,74000001,167074518272,136564034,107278742,5,2158,scenario2
S2_reprodscen2_4,74000001,167074651648,82131408,82130363,5,2158,scenario2
S2_reprodscen2_4,74000001,167074694400,25856126,25854843,5,2158,scenario2
S2_reprodscen2_4,74000001,167074739968,82220601,55474949,4,2158,scenario2
S2_reprodscen2_4,74000001,167325306624,54152999,54151389,2,2163,scenario2
S2_reprodscen2_4,74000001,167325396224,27244203,27242992,2,2163,scenario2
S2_reprodscen2_4,74000001,167386055424,23959611,23958193,1,2165,scenario2
S2_reprodscen2_4,74000001,167430094848,28541734,28540123,1,2166,scenario2
S2_reprodscen2_4,74000001,167482148608,24382102,24380669,1,2167,scenario2
S2_reprodscen2_4,74000001,167555953664,27793543,27791928,1,2168,scenario2
S2_reprodscen2_4,74000001,168043924736,225739356,225737672,8,2169,scenario2
S2_reprodscen2_4,74000001,168044041728,198633039,198631824,8,2169,scenario2
S2_reprodscen2_4,74000001,168044124672,170141713,170140378,8,2169,scenario2
S2_reprodscen2_4,74000001,168044198144,142722394,142721222,8,2169,scenario2
S2_reprodscen2_4,74000001,168044268800,115155001,115153841,8,2169,scenario2
S2_reprodscen2_4,74000001,168044339200,85378281,85377110,8,2169,scenario2
S2_reprodscen2_4,74000001,168044423936,59579565,59578423,8,2169,scenario2
S2_reprodscen2_4,74000001,168044502272,28883796,28882576,8,2169,scenario2
S2_reprodscen2_4,74000001,168237349376,192773725,192772659,7,2177,scenario2
S2_reprodscen2_4,74000001,168237472768,192898204,164035563,7,2177,scenario2
S2_reprodscen2_4,74000001,168237570560,135092647,135091438,7,2177,scenario2
S2_reprodscen2_4,74000001,168237649152,135172091,111233058,7,2177,scenario2
S2_reprodscen2_4,74000001,168237720832,84207533,84206539,7,2177,scenario2
S2_reprodscen2_4,74000001,168237801984,84289146,58955946,7,2177,scenario2
S2_reprodscen2_4,74000001,168267207680,57529667,57528404,8,2177,scenario2
S2_reprodscen2_4,74000001,168299301120,61413911,61412717,2,2184,scenario2
S2_reprodscen2_4,74000001,168299394304,32047776,32046672,2,2184,scenario2
S2_reprodscen2_4,74000001,168332660480,27040947,27038917,0,2186,scenario2
S2_reprodscen2_4,74000001,168359029248,26230874,26229385,1,2187,scenario2
S2_reprodscen2_4,74000001,168891322368,214144758,214142951,8,2188,scenario2
S2_reprodscen2_4,74000001,168891438592,187303942,187302973,8,2188,scenario2
S2_reprodscen2_4,74000001,168891530496,161925028,161923904,8,2188,scenario2
S2_reprodscen2_4,74000001,168891602688,135141582,135140643,8,2188,scenario2
S2_reprodscen2_4,74000001,168891676416,106055533,106054300,8,2188,scenario2
S2_reprodscen2_4,74000001,168891752704,79479225,79477945,8,2188,scenario2
S2_reprodscen2_4,74000001,168891821824,54495357,54494087,8,2188,scenario2
S2_reprodscen2_4,74000001,168891891456,30752113,30751147,8,2188,scenario2
S2_reprodscen2_4,74000001,169035737088,143776054,143774897,5,2196,scenario2
S2_reprodscen2_4,74000001,169062787584,170827561,142903974,6,2196,scenario2
S2_reprodscen2_4,74000001,169062876672,115843245,115842102,6,2196,scenario2
S2_reprodscen2_4,74000001,169062960896,115928399,91160759,6,2196,scenario2
S2_reprodscen2_4,74000001,169063030528,60939171,60937934,6,2196,scenario2
S2_reprodscen2_4,74000001,169063108096,27240667,27239178,5,2197,scenario2
S2_reprodscen2_4,74000001,169153871104,90678620,90677391,3,2202,scenario2
S2_reprodscen2_4,74000001,169153989376,60709162,60707926,3,2202,scenario2
S2_reprodscen2_4,74000001,169154065152,31062763,31061531,3,2202,scenario2
S2_reprodscen2_4,74000001,169271514880,27162275,27160862,1,2205,scenario2
S2_reprodscen2_4,74000001,169306911488,32431214,32429551,1,2206,scenario2
S2_reprodscen2_4,74000001,169588930560,83418188,83416560,3,2207,scenario2
S2_reprodscen2_4,74000001,169589036544,53303084,53301907,3,2207,scenario2
S2_reprodscen2_4,74000001,169589120000,25414280,25413131,3,2207,scenario2
S2_reprodscen2_4,74000001,169860504320,218651596,218649945,8,2210,scenario2
S2_reprodscen2_4,74000001,169860619264,192872372,192871127,8,2210,scenario2
S2_reprodscen2_4,74000001,169860707840,166135178,166133687,8,2210,scenario2
S2_reprodscen2_4,74000001,169860778240,136900554,136899339,8,2210,scenario2
S2_reprodscen2_4,74000001,169860846336,107672764,107671574,8,2210,scenario2
S2_reprodscen2_4,74000001,169860918784,79038087,79036906,8,2210,scenario2
S2_reprodscen2_4,74000001,169860995840,51549164,51547838,8,2210,scenario2
S2_reprodscen2_4,74000001,169861063168,26809725,26808639,8,2210,scenario2
S2_reprodscen2_4,74000001,169919130880,57999967,57998766,2,2218,scenario2
S2_reprodscen2_4,74000001,169919234816,58105008,29270632,2,2218,scenario2
S2_reprodscen2_4,74000001,170184848128,161574072,161572312,6,2220,scenario2
S2_reprodscen2_4,74000001,170184972544,134126728,134125605,6,2220,scenario2
S2_reprodscen2_4,74000001,170185076992,109235994,109234758,6,2220,scenario2
S2_reprodscen2_4,74000001,170185155840,80351145,80349870,6,2220,scenario2
S2_reprodscen2_4,74000001,170185237760,51780996,51779647,6,2220,scenario2
S2_reprodscen2_4,74000001,170185316352,24742345,24741132,6,2220,scenario2
S2_reprodscen2_4,74000001,170347427840,113684753,113683203,4,2226,scenario2
S2_reprodscen2_4,74000001,170347538944,79186590,79185392,4,2226,scenario2
S2_reprodscen2_4,74000001,170347646720,53836153,53834930,4,2226,scenario2
S2_reprodscen2_4,74000001,170347719936,26587545,26586296,4,2226,scenario2
S2_reprodscen2_4,74000001,170382545920,28696279,28694702,1,2230,scenario2
S2_reprodscen2_4,74000001,170460804352,24691631,24690079,1,2231,scenario2
S2_reprodscen2_4,74000001,170529555456,27912689,27911215,1,2232,scenario2
S2_reprodscen2_4,74000001,170572783104,23673303,23670505,1,2233,scenario2
S2_reprodscen2_4,74000001,170642117888,29404627,29403056,1,2234,scenario2
S2_reprodscen2_4,74000001,170817214720,73737002,73735475,3,2235,scenario2
S2_reprodscen2_4,74000001,170817318400,48838518,48837226,3,2235,scenario2
S2_reprodscen2_4,74000001,170817425664,24506873,24505677,3,2235,scenario2
S2_reprodscen2_4,74000001,171198806528,221939385,221937632,8,2238,scenario2
S2_reprodscen2_4,74000001,171198918144,195684721,195683472,8,2238,scenario2
S2_reprodscen2_4,74000001,171199004416,169093107,169091860,8,2238,scenario2
S2_reprodscen2_4,74000001,171199080448,139880041,139878614,8,2238,scenario2
S2_reprodscen2_4,74000001,171199151872,109966513,109965299,8,2238,scenario2
S2_reprodscen2_4,74000001,171199223552,81762601,81761341,8,2238,scenario2
S2_reprodscen2_4,74000001,171199294720,53741430,53740209,8,2238,scenario2
S2_reprodscen2_4,74000001,171199365888,26619237,26617892,8,2238,scenario2
S2_reprodscen2_4,74000001,171226330624,26899137,26897811,1,2246,scenario2
S2_reprodscen2_4,74000001,171573799680,225047364,225045452,8,2247,scenario2
S2_reprodscen2_4,74000001,171573926656,197787391,197786006,8,2247,scenario2
S2_reprodscen2_4,74000001,171574017792,172202383,172201422,8,2247,scenario2
S2_reprodscen2_4,74000001,171574104832,146697114,146695908,8,2247,scenario2
S2_reprodscen2_4,74000001,171574188800,120626176,120625028,8,2247,scenario2
S2_reprodscen2_4,74000001,171574265088,94240988,94239762,8,2247,scenario2
S2_reprodscen2_4,74000001,171574337536,64592066,64590836,8,2247,scenario2
S2_reprodscen2_4,74000001,171574410496,33856677,33855456,8,2247,scenario2
S2_reprodscen2_4,74000001,171602356736,27863311,27862154,2,2254,scenario2
S2_reprodscen2_4,74000001,171660912640,86420378,58445987,2,2256,scenario2
S2_reprodscen2_4,74000001,171692107520,62405180,62403512,3,2256,scenario2
S2_reprodscen2_4,74000001,171723087616,62055347,62053967,2,2258,scenario2
S2_reprodscen2_4,74000001,171723181312,30653713,30652177,2,2258,scenario2
S2_reprodscen2_4,74000001,171803316736,29309261,29307505,1,2260,scenario2
S2_reprodscen2_4,74000001,171879197184,24913364,24911793,1,2261,scenario2
S2_reprodscen2_4,74000001,172090993664,108236784,108235150,4,2262,scenario2
S2_reprodscen2_4,74000001,172091112448,81621406,81620088,4,2262,scenario2
S2_reprodscen2_4,74000001,172091197952,55355634,55354507,4,2262,scenario2
S2_reprodscen2_4,74000001,172091273728,29617451,29616378,4,2262,scenario2
S2_reprodscen2_4,74000001,172167488512,27395642,27393952,1,2266,scenario2
S2_reprodscen2_4,74000001,172371087104,81401380,81399769,3,2267,scenario2
S2_reprodscen2_4,74000001,172371190784,54184374,54183103,3,2267,scenario2
S2_reprodscen2_4,74000001,172371323392,27460425,27459104,3,2267,scenario2
S2_reprodscen2_4,74000001,172469469952,78247215,78245671,3,2270,scenario2
S2_reprodscen2_4,74000001,172469576192,54086591,54085227,3,2270,scenario2
S2_reprodscen2_4,74000001,172469697280,27896506,27895193,3,2270,scenario2
S2_reprodscen2_4,74000001,172519722496,27059071,27057540,1,2273,scenario2
S2_reprodscen2_4,74000001,172551779328,24618931,24617360,1,2274,scenario2
S2_reprodscen2_4,74000001,172646110720,26618003,26616465,1,2275,scenario2
S2_reprodscen2_4,74000001,172761725440,50781543,50780006,2,2276,scenario2
S2_reprodscen2_4,74000001,172761852928,26010953,26009498,2,2276,scenario2
S2_reprodscen2_4,74000001,173142637312,219688646,219687023,8,2278,scenario2
S2_reprodscen2_4,74000001,173142736384,193819123,193818003,8,2278,scenario2
S2_reprodscen2_4,74000001,173142833920,165719582,165718320,8,2278,scenario2
S2_reprodscen2_4,74000001,173142907392,135943488,135942315,8,2278,scenario2
S2_reprodscen2_4,74000001,173142990848,107958270,107957067,8,2278,scenario2
S2_reprodscen2_4,74000001,173143059712,81033452,81032348,8,2278,scenario2
S2_reprodscen2_4,74000001,173143128064,51289820,51288632,8,2278,scenario2
S2_reprodscen2_4,74000001,173143195392,25727504,25726328,8,2278,scenario2
S2_reprodscen2_4,74000001,173173484544,30222158,30220884,1,2286,scenario2
S2_reprodscen2_4,74000001,173207552768,29716782,29715149,1,2287,scenario2
S2_reprodscen2_4,74000001,173449054720,84429505,84427965,3,2288,scenario2
S2_reprodscen2_4,74000001,173449174016,60982870,60981808,3,2288,scenario2
S2_reprodscen2_4,74000001,173449257216,32143563,32142149,3,2288,scenario2
S2_reprodscen2_4,74000001,173519929344,51995018,51993447,2,2291,scenario2
S2_reprodscen2_4,74000001,173520031744,24026565,24025454,2,2291,scenario2
S2_reprodscen2_4,74000001,173894199552,227649346,227647642,8,2293,scenario2
S2_reprodscen2_4,74000001,173894303488,195861835,195860832,8,2293,scenario2
S2_reprodscen2_4,74000001,173894389504,167932434,167931248,8,2293,scenario2
S2_reprodscen2_4,74000001,173894457344,140192385,140191271,8,2293,scenario2
S2_reprodscen2_4,74000001,173894520320,113764124,113763012,8,2293,scenario2
S2_reprodscen2_4,74000001,173894596608,85565232,85563580,8,2293,scenario2
S2_reprodscen2_4,74000001,173894662912,56100152,56098994,8,2293,scenario2
S2_reprodscen2_4,74000001,173894728192,27862849,27861710,8,2293,scenario2
S2_reprodscen2_4,74000001,173977056512,82250371,82249256,3,2301,scenario2
S2_reprodscen2_4,74000001,173977153280,82348150,53367959,3,2301,scenario2
S2_reprodscen2_4,74000001,174002273792,50145882,50144575,4,2301,scenario2
S2_reprodscen2_4,74000001,174002371840,25096670,25095672,1,2304,scenario2
S2_reprodscen2_4,74000001,174299839744,78892951,78891332,3,2305,scenario2
S2_reprodscen2_4,74000001,174299982080,51433005,51431727,3,2305,scenario2
S2_reprodscen2_4,74000001,174300087296,26339256,26338054,3,2305,scenario2
S2_reprodscen2_4,74000001,174438391808,132674127,132672582,5,2308,scenario2
S2_reprodscen2_4,74000001,174438494208,105418213,105416904,5,2308,scenario2
S2_reprodscen2_4,74000001,174438607360,77659024,77657645,5,2308,scenario2
S2_reprodscen2_4,74000001,174438686720,52871956,52870714,5,2308,scenario2
S2_reprodscen2_4,74000001,174438758144,27436629,27435475,5,2308,scenario2
S2_reprodscen2_4,74000001,174530169856,27936516,27934967,1,2313,scenario2
S2_reprodscen2_4,74000001,174753910528,135095230,135093629,5,2314,scenario2
S2_reprodscen2_4,74000001,174754032384,107530191,107528996,5,2314,scenario2
S2_reprodscen2_4,74000001,174754136064,82593342,82592174,5,2314,scenario2
S2_reprodscen2_4,74000001,174754215936,53486530,53485261,5,2314,scenario2
S2_reprodscen2_4,74000001,174754292736,27066217,27065044,5,2314,scenario2
S2_reprodscen2_4,74000001,174796774144,26442568,26440926,1,2319,scenario2
S2_reprodscen2_4,74000001,174841876992,28411133,28409418,1,2320,scenario2
S2_reprodscen2_4,74000001,174931696384,27519934,27518343,1,2321,scenario2
S2_reprodscen2_4,74000001,174979987968,29109713,29108157,1,2322,scenario2
S2_reprodscen2_4,74000001,175048639488,29932954,29931380,1,2323,scenario2
S2_reprodscen2_4,74000001,175238641408,56657231,56655643,2,2324,scenario2
S2_reprodscen2_4,74000001,175238766336,29648703,29647363,2,2324,scenario2
S2_reprodscen2_4,74000001,175637947904,171752342,171750559,6,2326,scenario2
S2_reprodscen2_4,74000001,175638073600,145810705,145809292,6,2326,scenario2
S2_reprodscen2_4,74000001,175638156032,115420491,115419167,6,2326,scenario2
S2_reprodscen2_4,74000001,175638233344,87493619,87492503,6,2326,scenario2
S2_reprodscen2_4,74000001,175638305536,59221594,59220319,6,2326,scenario2
S2_reprodscen2_4,74000001,175638384896,29929862,29928574,6,2326,scenario2
S2_reprodscen2_4,74000001,175803867648,29790563,29788967,1,2332,scenario2
S2_reprodscen2_4,74000001,176152514560,218796256,218794668,8,2333,scenario2
S2_reprodscen2_4,74000001,176152604416,191082185,191080927,8,2333,scenario2
S2_reprodscen2_4,74000001,176152697600,163456878,163455689,8,2333,scenario2
S2_reprodscen2_4,74000001,176152768512,136525743,136524569,8,2333,scenario2
S2_reprodscen2_4,74000001,176152849664,110773457,110772166,8,2333,scenario2
S2_reprodscen2_4,74000001,176152923392,83192700,83191439,8,2333,scenario2
S2_reprodscen2_4,74000001,176152994304,54192965,54191698,8,2333,scenario2
S2_reprodscen2_4,74000001,176153066496,28819409,28818155,8,2333,scenario2
S2_reprodscen2_4,74000001,176180203008,27069521,27068260,1,2341,scenario2
S2_reprodscen2_4,74000001,176243987200,24389237,24387779,1,2342,scenario2
S2_reprodscen2_4,74000001,176281678080,26126231,26124761,1,2343,scenario2
S2_reprodscen2_4,74000001,176698364160,221030103,221028554,8,2344,scenario2
S2_reprodscen2_4,74000001,176698463744,192769159,192767843,8,2344,scenario2
S2_reprodscen2_4,74000001,176698544384,166206599,166205400,8,2344,scenario2
S2_reprodscen2_4,74000001,176698618368,140431882,140430818,8,2344,scenario2
S2_reprodscen2_4,74000001,176698685952,112204799,112203616,8,2344,scenario2
S2_reprodscen2_4,74000001,176698749440,84555251,84553902,8,2344,scenario2
S2_reprodscen2_4,74000001,176698820608,55670153,55669044,8,2344,scenario2
S2_reprodscen2_4,74000001,176698899968,29278533,29277730,8,2344,scenario2
S2_reprodscen2_4,74000001,176979065344,159758771,159757298,6,2352,scenario2
S2_reprodscen2_4,74000001,176979174912,132186945,132185219,6,2352,scenario2
S2_reprodscen2_4,74000001,176979314432,103992518,103991238,6,2352,scenario2
S2_reprodscen2_4,74000001,176979388160,80373258,80372171,6,2352,scenario2
S2_reprodscen2_4,74000001,176979455744,51197172,51196111,6,2352,scenario2
S2_reprodscen2_4,74000001,176979523072,25357774,25356587,6,2352,scenario2
S2_reprodscen2_4,74000001,177090373376,50242864,50239840,2,2358,scenario2
S2_reprodscen2_4,74000001,177090504960,25463214,25461628,2,2358,scenario2
S2_reprodscen2_4,74000001,177304234752,83834254,83832646,3,2360,scenario2
S2_reprodscen2_4,74000001,177304407808,56164776,56163140,3,2360,scenario2
S2_reprodscen2_4,74000001,177304505088,28079501,28078182,3,2360,scenario2
S2_reprodscen2_4,74000001,177340923136,29580932,29579418,1,2363,scenario2
S2_reprodscen2_4,74000001,177435466496,23716176,23713315,1,2364,scenario2
S2_reprodscen2_4,74000001,177530494208,30252129,30250297,1,2365,scenario2
S2_reprodscen2_4,74000001,177578861568,31184940,31181973,1,2366,scenario2
S2_reprodscen2_4,74000001,177670495232,57486103,57484587,2,2367,scenario2
S2_reprodscen2_4,74000001,177670660352,28019870,28018233,2,2367,scenario2
S2_reprodscen2_4,74000001,177871564032,53825111,53823529,2,2369,scenario2
S2_reprodscen2_4,74000001,177871661056,25887908,25886151,2,2369,scenario2
S2_reprodscen2_4,74000001,177928700672,28923010,28921508,1,2371,scenario2
S2_reprodscen2_4,74000001,177971646464,25920372,25917417,1,2372,scenario2
S2_reprodscen2_4,74000001,178169686784,112554532,112553044,4,2373,scenario2
S2_reprodscen2_4,74000001,178169782528,82344626,82342727,4,2373,scenario2
S2_reprodscen2_4,74000001,178169904896,54554169,54552989,4,2373,scenario2
S2_reprodscen2_4,74000001,178169976064,25806959,25805629,4,2373,scenario2
S2_reprodscen2_4,74000001,178223923712,24600437,24598914,1,2377,scenario2
S2_reprodscen2_4,74000001,178283103744,26741172,26739668,1,2378,scenario2
S2_reprodscen2_4,74000001,178405294848,25346100,25343156,1,2379,scenario2
S2_reprodscen2_4,74000001,178851476480,226246735,226245079,8,2380,scenario2
S2_reprodscen2_4,74000001,178851556096,193674281,193672824,8,2380,scenario2
S2_reprodscen2_4,74000001,178851662848,163824692,163823299,8,2380,scenario2
S2_reprodscen2_4,74000001,178851737344,136477510,136476232,8,2380,scenario2
S2_reprodscen2_4,74000001,178851810560,108304002,108302869,8,2380,scenario2
S2_reprodscen2_4,74000001,178851880704,84174355,84173240,8,2380,scenario2
S2_reprodscen2_4,74000001,178851960576,56640284,56639261,8,2380,scenario2
S2_reprodscen2_4,74000001,178852034048,29436193,29434970,8,2380,scenario2
S2_reprodscen2_4,74000001,178910023680,57922443,57921353,2,2388,scenario2
S2_reprodscen2_4,74000001,178910154496,58054280,32455942,2,2388,scenario2
S2_reprodscen2_4,74000001,178937165056,26902231,26901060,1,2390,scenario2
S2_reprodscen2_4,74000001,179079265280,83298326,83296764,3,2391,scenario2
S2_reprodscen2_4,74000001,179079383552,54914835,54913159,3,2391,scenario2
S2_reprodscen2_4,74000001,179079494400,26937529,26936356,3,2391,scenario2
S2_reprodscen2_4,74000001,179305414656,80204947,80203400,3,2394,scenario2
S2_reprodscen2_4,74000001,179305517056,52647132,52645568,3,2394,scenario2
S2_reprodscen2_4,74000001,179305640960,26650671,26649455,3,2394,scenario2
S2_reprodscen2_4,74000001,179394503936,51381710,51380310,2,2397,scenario2
S2_reprodscen2_4,74000001,179394623232,27210345,27208914,2,2397,scenario2
S2_reprodscen2_4,74000001,179645173248,26081060,26079681,1,2399,scenario2
S2_reprodscen2_4,74000001,179692862976,27241637,27240222,1,2400,scenario2
S2_reprodscen2_4,74000001,180123549440,229282999,229281393,8,2401,scenario2
S2_reprodscen2_4,74000001,180123673088,199700479,199698869,8,2401,scenario2
S2_reprodscen2_4,74000001,180123772928,172892240,172891063,8,2401,scenario2
S2_reprodscen2_4,74000001,180123850752,146575374,146574093,8,2401,scenario2
S2_reprodscen2_4,74000001,180123920640,117131142,117129938,8,2401,scenario2
S2_reprodscen2_4,74000001,180123988992,87482421,87481148,8,2401,scenario2
S2_reprodscen2_4,74000001,180124056832,57777192,57775924,8,2401,scenario2
S2_reprodscen2_4,74000001,180124128512,28117944,28116736,8,2401,scenario2
S2_reprodscen2_4,74000001,180153723904,29524614,29523230,8,2403,scenario2
S2_reprodscen2_4,74000001,180318532608,31073584,31071938,1,2410,scenario2
S2_reprodscen2_4,74000001,180558720000,51473809,51472401,2,2411,scenario2
S2_reprodscen2_4,74000001,180558798848,23787413,23786035,2,2411,scenario2
S2_reprodscen2_4,74000001,180613473024,25226573,25225091,1,2413,scenario2
S2_reprodscen2_4,74000001,180842679808,167309707,167308141,6,2414,scenario2
S2_reprodscen2_4,74000001,180842796544,140221119,140219499,6,2414,scenario2
S2_reprodscen2_4,74000001,180842883072,111048635,111047375,6,2414,scenario2
S2_reprodscen2_4,74000001,180842958080,80386126,80384795,6,2414,scenario2
S2_reprodscen2_4,74000001,180843026432,53397479,53396066,6,2414,scenario2
S2_reprodscen2_4,74000001,180843249152,26717644,26716450,6,2414,scenario2
S2_reprodscen2_4,74000001,180920663040,34147029,34145096,0,2420,scenario2
S2_reprodscen2_4,74000001,181007729152,86925687,86924301,3,2421,scenario2
S2_reprodscen2_4,74000001,181007832064,56944772,56943206,3,2421,scenario2
S2_reprodscen2_4,74000001,181007925760,28234962,28233834,3,2421,scenario2
S2_reprodscen2_4,74000001,181088762368,50613453,50611739,2,2424,scenario2
S2_reprodscen2_4,74000001,181088890112,25137804,25136085,2,2424,scenario2
S2_reprodscen2_4,74000001,181320735232,27151211,27149655,1,2426,scenario2
S2_reprodscen2_4,74000001,181392248320,26940392,26937538,1,2427,scenario2
S2_reprodscen2_4,74000001,181442454784,26868406,26866913,1,2428,scenario2
S2_reprodscen2_4,74000001,181588835584,114285791,114284245,4,2429,scenario2
S2_reprodscen2_4,74000001,181588942336,86839308,86837947,4,2429,scenario2
S2_reprodscen2_4,74000001,181589052928,60807107,60805834,4,2429,scenario2
S2_reprodscen2_4,74000001,181589124096,30912396,30911236,4,2429,scenario2
S2_reprodscen2_4,74000001,181651723008,59452779,59451541,2,2433,scenario2
S2_reprodscen2_4,74000001,181651802112,27485558,27484388,1,2434,scenario2
S2_reprodscen2_4,74000001,181797751552,28496228,28494745,1,2435,scenario2
S2_reprodscen2_4,74000001,181882007040,55843866,55842420,2,2436,scenario2
S2_reprodscen2_4,74000001,181882097920,26575143,26573667,2,2436,scenario2
S2_reprodscen2_4,74000001,181945238784,53686580,53685108,2,2438,scenario2
S2_reprodscen2_4,74000001,181945343232,24575375,24573847,2,2438,scenario2
S2_reprodscen2_4,74000001,182046194944,26542845,26541139,1,2440,scenario2
S2_reprodscen2_4,74000001,182098113024,26723212,26721639,1,2441,scenario2
S2_reprodscen2_4,74000001,182208464128,26418741,26417384,1,2442,scenario2
S2_reprodscen2_4,74000001,182440886528,28059807,28058271,1,2443,scenario2
S2_reprodscen2_4,74000001,182513912320,25551076,25549745,1,2444,scenario2
S2_reprodscen2_4,74000001,182610873088,24948484,24945674,1,2445,scenario2
S2_reprodscen2_4,74000001,182748278528,27246565,27244610,0,2446,scenario2
S2_reprodscen2_4,74000001,182990211840,143478542,143476997,5,2447,scenario2
S2_reprodscen2_4,74000001,182990320896,111953390,111952200,5,2447,scenario2
S2_reprodscen2_4,74000001,182990432768,83245266,83243898,5,2447,scenario2
S2_reprodscen2_4,74000001,182990510336,54181278,54180071,5,2447,scenario2
S2_reprodscen2_4,74000001,182990599424,26599275,26597864,5,2447,scenario2
S2_reprodscen2_4,74000001,183044218368,52598449,52597222,2,2452,scenario2
S2_reprodscen2_4,74000001,183044320256,26554365,26553176,2,2452,scenario2
S2_reprodscen2_4,74000001,183186623744,76706287,76704734,3,2454,scenario2
S2_reprodscen2_4,74000001,183186726912,52394583,52393596,3,2454,scenario2
S2_reprodscen2_4,74000001,183186820096,25752644,25751039,3,2454,scenario2
S2_reprodscen2_4,74000001,183216624384,25459049,25457510,1,2457,scenario2
S2_reprodscen2_4,74000001,183282916096,24654735,24653247,1,2458,scenario2
S2_reprodscen2_4,74000001,183426823680,50596900,50595327,2,2459,scenario2
S2_reprodscen2_4,74000001,183453432832,51488755,51487673,2,2460,scenario2
S2_reprodscen2_4,74000001,183453517312,26554493,26553362,2,2460,scenario2
S2_reprodscen2_4,74000001,183524157440,29468131,29466548,1,2462,scenario2
S2_reprodscen2_4,74000001,183714823424,24575601,24574207,1,2463,scenario2
S2_reprodscen2_4,74000001,183943520512,114906046,114904499,4,2464,scenario2
S2_reprodscen2_4,74000001,183943641344,83310157,83296697,4,2464,scenario2
S2_reprodscen2_4,74000001,183943742720,54711674,54709715,4,2464,scenario2
S2_reprodscen2_4,74000001,183943835904,26276477,26275026,4,2464,scenario2
S2_reprodscen2_4,74000001,184002382592,29573906,29572303,1,2468,scenario2
S2_reprodscen2_4,74000001,184114690304,83724774,83723196,3,2469,scenario2
S2_reprodscen2_4,74000001,184114782976,56211071,56209861,3,2469,scenario2
S2_reprodscen2_4,74000001,184114873600,25947397,25946222,3,2469,scenario2
S2_reprodscen2_4,74000001,184317603072,77601683,77600208,3,2472,scenario2
S2_reprodscen2_4,74000001,184317688064,52688168,52687046,3,2472,scenario2
S2_reprodscen2_4,74000001,184317820160,25903447,25902388,3,2472,scenario2
S2_reprodscen2_4,74000001,184666011392,219957696,219956143,8,2475,scenario2
S2_reprodscen2_4,74000001,184666093568,193792640,193791527,8,2475,scenario2
S2_reprodscen2_4,74000001,184666229248,168978863,168977973,8,2475,scenario2
S2_reprodscen2_4,74000001,184666297088,143148195,143147064,8,2475,scenario2
S2_reprodscen2_4,74000001,184666367488,115054915,115053762,8,2475,scenario2
S2_reprodscen2_4,74000001,184666448128,84140956,84139752,8,2475,scenario2
S2_reprodscen2_4,74000001,184666514688,55687372,55686224,8,2475,scenario2
S2_reprodscen2_4,74000001,184666579712,27169435,27168255,8,2475,scenario2
S2_reprodscen2_4,74000001,184716916224,26779354,26777831,1,2483,scenario2
S2_reprodscen2_4,74000001,184817784832,29670273,29668835,1,2484,scenario2
S2_reprodscen2_4,74000001,184998845952,28956458,28941475,1,2485,scenario2
S2_reprodscen2_4,74000001,185317236736,30705814,30704190,1,2486,scenario2
S2_reprodscen2_4,74000001,185354863104,27676561,27674726,1,2487,scenario2
S2_reprodscen2_4,74000001,185444815104,50648833,50647382,2,2488,scenario2
S2_reprodscen2_4,74000001,185444890624,26651845,26650776,2,2488,scenario2
S2_reprodscen2_4,74000001,185586705152,57258809,57257254,2,2490,scenario2
S2_reprodscen2_4,74000001,185586822912,27450966,27449814,2,2490,scenario2
S2_reprodscen2_4,74000001,185638692864,30474167,30472667,1,2492,scenario2
S2_reprodscen2_4,74000001,185825259008,23673945,23672528,1,2493,scenario2
S2_reprodscen2_4,74000001,185908724224,29365967,29364465,1,2494,scenario2
S2_reprodscen2_4,74000001,186015898624,84845520,84844014,3,2495,scenario2
S2_reprodscen2_4,74000001,186016002304,54314505,54313303,3,2495,scenario2
S2_reprodscen2_4,74000001,186016104448,28024764,28023699,3,2495,scenario2
S2_reprodscen2_4,74000001,186095734784,52663411,52661916,2,2498,scenario2
S2_reprodscen2_4,74000001,186095812864,24928038,24926777,2,2498,scenario2
S2_reprodscen2_4,74000001,186255944960,31415889,31413809,0,2500,scenario2
S2_reprodscen2_4,74000001,186281170688,25086974,25085698,1,2501,scenario2
S2_reprodscen2_4,74000001,186385758464,47908594,47907063,2,2502,scenario2
S2_reprodscen2_4,74000001,186385861376,24511056,24510033,2,2502,scenario2
S2_reprodscen2_4,74000001,186420700416,27640893,27639421,1,2504,scenario2
S2_reprodscen2_4,74000001,186503529216,25873326,25871769,1,2505,scenario2
S2_reprodscen2_4,74000001,186576980480,29787802,29786220,1,2506,scenario2
S2_reprodscen2_4,74000001,186655537152,27663053,27661513,1,2507,scenario2
S2_reprodscen2_4,74000001,186716128256,29970453,29968790,1,2508,scenario2
S2_reprodscen2_4,74000001,186746707968,28063754,28061975,1,2509,scenario2
S2_reprodscen2_4,74000001,186898360576,25821212,25819570,1,2510,scenario2
S2_reprodscen2_4,74000001,186969947648,27957986,27956384,1,2511,scenario2
S2_reprodscen2_4,74000001,187099716096,25414088,25412561,1,2512,scenario2
S2_reprodscen2_4,74000001,187320889344,79958589,79957133,3,2513,scenario2
S2_reprodscen2_4,74000001,187320965632,53256187,53255128,3,2513,scenario2
S2_reprodscen2_4,74000001,187321061888,27054107,27052997,3,2513,scenario2
S2_reprodscen2_4,74000001,187383360768,28368694,28365773,1,2516,scenario2
S2_reprodscen2_4,74000001,187504217856,26707480,26705998,1,2517,scenario2
S2_reprodscen2_4,74000001,187543314944,30024611,30023114,1,2518,scenario2
S2_reprodscen2_4,74000001,187671031296,53484603,53483092,2,2519,scenario2
S2_reprodscen2_4,74000001,187671123968,25738169,25737120,2,2519,scenario2
S2_reprodscen2_4,74000001,187835598080,83062668,83061077,3,2521,scenario2
S2_reprodscen2_4,74000001,187835718656,54671113,54669814,3,2521,scenario2
S2_reprodscen2_4,74000001,187835800064,28664703,28663489,3,2521,scenario2
S2_reprodscen2_4,74000001,188060986624,29965656,29962677,1,2524,scenario2
S2_reprodscen2_4,74000001,188104487168,24938138,24936564,1,2525,scenario2
S2_reprodscen2_4,74000001,188311256064,49274814,49271913,2,2526,scenario2
S2_reprodscen2_4,74000001,188311360768,25374964,25374019,2,2526,scenario2
S2_reprodscen2_4,74000001,188550429440,54675859,54674378,2,2528,scenario2
S2_reprodscen2_4,74000001,188550547456,25553556,25552398,2,2528,scenario2
S2_reprodscen2_4,74000001,188725182720,25320570,25319033,1,2530,scenario2
S2_reprodscen2_4,74000001,188787038464,24604174,24602475,1,2531,scenario2
S2_reprodscen2_4,74000001,188898386176,28201359,28199724,1,2532,scenario2
S2_reprodscen2_4,74000001,188942309632,28257420,28255875,1,2533,scenario2
S2_reprodscen2_4,74000001,189162091776,115422360,115420831,4,2534,scenario2
S2_reprodscen2_4,74000001,189162169088,82534848,82533541,4,2534,scenario2
S2_reprodscen2_4,74000001,189162260224,56774232,56773384,4,2534,scenario2
S2_reprodscen2_4,74000001,189162337280,31175889,31174696,4,2534,scenario2
S2_reprodscen2_4,74000001,189241793536,24208666,24207217,1,2538,scenario2
S2_reprodscen2_4,74000001,189376184320,24527848,24526303,1,2539,scenario2
S2_reprodscen2_4,74000001,189496764160,27991894,27990340,1,2540,scenario2
S2_reprodscen2_4,74000001,189606842112,81064625,81063036,3,2541,scenario2
S2_reprodscen2_4,74000001,189606945024,52972737,52965988,3,2541,scenario2
S2_reprodscen2_4,74000001,189607047168,26957210,26956066,3,2541,scenario2
S2_reprodscen2_4,74000001,189653388288,27817365,27815920,1,2544,scenario2
S2_reprodscen2_4,74000001,189924645376,119409972,119408271,4,2545,scenario2
S2_reprodscen2_4,74000001,189924745984,90028714,90027496,4,2545,scenario2
S2_reprodscen2_4,74000001,189924851712,56489428,56488322,4,2545,scenario2
S2_reprodscen2_4,74000001,189924924672,27654756,27653629,4,2545,scenario2
S2_reprodscen2_4,74000001,190052568832,26819992,26818391,1,2549,scenario2
S2_reprodscen2_4,74000001,190498334976,135545676,135544286,5,2550,scenario2
S2_reprodscen2_4,74000001,190498430464,106872493,106871230,5,2550,scenario2
S2_reprodscen2_4,74000001,190498536960,81314984,81313766,5,2550,scenario2
S2_reprodscen2_4,74000001,190498625280,53877741,53876294,5,2550,scenario2
S2_reprodscen2_4,74000001,190498694656,27781905,27780813,5,2550,scenario2
S2_reprodscen2_4,74000001,190698024960,49185568,49184212,2,2555,scenario2
S2_reprodscen2_4,74000001,190698102272,25316403,25315385,2,2555,scenario2
S2_reprodscen2_4,74000001,190781640704,50802578,50801218,2,2557,scenario2
S2_reprodscen2_4,74000001,190781731840,25659298,25658140,2,2557,scenario2
S2_reprodscen2_4,74000001,190949426176,30137657,30131488,1,2559,scenario2
S2_reprodscen2_4,74000001,191017270272,30192620,30189743,1,2560,scenario2
S2_reprodscen2_4,74000001,191457662464,26848519,26846974,1,2561,scenario2
S2_reprodscen2_4,74000001,191599782656,26477255,26475750,1,2562,scenario2
S2_reprodscen2_4,74000001,191681427456,26890107,26888579,1,2563,scenario2
S2_reprodscen2_4,74000001,191717309952,29923603,29922269,1,2564,scenario2
S2_reprodscen2_4,74000001,191803620096,28445553,28443858,1,2565,scenario2
S2_reprodscen2_4,74000001,191834894848,25658492,25656946,1,2566,scenario2
S2_reprodscen2_4,74000001,191872875264,27425904,27424321,1,2567,scenario2
S2_reprodscen2_4,74000001,191911764224,28456573,28454973,1,2568,scenario2
S2_reprodscen2_4,74000001,192104942848,80029698,80028348,3,2569,scenario2
S2_reprodscen2_4,74000001,192105020160,54412160,54410883,3,2569,scenario2
S2_reprodscen2_4,74000001,192105132032,26871556,26870468,3,2569,scenario2
S2_reprodscen2_4,74000001,192249499136,28343939,28342322,1,2572,scenario2
S2_reprodscen2_4,74000001,192403609600,27320495,27318956,1,2573,scenario2
S2_reprodscen2_4,74000001,192535808000,54739290,54737775,2,2574,scenario2
S2_reprodscen2_4,74000001,192535912704,26824613,26823391,2,2574,scenario2
S2_reprodscen2_4,74000001,192655033088,31085939,31084162,1,2576,scenario2
S2_reprodscen2_4,74000001,192731466752,26658353,26656782,1,2577,scenario2
S2_reprodscen2_4,74000001,192764552960,28313237,28311681,1,2578,scenario2
S2_reprodscen2_4,74000001,192955736832,26850585,26847628,1,2579,scenario2
S2_reprodscen2_4,74000001,192993134336,28179246,28177588,1,2580,scenario2
S2_reprodscen2_4,74000001,193062810880,25955519,25953883,1,2581,scenario2
S2_reprodscen2_4,74000001,193137230592,23470514,23469113,1,2582,scenario2
S2_reprodscen2_4,74000001,193245907200,27658438,27656882,1,2583,scenario2
S2_reprodscen2_4,74000001,193428768768,28189456,28187802,1,2584,scenario2
S2_reprodscen2_4,74000001,193490844928,27509716,27506788,1,2585,scenario2
S2_reprodscen2_4,74000001,193742183424,83093114,83091600,3,2586,scenario2
S2_reprodscen2_4,74000001,193742272256,53497932,53496660,3,2586,scenario2
S2_reprodscen2_4,74000001,193742380288,25133913,25132680,3,2586,scenario2
S2_reprodscen2_4,74000001,193779929600,25614075,25612512,1,2589,scenario2
S2_reprodscen2_4,74000001,193831657728,27020026,27018542,1,2590,scenario2
S2_reprodscen2_4,74000001,193960851968,26854458,26852913,1,2591,scenario2
S2_reprodscen2_4,74000001,194062390272,26347321,26345710,1,2592,scenario2
S2_reprodscen2_4,74000001,194272178432,23584423,23581620,1,2593,scenario2
S2_reprodscen2_4,74000001,194449707008,28873447,28871953,1,2594,scenario2
S2_reprodscen2_4,74000001,194631597312,23877384,23875973,1,2595,scenario2
S2_reprodscen2_4,74000001,194699525632,24878014,24876407,1,2596,scenario2
S2_reprodscen2_4,74000001,194763099136,25332189,25330669,1,2597,scenario2
S2_reprodscen2_4,74000001,194850025216,54357376,54355772,2,2598,scenario2
S2_reprodscen2_4,74000001,194850131968,30710492,30709469,2,2598,scenario2
S2_reprodscen2_4,74000001,194978244352,29394055,29392650,1,2600,scenario2
S2_reprodscen2_4,74000001,195086526976,53882193,53880680,2,2601,scenario2
S2_reprodscen2_4,74000001,195086659584,28948942,28947641,2,2601,scenario2
S2_reprodscen2_4,74000001,195270678528,27090794,27088566,0,2603,scenario2
S2_reprodscen2_4,74000001,195299152128,28342474,28341124,1,2604,scenario2
S2_reprodscen2_4,74000001,195505890560,23596438,23595107,1,2605,scenario2
S2_reprodscen2_4,74000001,195564841984,28481757,28480356,1,2606,scenario2
S2_reprodscen2_4,74000001,195758227200,52015256,52013659,2,2607,scenario2
S2_reprodscen2_4,74000001,195758340608,25097731,25096487,2,2607,scenario2
S2_reprodscen2_4,74000001,195811120896,31331818,31330191,1,2609,scenario2
S2_reprodscen2_4,74000001,196075072256,24495974,24494445,1,2610,scenario2
S2_reprodscen2_4,74000001,196135210752,26226402,26224860,1,2611,scenario2
S2_reprodscen2_4,74000001,196248510208,25744006,25742377,1,2612,scenario2
S2_reprodscen2_4,74000001,196347078656,27396754,27395249,1,2613,scenario2
S2_reprodscen2_4,74000001,196423383552,26732789,26731255,1,2614,scenario2
S2_reprodscen2_4,74000001,196455609600,23560093,23558690,1,2615,scenario2
S2_reprodscen2_4,74000001,196579669760,25632049,25629196,1,2616,scenario2
S2_reprodscen2_4,74000001,196613079296,23589169,23587777,1,2617,scenario2
S2_reprodscen2_4,74000001,196715137792,24052290,24040193,1,2618,scenario2
S2_reprodscen2_4,74000001,196964030976,30252761,30251285,1,2619,scenario2
S2_reprodscen2_4,74000001,197057043200,28329066,28327253,1,2620,scenario2
S2_reprodscen2_4,74000001,197427292672,85218895,85217333,3,2621,scenario2
S2_reprodscen2_4,74000001,197427401472,56289360,56288079,3,2621,scenario2
S2_reprodscen2_4,74000001,197427485952,29215874,29214713,3,2621,scenario2
S2_reprodscen2_4,74000001,197607004928,25745411,25743869,1,2624,scenario2
S2_reprodscen2_4,74000001,197748971776,25256899,25254072,1,2625,scenario2
S2_reprodscen2_4,74000001,197795989760,24423444,24421919,1,2626,scenario2
S2_reprodscen2_4,74000001,197946576384,23467541,23466204,1,2627,scenario2
S2_reprodscen2_4,74000001,198144531200,27663561,27661802,0,2628,scenario2
S2_reprodscen2_4,74000001,198174573312,29911869,29910581,1,2629,scenario2
S2_reprodscen2_4,74000001,198265903104,32485956,32483074,1,2630,scenario2
S2_reprodscen2_4,74000001,198418390528,27088635,27086982,1,2631,scenario2
S2_reprodscen2_4,74000001,198475124992,25396934,25394081,1,2632,scenario2
S2_reprodscen2_4,74000001,198601849600,26257571,26256041,1,2633,scenario2
S2_reprodscen2_4,74000001,198667522816,25327865,25326335,1,2634,scenario2
S2_reprodscen2_4,74000001,198702707968,26860411,26858833,1,2635,scenario2
S2_reprodscen2_4,74000001,198873493760,26840254,26838671,1,2636,scenario2
S2_reprodscen2_4,74000001,199141804288,26791370,26789798,1,2637,scenario2
S2_reprodscen2_4,74000001,199407415552,56839010,56837527,2,2638,scenario2
S2_reprodscen2_4,74000001,199407527680,29202834,29201815,2,2638,scenario2
S2_reprodscen2_4,74000001,199464024320,27551615,27550162,1,2640,scenario2
S2_reprodscen2_4,74000001,199560228864,24759847,24758401,1,2641,scenario2
S2_reprodscen2_4,74000001,199772643584,53223420,53221701,2,2642,scenario2
S2_reprodscen2_4,74000001,199772761344,26591246,26590009,2,2642,scenario2
S2_reprodscen2_4,74000001,199924858368,57326450,57324985,2,2644,scenario2
S2_reprodscen2_4,74000001,199924948736,29964841,29963636,2,2644,scenario2
S2_reprodscen2_4,74000001,200401283840,23591793,23590279,1,2646,scenario2
S2_reprodscen2_4,74000001,200457251072,29355816,29354162,1,2647,scenario2
S2_reprodscen2_4,74000001,200603535104,29605125,29603490,1,2648,scenario2
S2_reprodscen2_4,74000001,200707630592,24351394,24349865,1,2649,scenario2
S2_reprodscen2_4,74000001,200751180544,25546678,25545086,1,2650,scenario2
S2_reprodscen2_4,74000001,200867316224,24078244,24075431,1,2651,scenario2
S2_reprodscen2_4,74000001,201144201984,24017806,24016199,1,2652,scenario2
S2_reprodscen2_4,74000001,201281672960,26411599,26409457,0,2653,scenario2
S2_reprodscen2_4,74000001,201658508800,29766436,29764544,1,2654,scenario2
S2_reprodscen2_4,74000001,201699100672,26892825,26891029,1,2655,scenario2
S2_reprodscen2_4,74000001,201827758336,57057525,57055921,2,2656,scenario2
S2_reprodscen2_4,74000001,201827863808,26454745,26453522,2,2656,scenario2
S2_reprodscen2_4,74000001,201883034880,26048025,26046432,1,2658,scenario2
S2_reprodscen2_4,74000001,202115801856,25368001,25366392,1,2659,scenario2
S2_reprodscen2_4,74000001,202582181376,24243049,24241627,1,2660,scenario2
S2_reprodscen2_4,74000001,202662578432,55096629,55095044,2,2661,scenario2
S2_reprodscen2_4,74000001,202662682112,29237830,29236592,2,2661,scenario2
S2_reprodscen2_4,74000001,202752198912,25935720,25934049,1,2663,scenario2
S2_reprodscen2_4,74000001,202786797056,30047701,30045999,1,2664,scenario2
S2_reprodscen2_4,74000001,202869780224,26477420,26475924,1,2665,scenario2
S2_reprodscen2_4,74000001,203135100672,23484847,23483518,1,2666,scenario2
S2_reprodscen2_4,74000001,203268138496,24733131,24731751,1,2667,scenario2
S2_reprodscen2_4,74000001,203376465920,25229337,25227780,1,2668,scenario2
S2_reprodscen2_4,74000001,203474910720,24893512,24891953,1,2669,scenario2
S2_reprodscen2_4,74000001,203947828224,76098598,76097108,3,2670,scenario2
S2_reprodscen2_4,74000001,203947925760,48162797,48161663,3,2670,scenario2
S2_reprodscen2_4,74000001,203948008192,23581013,23580114,3,2670,scenario2
S2_reprodscen2_4,74000001,204113841920,25306297,25303402,1,2673,scenario2
S2_reprodscen2_4,74000001,204377629440,31199591,31198004,1,2674,scenario2
S2_reprodscen2_4,74000001,204439910656,27825465,27823854,1,2675,scenario2
S2_reprodscen2_4,74000001,204630807040,25562274,25560938,1,2676,scenario2
S2_reprodscen2_4,74000001,204707862784,26817173,26815617,1,2677,scenario2
S2_reprodscen2_4,74000001,204772231168,30167081,30164893,0,2678,scenario2
S2_reprodscen2_4,74000001,204966173952,24902225,24900612,1,2679,scenario2
S2_reprodscen2_4,74000001,205413274880,26660065,26658603,1,2680,scenario2
S2_reprodscen2_4,74000001,205460079360,24199585,24198137,1,2681,scenario2
S2_reprodscen2_4,74000001,205516400384,24056899,24055357,1,2682,scenario2
S2_reprodscen2_4,74000001,205581559296,24300731,24299138,1,2683,scenario2
S2_reprodscen2_4,74000001,205640675584,25069867,25068314,1,2684,scenario2
S2_reprodscen2_4,74000001,205820862464,28434174,28432549,1,2685,scenario2
S2_reprodscen2_4,74000001,206583523840,109535134,109533756,4,2686,scenario2
S2_reprodscen2_4,74000001,206583648000,78602739,78601533,4,2686,scenario2
S2_reprodscen2_4,74000001,206583729920,51094836,51093952,4,2686,scenario2
S2_reprodscen2_4,74000001,206583800576,26802410,26801384,4,2686,scenario2
S2_reprodscen2_4,74000001,206973243904,26724309,26722792,1,2690,scenario2
S2_reprodscen2_4,74000001,207013239296,23651157,23649744,1,2691,scenario2
S2_reprodscen2_4,74000001,207535251712,26669898,26668445,1,2692,scenario2
S2_reprodscen2_4,74000001,207618083584,27439373,27437986,1,2693,scenario2
S2_reprodscen2_4,74000001,207803121152,27995380,27993747,1,2694,scenario2
S2_reprodscen2_4,74000001,207991389440,53301616,53300122,2,2695,scenario2
S2_reprodscen2_4,74000001,207991510016,27728578,27727349,2,2695,scenario2
S2_reprodscen2_4,74000001,208117982208,30211702,30210118,1,2697,scenario2
S2_reprodscen2_4,74000001,208371037184,32313982,32312412,1,2698,scenario2
S2_reprodscen2_4,74000001,208697567488,26095710,26094217,1,2699,scenario2
S2_reprodscen2_4,74000001,208766755072,26542789,26541222,1,2700,scenario2
S2_reprodscen2_4,74000001,209066036992,24226054,24224492,1,2701,scenario2
S2_reprodscen2_4,74000001,209119505664,28278800,28277067,1,2702,scenario2
S2_reprodscen2_4,74000001,209348763136,26108675,26107102,1,2703,scenario2
S2_reprodscen2_4,74000001,209573924352,26031542,26030024,1,2704,scenario2
S2_reprodscen2_4,74000001,209995441408,24767834,24766374,1,2705,scenario2
S2_reprodscen2_4,74000001,210022973696,24814155,24812745,1,2706,scenario2
S2_reprodscen2_4,74000001,210129292288,25095755,25092707,1,2707,scenario2
S2_reprodscen2_4,74000001,210460299008,53603148,53601504,2,2708,scenario2
S2_reprodscen2_4,74000001,210460423680,29380143,29379131,2,2708,scenario2
S2_reprodscen2_4,74000001,210704357632,23896048,23894583,1,2710,scenario2
S2_reprodscen2_4,74000001,210843416320,28461152,28459408,1,2711,scenario2
S2_reprodscen2_4,74000001,211040573184,24329961,24328172,1,2712,scenario2
S2_reprodscen2_4,74000001,211315726336,27574150,27572276,1,2713,scenario2
S2_reprodscen2_4,74000001,211457791744,27447601,27445940,1,2714,scenario2
S2_reprodscen2_4,74000001,211531734272,26636956,26635574,1,2715,scenario2
S2_reprodscen2_4,74000001,212025566464,24109253,24107794,1,2716,scenario2
S2_reprodscen2_4,74000001,212153959680,28242240,28240629,1,2717,scenario2
S2_reprodscen2_4,74000001,212320656128,26692401,26690768,1,2718,scenario2
S2_reprodscen2_4,74000001,212452022016,31500172,31498569,1,2719,scenario2
S2_reprodscen2_4,74000001,212992543232,27848070,27846443,1,2720,scenario2
S2_reprodscen2_4,74000001,213030257920,26697151,26695595,1,2721,scenario2
S2_reprodscen2_4,74000001,213070473472,25864433,25862901,1,2722,scenario2
S2_reprodscen2_4,74000001,213416858368,51673025,51671616,2,2723,scenario2
S2_reprodscen2_4,74000001,213416934656,24029395,24028338,2,2723,scenario2
S2_reprodscen2_4,74000001,213482668288,29013225,28999568,1,2725,scenario2
S2_reprodscen2_4,74000001,213698620160,27837876,27836306,1,2726,scenario2
S2_reprodscen2_4,74000001,213779846144,27587409,27585716,1,2727,scenario2
S2_reprodscen2_4,74000001,214446656512,52496357,52493469,2,2728,scenario2
S2_reprodscen2_4,74000001,214446781696,25946244,25944786,2,2728,scenario2
S2_reprodscen2_4,74000001,214557109504,30002507,30000968,1,2730,scenario2
S2_reprodscen2_4,74000001,214664371456,27990032,27988470,1,2731,scenario2
S2_reprodscen2_4,74000001,215169303296,27680698,27679045,1,2732,scenario2
S2_reprodscen2_4,74000001,215397756672,53249720,53247996,2,2733,scenario2
S2_reprodscen2_4,74000001,215397892096,26316201,26314652,2,2733,scenario2
S2_reprodscen2_4,74000001,215941397248,29321641,29319905,1,2735,scenario2
S2_reprodscen2_4,74000001,216067395584,56143912,56142238,2,2736,scenario2
S2_reprodscen2_4,74000001,216067502592,26533001,26531573,2,2736,scenario2
S2_reprodscen2_4,74000001,216621157120,31151353,31149251,1,2738,scenario2
S2_reprodscen2_4,74000001,216756413952,52414222,52412538,2,2739,scenario2
S2_reprodscen2_4,74000001,216756512768,24386260,24384954,2,2739,scenario2
S2_reprodscen2_4,74000001,217009677824,24939813,24938340,1,2741,scenario2
S2_reprodscen2_4,74000001,217041078272,26754948,26752065,1,2742,scenario2
S2_reprodscen2_4,74000001,217509278464,25629798,25628261,1,2743,scenario2
S2_reprodscen2_4,74000001,217717406720,26328292,26326752,1,2744,scenario2
S2_reprodscen2_4,74000001,217857778688,29053614,29051975,1,2745,scenario2
S2_reprodscen2_4,74000001,217971959808,51210315,51208787,2,2746,scenario2
S2_reprodscen2_4,74000001,217972062208,24961318,24960139,2,2746,scenario2
S2_reprodscen2_4,74000001,218335776256,28791478,28789668,1,2748,scenario2
S2_reprodscen2_4,74000001,218682230272,74460001,74458500,3,2749,scenario2
S2_reprodscen2_4,74000001,218682334464,48977054,48976039,3,2749,scenario2
S2_reprodscen2_4,74000001,218682452992,23936152,23935102,3,2749,scenario2
S2_reprodscen2_4,74000001,219132372480,25461684,25460223,1,2752,scenario2
S2_reprodscen2_4,74000001,219515530752,26195709,26194235,1,2753,scenario2
S2_reprodscen2_4,74000001,219658556416,31130941,31129364,1,2754,scenario2
S2_reprodscen2_4,74000001,219769774080,25606581,25605075,1,2755,scenario2
S2_reprodscen2_4,74000001,219848758528,29719923,29718383,1,2756,scenario2
S2_reprodscen2_4,74000001,219922863360,27687029,27685415,1,2757,scenario2
S2_reprodscen2_4,74000001,220975432448,80981966,80980378,3,2758,scenario2
S2_reprodscen2_4,74000001,220975537664,53469092,53467880,3,2758,scenario2
S2_reprodscen2_4,74000001,220975638272,27119771,27118666,3,2758,scenario2
S2_reprodscen2_4,74000001,221005860864,24948813,24947075,1,2761,scenario2
S2_reprodscen2_4,74000001,221053786624,24278700,24277338,1,2762,scenario2
S2_reprodscen2_4,74000001,221408654080,24489097,24487244,1,2763,scenario2
S2_reprodscen2_4,74000001,221562477568,25997388,25995695,1,2764,scenario2
S2_reprodscen2_4,74000001,221789656576,27813767,27811574,1,2765,scenario2
S2_reprodscen2_4,74000001,222137096960,52083043,52081454,2,2766,scenario2
S2_reprodscen2_4,74000001,222137199872,25743621,25742482,2,2766,scenario2
S2_reprodscen2_4,74000001,222351986432,31091454,31089741,1,2768,scenario2
S2_reprodscen2_4,74000001,222692569344,53239881,53238332,2,2769,scenario2
S2_reprodscen2_4,74000001,222692664320,26269998,26268730,2,2769,scenario2
S2_reprodscen2_4,74000001,222784859648,25049196,25047601,1,2771,scenario2
S2_reprodscen2_4,74000001,223103793152,26913422,26911771,1,2772,scenario2
S2_reprodscen2_4,74000001,223578673408,29362129,29360195,1,2773,scenario2
S2_reprodscen2_4,74000001,223896939776,29348466,29346786,1,2774,scenario2
S2_reprodscen2_4,74000001,223963833856,24986624,24985081,1,2775,scenario2
S2_reprodscen2_4,74000001,224061517056,54571023,54569483,2,2776,scenario2
S2_reprodscen2_4,74000001,224061652736,26224708,26223264,2,2776,scenario2
S2_reprodscen2_4,74000001,224444613376,54524245,54522553,2,2778,scenario2
S2_reprodscen2_4,74000001,224444739584,27150289,27149151,1,2779,scenario2
S2_reprodscen2_4,74000001,224476813056,28036397,28034683,1,2780,scenario2
S2_reprodscen2_4,74000001,224668535296,24590937,24589459,1,2781,scenario2
S2_reprodscen2_4,74000001,225027312128,27987716,27984811,1,2782,scenario2
S2_reprodscen2_4,74000001,225293594880,28032799,28030998,1,2783,scenario2
S2_reprodscen2_4,74000001,225429492480,25962671,25960957,1,2784,scenario2
S2_reprodscen2_4,74000001,225613257728,27680547,27678822,1,2785,scenario2
S2_reprodscen2_4,74000001,225840867840,27965162,27963407,1,2786,scenario2
S2_reprodscen2_4,74000001,226075778560,24783771,24782046,1,2787,scenario2
S2_reprodscen2_4,74000001,226157847808,29087499,29085828,1,2788,scenario2
S2_reprodscen2_4,74000001,226801472512,30897026,30895314,1,2789,scenario2
S2_reprodscen2_4,74000001,226884560640,27718624,27716883,1,2790,scenario2
S2_reprodscen2_4,74000001,227080116992,83157957,83156374,3,2791,scenario2
S2_reprodscen2_4,74000001,227080253184,53094784,53093633,3,2791,scenario2
S2_reprodscen2_4,74000001,227080335104,27354900,27353655,3,2791,scenario2
S2_reprodscen2_4,74000001,227143959040,28813297,28811530,1,2794,scenario2
S2_reprodscen2_4,74000001,227369006592,57105925,57104244,2,2795,scenario2
S2_reprodscen2_4,74000001,227369106432,30045396,30044056,2,2795,scenario2
S2_reprodscen2_4,74000001,227411748608,32172319,32170542,1,2797,scenario2
S2_reprodscen2_4,74000001,227633795840,27374990,27373328,1,2798,scenario2
S2_reprodscen2_4,74000001,227763911168,28841476,28839803,1,2799,scenario2
S2_reprodscen2_4,74000001,227874236160,27621563,27619707,1,2800,scenario2
S2_reprodscen2_4,74000001,228306061312,24364462,24362855,1,2801,scenario2
S2_reprodscen2_4,74000001,228405859840,29073812,29072156,1,2802,scenario2
S2_reprodscen2_4,74000001,228452810496,26666662,26664987,1,2803,scenario2
S2_reprodscen2_4,74000001,228689772288,26421271,26419659,1,2804,scenario2
S2_reprodscen2_4,74000001,228948285440,54628200,54626635,2,2805,scenario2
S2_reprodscen2_4,74000001,228948391680,29646797,29645581,2,2805,scenario2
S2_reprodscen2_4,74000001,229308618240,27796773,27795149,1,2807,scenario2
S2_reprodscen2_4,74000001,229444272384,31797177,31795398,1,2808,scenario2
S2_reprodscen2_4,74000001,229591728128,26021127,26019573,1,2809,scenario2
S2_reprodscen2_4,74000001,229816232960,28843919,28842235,1,2810,scenario2
S2_reprodscen2_4,74000001,230033592320,56941318,56939752,2,2811,scenario2
S2_reprodscen2_4,74000001,230033722880,30415360,30414016,2,2811,scenario2
S2_reprodscen2_4,74000001,230062438144,28135381,28133674,1,2813,scenario2
S2_reprodscen2_4,74000001,230480983040,24963570,24961879,1,2814,scenario2
S2_reprodscen2_4,74000001,230606007808,56892709,56890776,2,2815,scenario2
S2_reprodscen2_4,74000001,230606108928,32736235,32734902,2,2815,scenario2
S2_reprodscen2_4,74000001,230702726144,27886005,27884211,1,2817,scenario2
S2_reprodscen2_4,74000001,231108742400,78508556,78507022,3,2818,scenario2
S2_reprodscen2_4,74000001,231108843264,53003650,53002481,3,2818,scenario2
S2_reprodscen2_4,74000001,231108951296,28190698,28189532,3,2818,scenario2
S2_reprodscen2_4,74000001,231390298880,28149789,28148062,1,2821,scenario2
S2_reprodscen2_4,74000001,231738844416,29179195,29177265,1,2822,scenario2
S2_reprodscen2_4,74000001,231819366912,26464114,26462588,1,2823,scenario2
S2_reprodscen2_4,74000001,231873568256,53348238,53346522,2,2824,scenario2
S2_reprodscen2_4,74000001,231873674752,26726004,26724670,2,2824,scenario2
S2_reprodscen2_4,74000001,232054272768,59178816,59177154,2,2826,scenario2
S2_reprodscen2_4,74000001,232054362368,31312236,31310871,2,2826,scenario2
S2_reprodscen2_4,74000001,232136564992,29046342,29044373,1,2828,scenario2
S2_reprodscen2_4,74000001,232365825280,29377405,29375672,1,2829,scenario2
S2_reprodscen2_4,74000001,232428961280,26197592,26195859,1,2830,scenario2
S2_reprodscen2_4,74000001,232538901504,28057712,28056063,1,2831,scenario2
S2_reprodscen2_4,74000001,232692682240,26945518,26943663,1,2832,scenario2
S2_reprodscen2_4,74000001,232942349568,26290227,26288422,1,2833,scenario2
S2_reprodscen2_4,74000001,233061416192,25316845,25315336,1,2834,scenario2
S2_reprodscen2_4,74000001,233228341248,54057705,54056101,2,2835,scenario2
S2_reprodscen2_4,74000001,233228457472,27149319,27148027,2,2835,scenario2
S2_reprodscen2_4,74000001,233507704832,83970152,83968493,3,2837,scenario2
S2_reprodscen2_4,74000001,233507819520,55234199,55232892,3,2837,scenario2
S2_reprodscen2_4,74000001,233507919616,27292993,27291787,3,2837,scenario2
S2_reprodscen2_4,74000001,233563893760,26730743,26728906,1,2840,scenario2
S2_reprodscen2_4,74000001,233747580416,26290718,26289049,1,2841,scenario2
S2_reprodscen2_4,74000001,233969613824,54414838,54413212,2,2842,scenario2
S2_reprodscen2_4,74000001,233969736192,27433266,27432069,2,2842,scenario2
S2_reprodscen2_4,74000001,234078747648,30360408,30358735,1,2844,scenario2
S2_reprodscen2_4,74000001,234503185664,83612106,83610440,3,2845,scenario2
S2_reprodscen2_4,74000001,234503308800,54266052,54264613,3,2845,scenario2
S2_reprodscen2_4,74000001,234503410688,26552992,26551631,3,2845,scenario2
S2_reprodscen2_4,74000001,234876337152,144353966,144352290,5,2848,scenario2
S2_reprodscen2_4,74000001,234876463104,119777472,119776202,5,2848,scenario2
S2_reprodscen2_4,74000001,234876562688,91715071,91713684,5,2848,scenario2
S2_reprodscen2_4,74000001,234876638976,58103809,58102470,5,2848,scenario2
S2_reprodscen2_4,74000001,234876716288,29599387,29598242,5,2848,scenario2
S2_reprodscen2_4,74000001,234926573568,27307064,27305448,1,2853,scenario2
S2_reprodscen2_4,74000001,235540349952,25943196,25941519,1,2854,scenario2
S2_reprodscen2_4,74000001,235600222976,24996490,24994798,1,2855,scenario2
S2_reprodscen2_4,74000001,235657905152,28202009,28200259,1,2856,scenario2
S2_reprodscen2_4,74000001,235773140992,27725277,27723722,1,2857,scenario2
S2_reprodscen2_4,74000001,235808500736,25389896,25388172,1,2858,scenario2
S2_reprodscen2_4,74000001,235835598592,25621067,25619613,1,2859,scenario2
S2_reprodscen2_4,74000001,235976912128,58981784,58980134,2,2860,scenario2
S2_reprodscen2_4,74000001,235976990464,28448630,28447279,2,2860,scenario2
S2_reprodscen2_4,74000001,236183920384,27043729,27042105,1,2862,scenario2
S2_reprodscen2_4,74000001,236404407296,30260127,30258425,1,2863,scenario2
S2_reprodscen2_4,74000001,236522825984,60339015,60337177,2,2864,scenario2
S2_reprodscen2_4,74000001,236522958080,28762248,28760799,2,2864,scenario2
S2_reprodscen2_4,74000001,236758899456,24092529,24091093,1,2866,scenario2
S2_reprodscen2_4,74000001,236798069248,28553143,28551551,1,2867,scenario2
S2_reprodscen2_4,74000001,236867596800,28507151,28505009,0,2868,scenario2
S2_reprodscen2_4,74000001,236925195008,57462871,57461525,2,2869,scenario2
S2_reprodscen2_4,74000001,236925299968,28970355,28969109,2,2869,scenario2
S2_reprodscen2_4,74000001,236974428416,27522888,27510241,1,2871,scenario2
S2_reprodscen2_4,74000001,237027705088,29802659,29801053,1,2872,scenario2
S2_reprodscen2_4,74000001,237647926528,79683428,79681823,3,2873,scenario2
S2_reprodscen2_4,74000001,237648024832,51338871,51337653,3,2873,scenario2
S2_reprodscen2_4,74000001,237648087296,26440056,26438865,3,2873,scenario2
S2_reprodscen2_4,74000001,237735255552,29536931,29535217,1,2876,scenario2
S2_reprodscen2_4,74000001,237770209280,27010432,27008649,1,2877,scenario2
S2_reprodscen2_4,74000001,237987585536,82224694,82223108,3,2878,scenario2
S2_reprodscen2_4,74000001,237987699712,55043115,55041919,3,2878,scenario2
S2_reprodscen2_4,74000001,237987774976,27797335,27796165,3,2878,scenario2
S2_reprodscen2_4,74000001,238092029184,32465983,32464409,1,2881,scenario2
S2_reprodscen2_4,74000001,238205000448,57205398,57203637,2,2882,scenario2
S2_reprodscen2_4,74000001,238205106432,29234765,29233469,2,2882,scenario2
S2_reprodscen2_4,74000001,238343012352,28657106,28655388,1,2884,scenario2
S2_reprodscen2_4,74000001,238685034240,142722244,142720414,5,2885,scenario2
S2_reprodscen2_4,74000001,238685157376,113533664,113532432,5,2885,scenario2
S2_reprodscen2_4,74000001,238685227520,86909549,86908478,5,2885,scenario2
S2_reprodscen2_4,74000001,238685309184,56721269,56720083,5,2885,scenario2
S2_reprodscen2_4,74000001,238685378560,26374561,26373434,5,2885,scenario2
S2_reprodscen2_4,74000001,238777895424,28481427,28479873,1,2890,scenario2
S2_reprodscen2_4,74000001,239158706176,110941873,110940410,4,2891,scenario2
S2_reprodscen2_4,74000001,239158834688,81277947,81264821,4,2891,scenario2
S2_reprodscen2_4,74000001,239158924544,52292506,52291304,4,2891,scenario2
S2_reprodscen2_4,74000001,239158995200,24826844,24825740,4,2891,scenario2
S2_reprodscen2_4,74000001,239398886656,28904624,28902962,1,2895,scenario2
S2_reprodscen2_4,74000001,239455586816,29105486,29103675,1,2896,scenario2
S2_reprodscen2_4,74000001,239568483328,57551367,57549976,2,2897,scenario2
S2_reprodscen2_4,74000001,239568580352,27522160,27520873,2,2897,scenario2
S2_reprodscen2_4,74000001,239703705600,27372691,27370938,1,2899,scenario2
S2_reprodscen2_4,74000001,239832856064,78656386,78654640,3,2900,scenario2
S2_reprodscen2_4,74000001,239832968704,53738685,53737397,3,2900,scenario2
S2_reprodscen2_4,74000001,239833049088,28289685,28288593,3,2900,scenario2
S2_reprodscen2_4,74000001,239898950656,26734595,26732842,1,2903,scenario2
S2_reprodscen2_4,74000001,240001156608,58269263,58267253,2,2904,scenario2
S2_reprodscen2_4,74000001,240001268480,28856839,28855491,2,2904,scenario2
S2_reprodscen2_4,74000001,240067467520,26510376,26508712,1,2906,scenario2
S2_reprodscen2_4,74000001,240404865792,29023046,29021338,1,2907,scenario2
S2_reprodscen2_4,74000001,240453927168,28225863,28224077,1,2908,scenario2
S2_reprodscen2_4,74000001,240593748224,26634715,26633136,1,2909,scenario2
S2_reprodscen2_4,74000001,240757320960,27306185,27304549,1,2910,scenario2
S2_reprodscen2_4,74000001,240791736832,28803858,28802103,1,2911,scenario2
S2_reprodscen2_4,74000001,240983620608,55322183,55320632,2,2912,scenario2
S2_reprodscen2_4,74000001,240983735552,24985448,24984257,2,2912,scenario2
S2_reprodscen2_4,74000001,241116890880,64369505,64367753,2,2914,scenario2
S2_reprodscen2_4,74000001,241117000448,30666954,30665387,2,2914,scenario2
S2_reprodscen2_4,74000001,241151314688,29141095,29128725,1,2916,scenario2
S2_reprodscen2_4,74000001,241251517440,56792964,56791181,2,2917,scenario2
S2_reprodscen2_4,74000001,241251632128,28780595,28767233,2,2917,scenario2
S2_reprodscen2_4,74000001,241555730176,57478077,57476396,2,2919,scenario2
S2_reprodscen2_4,74000001,241555861504,26565497,26564200,2,2919,scenario2
S2_reprodscen2_4,74000001,241679460608,90336481,90334632,3,2921,scenario2
S2_reprodscen2_4,74000001,241679571968,60918070,60916619,3,2921,scenario2
S2_reprodscen2_4,74000001,241679645696,30757191,30756029,3,2921,scenario2
S2_reprodscen2_4,74000001,241884401408,142655570,142653066,5,2924,scenario2
S2_reprodscen2_4,74000001,241884514304,110113747,110112299,5,2924,scenario2
S2_reprodscen2_4,74000001,241884586496,82232232,82231072,5,2924,scenario2
S2_reprodscen2_4,74000001,241884649472,55479684,55478552,5,2924,scenario2
S2_reprodscen2_4,74000001,241884715008,29078074,29076880,5,2924,scenario2
S2_reprodscen2_4,74000001,242202474752,82328121,82326539,3,2929,scenario2
S2_reprodscen2_4,74000001,242202588928,54503481,54502102,3,2929,scenario2
S2_reprodscen2_4,74000001,242202668800,27198840,27197555,3,2929,scenario2
S2_reprodscen2_4,74000001,242548730112,113835028,113833328,4,2932,scenario2
S2_reprodscen2_4,74000001,242548838400,85703361,85702080,4,2932,scenario2
S2_reprodscen2_4,74000001,242548950784,57115685,57113993,4,2932,scenario2
S2_reprodscen2_4,74000001,242549029632,28401459,28399821,4,2932,scenario2
S2_reprodscen2_4,74000001,242614644736,26142950,26141201,1,2936,scenario2
S2_reprodscen2_4,74000001,242930034432,29109514,29107551,1,2937,scenario2
S2_reprodscen2_4,74000001,243177025792,137659918,137658314,5,2938,scenario2
S2_reprodscen2_4,74000001,243177142016,110104960,110103428,5,2938,scenario2
S2_reprodscen2_4,74000001,243177219072,82030760,82029355,5,2938,scenario2
S2_reprodscen2_4,74000001,243177304064,55838868,55837598,5,2938,scenario2
S2_reprodscen2_4,74000001,243177383424,27681778,27680534,5,2938,scenario2
S2_reprodscen2_4,74000001,243280458496,90222959,90221237,3,2943,scenario2
S2_reprodscen2_4,74000001,243280544000,64116817,64115490,3,2943,scenario2
S2_reprodscen2_4,74000001,243280628480,31499435,31498077,3,2943,scenario2
S2_reprodscen2_4,74000001,243379445248,30515536,30506457,1,2946,scenario2
S2_reprodscen2_4,74000001,243508554496,83281970,83279736,3,2947,scenario2
S2_reprodscen2_4,74000001,243508657664,56255620,56253969,3,2947,scenario2
S2_reprodscen2_4,74000001,243508733440,29272880,29271263,3,2947,scenario2
S2_reprodscen2_4,74000001,243605671936,26633452,26631676,1,2950,scenario2
S2_reprodscen2_4,74000001,243687321856,27923012,27921421,1,2951,scenario2
S2_reprodscen2_4,74000001,243816089088,57594001,57592169,2,2952,scenario2
S2_reprodscen2_4,74000001,243816200704,30388749,30387341,2,2952,scenario2
S2_reprodscen2_4,74000001,243857006592,28687096,28685062,1,2954,scenario2
S2_reprodscen2_4,74000001,244190399232,134961173,134959328,5,2955,scenario2
S2_reprodscen2_4,74000001,244190532608,105570391,105569157,5,2955,scenario2
S2_reprodscen2_4,74000001,244190624768,78686607,78685283,5,2955,scenario2
S2_reprodscen2_4,74000001,244190700032,49634895,49633552,5,2955,scenario2
S2_reprodscen2_4,74000001,244190768896,25329549,25328364,5,2955,scenario2
S2_reprodscen2_4,74000001,244433042432,29076120,29074388,1,2960,scenario2
S2_reprodscen2_4,74000001,244667958784,27823813,27822189,1,2961,scenario2
S2_reprodscen2_4,74000001,244742548736,28755120,28753355,1,2962,scenario2
S2_reprodscen2_4,74000001,244794003456,27714323,27712591,1,2963,scenario2
S2_reprodscen2_4,74000001,244835883264,27295244,27293547,1,2964,scenario2
S2_reprodscen2_4,74000001,244883862272,25790710,25789222,1,2965,scenario2
S2_reprodscen2_4,74000001,245080097792,113731400,113729713,4,2966,scenario2
S2_reprodscen2_4,74000001,245080206080,83378348,83377007,4,2966,scenario2
S2_reprodscen2_4,74000001,245080268288,56448913,56447706,4,2966,scenario2
S2_reprodscen2_4,74000001,245080334848,27796268,27795086,4,2966,scenario2
S2_reprodscen2_4,74000001,245261376768,137532719,137530936,5,2970,scenario2
S2_reprodscen2_4,74000001,245261453824,109918964,109917716,5,2970,scenario2
S2_reprodscen2_4,74000001,245261515264,83440120,83439183,5,2970,scenario2
S2_reprodscen2_4,74000001,245261582336,55877825,55876587,5,2970,scenario2
S2_reprodscen2_4,74000001,245261646336,27756291,27755339,5,2970,scenario2
S2_reprodscen2_4,74000001,245347727872,27022859,27021179,1,2975,scenario2
S2_reprodscen2_4,74000001,245524143616,26738587,26736875,1,2976,scenario2
S2_reprodscen2_4,74000001,245704130048,57853573,57851743,2,2977,scenario2
S2_reprodscen2_4,74000001,245704207360,29063356,29062103,2,2977,scenario2
S2_reprodscen2_4,74000001,245749549312,31843327,31841672,1,2979,scenario2
S2_reprodscen2_4,74000001,246161753856,223451669,223449983,8,2980,scenario2
S2_reprodscen2_4,74000001,246161855744,195694552,195693188,8,2980,scenario2
S2_reprodscen2_4,74000001,246161930496,168376506,168375029,8,2980,scenario2
S2_reprodscen2_4,74000001,246161995520,142474436,142473330,8,2980,scenario2
S2_reprodscen2_4,74000001,246162064640,113369053,113367876,8,2980,scenario2
S2_reprodscen2_4,74000001,246162135808,84914109,84912701,8,2980,scenario2
S2_reprodscen2_4,74000001,246162203136,57163475,57161982,8,2980,scenario2
S2_reprodscen2_4,74000001,246162272512,28728643,28727344,8,2980,scenario2
S2_reprodscen2_4,74000001,246247959552,85613337,85612132,3,2988,scenario2
S2_reprodscen2_4,74000001,246248068352,85723143,57701792,3,2988,scenario2
S2_reprodscen2_4,74000001,246248142080,29371766,29370423,3,2988,scenario2
S2_reprodscen2_4,74000001,246400207616,56182903,56180790,2,2991,scenario2
S2_reprodscen2_4,74000001,246400302848,28114227,28112870,2,2991,scenario2
S2_reprodscen2_4,74000001,246521074688,31005707,31003759,1,2993,scenario2
S2_reprodscen2_4,74000001,246830941696,210989115,210986911,7,2994,scenario2
S2_reprodscen2_4,74000001,246831071488,181886518,181885139,7,2994,scenario2
S2_reprodscen2_4,74000001,246831157248,150924462,150922767,7,2994,scenario2
S2_reprodscen2_4,74000001,246831228160,122551657,122550432,7,2994,scenario2
S2_reprodscen2_4,74000001,246831298304,88085622,88084450,7,2994,scenario2
S2_reprodscen2_4,74000001,246831368448,58497185,58495999,7,2994,scenario2
S2_reprodscen2_4,74000001,246831435776,31393918,31392698,7,2994,scenario2
S2_reprodscen2_4,74000001,246885953280,29099438,29097807,1,3001,scenario2
S2_reprodscen2_4,74000001,247089809920,109598199,109596553,4,3002,scenario2
S2_reprodscen2_4,74000001,247089894144,81090239,81089033,4,3002,scenario2
S2_reprodscen2_4,74000001,247090005248,56044296,56043426,4,3002,scenario2
S2_reprodscen2_4,74000001,247090072064,29053045,29051805,4,3002,scenario2
S2_reprodscen2_4,74000001,247239637248,27112569,27111051,1,3006,scenario2
S2_reprodscen2_4,74000001,247454006016,86498906,86497252,3,3007,scenario2
S2_reprodscen2_4,74000001,247454116608,57991337,57989870,3,3007,scenario2
S2_reprodscen2_4,74000001,247454188032,29170150,29168959,3,3007,scenario2
S2_reprodscen2_4,74000001,247673112320,30572797,30571106,1,3010,scenario2
S2_reprodscen2_4,74000001,247764083968,57034338,57032670,2,3011,scenario2
S2_reprodscen2_4,74000001,247764175872,27968862,27967610,2,3011,scenario2
S2_reprodscen2_4,74000001,247981033216,141134365,141132577,5,3013,scenario2
S2_reprodscen2_4,74000001,247981139200,109895248,109893932,5,3013,scenario2
S2_reprodscen2_4,74000001,247981221632,83247367,83246183,5,3013,scenario2
S2_reprodscen2_4,74000001,247981287680,58006238,58005086,5,3013,scenario2
S2_reprodscen2_4,74000001,247981352448,29356305,29355076,5,3013,scenario2
S2_reprodscen2_4,74000001,248061841920,32348722,32346975,1,3018,scenario2
S2_reprodscen2_4,74000001,248096099840,30318799,30317153,1,3019,scenario2
S2_reprodscen2_4,74000001,248243728128,119209091,119207431,4,3020,scenario2
S2_reprodscen2_4,74000001,248243830272,91796838,91795474,4,3020,scenario2
S2_reprodscen2_4,74000001,248243910912,62214561,62213350,4,3020,scenario2
S2_reprodscen2_4,74000001,248243979264,33913283,33912089,4,3020,scenario2
S2_reprodscen2_4,74000001,248483846912,86366276,86364411,3,3024,scenario2
S2_reprodscen2_4,74000001,248483952640,56028494,56027101,3,3024,scenario2
S2_reprodscen2_4,74000001,248484033280,28236669,28235484,3,3024,scenario2
S2_reprodscen2_4,74000001,248576600832,30739759,30738046,1,3027,scenario2
S2_reprodscen2_4,74000001,248723209984,85455685,85454041,3,3028,scenario2
S2_reprodscen2_4,74000001,248723324160,56384445,56383212,3,3028,scenario2
S2_reprodscen2_4,74000001,248723399424,27251913,27250820,3,3028,scenario2
S2_reprodscen2_4,74000001,248787522048,32260302,32258524,1,3031,scenario2
S2_reprodscen2_4,74000001,248869416192,29296179,29294382,1,3032,scenario2
S2_reprodscen2_4,74000001,249134381312,209961736,209959988,7,3033,scenario2
S2_reprodscen2_4,74000001,249134494976,181026338,181024881,7,3033,scenario2
S2_reprodscen2_4,74000001,249134560000,152697838,152696640,7,3033,scenario2
S2_reprodscen2_4,74000001,249134637568,121689603,121688455,7,3033,scenario2
S2_reprodscen2_4,74000001,249134699776,91953905,91952926,7,3033,scenario2
S2_reprodscen2_4,74000001,249134762752,63317683,63316847,7,3033,scenario2
S2_reprodscen2_4,74000001,249134824960,36361873,36360966,7,3033,scenario2
S2_reprodscen2_4,74000001,249204994304,60606835,60605003,2,3040,scenario2
S2_reprodscen2_4,74000001,249205098496,32968552,32967289,2,3040,scenario2
S2_reprodscen2_4,74000001,249365611776,32837528,32835821,1,3042,scenario2
S2_reprodscen2_4,74000001,249394540800,27653679,27651854,1,3043,scenario2
S2_reprodscen2_4,74000001,249432201984,30566644,30564877,1,3044,scenario2
S2_reprodscen2_4,74000001,249471532288,27562704,27560986,1,3045,scenario2
S2_reprodscen2_4,74000001,249836920064,173170092,173168123,6,3046,scenario2
S2_reprodscen2_4,74000001,249837049856,143618283,143616718,6,3046,scenario2
S2_reprodscen2_4,74000001,249837342720,113757247,113755390,6,3046,scenario2
S2_reprodscen2_4,74000001,249837423872,84738403,84737137,6,3046,scenario2
S2_reprodscen2_4,74000001,249837503488,57019223,57017901,6,3046,scenario2
S2_reprodscen2_4,74000001,249837587456,29464191,29462844,6,3046,scenario2
S2_reprodscen2_4,74000001,250024968960,121505339,121503607,4,3052,scenario2
S2_reprodscen2_4,74000001,250025066752,91045654,91044265,4,3052,scenario2
S2_reprodscen2_4,74000001,250025155328,61971635,61970360,4,3052,scenario2
S2_reprodscen2_4,74000001,250025232896,31524794,31523368,4,3052,scenario2
S2_reprodscen2_4,74000001,250192899072,93860045,93858307,3,3056,scenario2
S2_reprodscen2_4,74000001,250193004544,62691607,62689971,3,3056,scenario2
S2_reprodscen2_4,74000001,250193100288,30839975,30838447,3,3056,scenario2
S2_reprodscen2_4,74000001,250243179520,27788776,27774675,1,3059,scenario2
S2_reprodscen2_4,74000001,250381362176,33529789,33528136,1,3060,scenario2
S2_reprodscen2_4,74000001,250504444416,31929830,31928144,1,3061,scenario2
S2_reprodscen2_4,74000001,250857051136,200096820,200095099,7,3062,scenario2
S2_reprodscen2_4,74000001,250857161728,169836623,169835201,7,3062,scenario2
S2_reprodscen2_4,74000001,250857260032,140405544,140404310,7,3062,scenario2
S2_reprodscen2_4,74000001,250857334272,111813764,111812446,7,3062,scenario2
S2_reprodscen2_4,74000001,250857408000,83495677,83494431,7,3062,scenario2
S2_reprodscen2_4,74000001,250857483520,55840473,55839221,7,3062,scenario2
S2_reprodscen2_4,74000001,250857560320,29068204,29066921,7,3062,scenario2
S2_reprodscen2_4,74000001,251146946048,240273334,240271605,8,3069,scenario2
S2_reprodscen2_4,74000001,251147054336,209693216,209691449,8,3069,scenario2
S2_reprodscen2_4,74000001,251147163904,178941534,178940214,8,3069,scenario2
S2_reprodscen2_4,74000001,251147240960,150983236,150982002,8,3069,scenario2
S2_reprodscen2_4,74000001,251147317760,120213046,120211778,8,3069,scenario2
S2_reprodscen2_4,74000001,251147395584,87807320,87805993,8,3069,scenario2
S2_reprodscen2_4,74000001,251147472128,60813629,60812176,8,3069,scenario2
S2_reprodscen2_4,74000001,251147545600,31943919,31942528,8,3069,scenario2
S2_reprodscen2_4,74000001,251178059264,29833307,29831795,1,3077,scenario2
S2_reprodscen2_4,74000001,251209443584,27605385,27603904,1,3078,scenario2
S2_reprodscen2_4,74000001,251389438720,31107776,31105895,1,3079,scenario2
S2_reprodscen2_4,74000001,251554605056,30630929,30629075,1,3080,scenario2
S2_reprodscen2_4,74000001,251635033344,29437022,29435288,1,3081,scenario2
S2_reprodscen2_4,74000001,251723260416,57305939,57304153,2,3082,scenario2
S2_reprodscen2_4,74000001,251723355392,26744787,26743500,2,3082,scenario2
S2_reprodscen2_4,74000001,251789959168,59546289,59544657,2,3084,scenario2
S2_reprodscen2_4,74000001,251790058240,28761587,28760310,2,3084,scenario2
S2_reprodscen2_4,74000001,251823147776,32513057,32510916,0,3086,scenario2
S2_reprodscen2_4,74000001,251916935936,29270707,29269018,1,3087,scenario2
S2_reprodscen2_4,74000001,252394913792,230331502,230329655,8,3088,scenario2
S2_reprodscen2_4,74000001,252395028992,198586423,198585027,8,3088,scenario2
S2_reprodscen2_4,74000001,252395096064,170185400,170184183,8,3088,scenario2
S2_reprodscen2_4,74000001,252395170816,142278880,142277500,8,3088,scenario2
S2_reprodscen2_4,74000001,252395237888,113519951,113518723,8,3088,scenario2
S2_reprodscen2_4,74000001,252395303680,87011854,87010669,8,3088,scenario2
S2_reprodscen2_4,74000001,252395366656,59497674,59496480,8,3088,scenario2
S2_reprodscen2_4,74000001,252395428352,30235612,30234392,8,3088,scenario2
S2_reprodscen2_4,74000001,252493116672,97624738,97623563,3,3096,scenario2
S2_reprodscen2_4,74000001,252493206272,97715219,64426737,3,3096,scenario2
S2_reprodscen2_4,74000001,252493278464,33991415,33990256,3,3096,scenario2
S2_reprodscen2_4,74000001,252676413184,56738422,56736778,2,3099,scenario2
S2_reprodscen2_4,74000001,252798280704,148914393,148913053,5,3100,scenario2
S2_reprodscen2_4,74000001,252798376448,121838334,121836941,5,3100,scenario2
S2_reprodscen2_4,74000001,252798444544,90819430,90818348,5,3100,scenario2
S2_reprodscen2_4,74000001,252798514432,60024724,60023464,5,3100,scenario2
S2_reprodscen2_4,74000001,252798602752,30286216,30284919,5,3100,scenario2
S2_reprodscen2_4,74000001,253048537344,249107421,249105689,8,3105,scenario2
S2_reprodscen2_4,74000001,253048614656,219142866,219141309,8,3105,scenario2
S2_reprodscen2_4,74000001,253048687872,187343593,187342387,8,3105,scenario2
S2_reprodscen2_4,74000001,253048751872,154544827,154543694,8,3105,scenario2
S2_reprodscen2_4,74000001,253048818432,124770743,124769547,8,3105,scenario2
S2_reprodscen2_4,74000001,253048881152,94148312,94147194,8,3105,scenario2
S2_reprodscen2_4,74000001,253048943616,64336287,64335118,8,3105,scenario2
S2_reprodscen2_4,74000001,253049005568,33199752,33198586,8,3105,scenario2
S2_reprodscen2_4,74000001,253079244544,30174467,30173187,1,3113,scenario2
S2_reprodscen2_4,74000001,253126660864,31330533,31328987,1,3114,scenario2
S2_reprodscen2_4,74000001,253303809536,121481320,121479720,4,3115,scenario2
S2_reprodscen2_4,74000001,253303917824,93587769,93586398,4,3115,scenario2
S2_reprodscen2_4,74000001,253304017664,62714091,62712754,4,3115,scenario2
S2_reprodscen2_4,74000001,253304086016,29974764,29973521,4,3115,scenario2
S2_reprodscen2_4,74000001,253442942208,59985077,59983508,2,3119,scenario2
S2_reprodscen2_4,74000001,253443048960,29732447,29731241,2,3119,scenario2
S2_reprodscen2_4,74000001,253889640448,232317768,232316067,8,3121,scenario2
S2_reprodscen2_4,74000001,253889761024,202434390,202433073,8,3121,scenario2
S2_reprodscen2_4,74000001,253889850112,170755375,170754116,8,3121,scenario2
S2_reprodscen2_4,74000001,253889921792,141369862,141368663,8,3121,scenario2
S2_reprodscen2_4,74000001,253889992960,112359062,112357894,8,3121,scenario2
S2_reprodscen2_4,74000001,253890063616,84054848,84053709,8,3121,scenario2
S2_reprodscen2_4,74000001,253890132224,56036066,56034921,8,3121,scenario2
S2_reprodscen2_4,74000001,253890199040,28152276,28151149,8,3121,scenario2
S2_reprodscen2_4,74000001,253921083648,30818757,30817637,5,3126,scenario2
S2_reprodscen2_4,74000001,253982375936,92112092,61197378,2,3130,scenario2
S2_reprodscen2_4,74000001,254013257984,61881579,61880168,3,3130,scenario2
S2_reprodscen2_4,74000001,254133171968,150664343,150663001,5,3132,scenario2
S2_reprodscen2_4,74000001,254133273344,119885760,119884468,5,3132,scenario2
S2_reprodscen2_4,74000001,254133358848,93224171,93223038,5,3132,scenario2
S2_reprodscen2_4,74000001,254133433344,64832492,64831267,5,3132,scenario2
S2_reprodscen2_4,74000001,254133496832,35286191,35285054,5,3132,scenario2
S2_reprodscen2_4,74000001,254323990016,92805467,92803874,3,3137,scenario2
S2_reprodscen2_4,74000001,254324087552,59910748,59909370,3,3137,scenario2
S2_reprodscen2_4,74000001,254324172032,31650903,31649832,3,3137,scenario2
S2_reprodscen2_4,74000001,254626321408,173413447,173411817,6,3140,scenario2
S2_reprodscen2_4,74000001,254626436608,145546913,145545632,6,3140,scenario2
S2_reprodscen2_4,74000001,254626516224,116256011,116254841,6,3140,scenario2
S2_reprodscen2_4,74000001,254626615296,87308890,87307411,6,3140,scenario2
S2_reprodscen2_4,74000001,254626689024,56958447,56957335,6,3140,scenario2
S2_reprodscen2_4,74000001,254626756096,29644898,29643787,6,3140,scenario2
S2_reprodscen2_4,74000001,254675181568,30738579,30736774,1,3146,scenario2
S2_reprodscen2_4,74000001,254758302976,31465356,31463725,1,3147,scenario2
S2_reprodscen2_4,74000001,254797431040,27252455,27250772,1,3148,scenario2
S2_reprodscen2_4,74000001,255190731776,226514124,226512439,8,3149,scenario2
S2_reprodscen2_4,74000001,255190819584,198401299,198400015,8,3149,scenario2
S2_reprodscen2_4,74000001,255190883072,170723909,170722659,8,3149,scenario2
S2_reprodscen2_4,74000001,255190950912,143045978,143045056,8,3149,scenario2
S2_reprodscen2_4,74000001,255191017216,115143632,115142457,8,3149,scenario2
S2_reprodscen2_4,74000001,255191079680,86780638,86779531,8,3149,scenario2
S2_reprodscen2_4,74000001,255191141376,58631363,58630493,8,3149,scenario2
S2_reprodscen2_4,74000001,255191203840,31074223,31073061,8,3149,scenario2
S2_reprodscen2_4,74000001,255224431360,33164011,33162848,4,3154,scenario2
S2_reprodscen2_4,74000001,255252587776,61321368,28079761,1,3158,scenario2
S2_reprodscen2_4,74000001,255337856000,84991072,84989757,3,3159,scenario2
S2_reprodscen2_4,74000001,255337959424,58227296,58226049,3,3159,scenario2
S2_reprodscen2_4,74000001,255338041856,28468939,28467743,3,3159,scenario2
S2_reprodscen2_4,74000001,255394301696,32935624,32933956,1,3162,scenario2
S2_reprodscen2_4,74000001,255456665856,28925201,28923596,1,3163,scenario2
S2_reprodscen2_4,74000001,255915393024,227104604,227102922,8,3164,scenario2
S2_reprodscen2_4,74000001,255915493632,197443357,197442039,8,3164,scenario2
S2_reprodscen2_4,74000001,255915582976,168070914,168069669,8,3164,scenario2
S2_reprodscen2_4,74000001,255915657984,139159046,139157867,8,3164,scenario2
S2_reprodscen2_4,74000001,255915732736,111736948,111735911,8,3164,scenario2
S2_reprodscen2_4,74000001,255915796736,84036289,84035182,8,3164,scenario2
S2_reprodscen2_4,74000001,255915858688,56626996,56625841,8,3164,scenario2
S2_reprodscen2_4,74000001,255915925248,28445086,28443994,8,3164,scenario2
S2_reprodscen2_4,74000001,255944246784,28258131,28256623,7,3165,scenario2
S2_reprodscen2_4,74000001,256062296064,146308438,117950389,4,3173,scenario2
S2_reprodscen2_4,74000001,256062400768,87076537,87075469,4,3173,scenario2
S2_reprodscen2_4,74000001,256062488576,87165277,58023165,4,3173,scenario2
S2_reprodscen2_4,74000001,256123119872,90877426,90875999,3,3176,scenario2
S2_reprodscen2_4,74000001,256123523584,60955849,60954471,3,3176,scenario2
S2_reprodscen2_4,74000001,256123622144,30138146,30136747,3,3176,scenario2
S2_reprodscen2_4,74000001,256358033408,148057157,148055476,5,3179,scenario2
S2_reprodscen2_4,74000001,256358141440,120755221,120754197,5,3179,scenario2
S2_reprodscen2_4,74000001,256358220032,90279314,90278165,5,3179,scenario2
S2_reprodscen2_4,74000001,256358283520,62649058,62647986,5,3179,scenario2
S2_reprodscen2_4,74000001,256358347264,31650619,31649388,5,3179,scenario2
S2_reprodscen2_4,74000001,256480670976,57933830,57932236,2,3184,scenario2
S2_reprodscen2_4,74000001,256480762624,26479252,26478027,2,3184,scenario2
S2_reprodscen2_4,74000001,256899052800,232881047,232879406,8,3186,scenario2
S2_reprodscen2_4,74000001,256899163904,205369951,205368712,8,3186,scenario2
S2_reprodscen2_4,74000001,256899250688,175005247,175004079,8,3186,scenario2
S2_reprodscen2_4,74000001,256899314688,145835357,145834192,8,3186,scenario2
S2_reprodscen2_4,74000001,256899380224,116715850,116714743,8,3186,scenario2
S2_reprodscen2_4,74000001,256899443968,85787053,85785916,8,3186,scenario2
S2_reprodscen2_4,74000001,256899508224,57196678,57195532,8,3186,scenario2
S2_reprodscen2_4,74000001,256899571456,28427495,28426374,8,3186,scenario2
S2_reprodscen2_4,74000001,256929000192,29359436,29358291,7,3188,scenario2
S2_reprodscen2_4,74000001,256986474752,86835186,57378955,2,3195,scenario2
S2_reprodscen2_4,74000001,257015185152,56794436,56793053,3,3195,scenario2
S2_reprodscen2_4,74000001,257217702144,231111926,231110657,8,3197,scenario2
S2_reprodscen2_4,74000001,257217827840,202524097,202522957,8,3197,scenario2
S2_reprodscen2_4,74000001,257217896960,171341698,171340585,8,3197,scenario2
S2_reprodscen2_4,74000001,257217961216,143436563,143435417,8,3197,scenario2
S2_reprodscen2_4,74000001,257218024448,116930153,116929055,8,3197,scenario2
S2_reprodscen2_4,74000001,257218089984,87293494,87292274,8,3197,scenario2
S2_reprodscen2_4,74000001,257218156544,58450691,58449488,8,3197,scenario2
S2_reprodscen2_4,74000001,257218219520,29140466,29139338,8,3197,scenario2
S2_reprodscen2_4,74000001,257275753216,57470393,57469292,2,3205,scenario2
S2_reprodscen2_4,74000001,257275859200,57577487,28091151,1,3206,scenario2
S2_reprodscen2_4,74000001,257481327104,84306765,84305202,3,3207,scenario2
S2_reprodscen2_4,74000001,257481447424,56467432,56466141,3,3207,scenario2
S2_reprodscen2_4,74000001,257481539328,26160775,26159431,3,3207,scenario2
S2_reprodscen2_4,74000001,257764790528,172633156,172631438,6,3210,scenario2
S2_reprodscen2_4,74000001,257764916480,140887258,140885942,6,3210,scenario2
S2_reprodscen2_4,74000001,257765016832,112303421,112302494,6,3210,scenario2
S2_reprodscen2_4,74000001,257765088768,85621372,85620264,6,3210,scenario2
S2_reprodscen2_4,74000001,257765163008,52302962,52301855,6,3210,scenario2
S2_reprodscen2_4,74000001,257765233408,25925686,25924831,6,3210,scenario2
S2_reprodscen2_4,74000001,257856999680,27905205,27903551,1,3216,scenario2
S2_reprodscen2_4,74000001,258112598016,228121693,228119929,8,3217,scenario2
S2_reprodscen2_4,74000001,258112712448,199518786,199517494,8,3217,scenario2
S2_reprodscen2_4,74000001,258112782592,167621142,167620071,8,3217,scenario2
S2_reprodscen2_4,74000001,258112846848,141200964,141200085,8,3217,scenario2
S2_reprodscen2_4,74000001,258112910592,113863927,113862963,8,3217,scenario2
S2_reprodscen2_4,74000001,258112976640,86144106,86143020,8,3217,scenario2
S2_reprodscen2_4,74000001,258113038848,57312317,57311467,8,3217,scenario2
S2_reprodscen2_4,74000001,258113102336,28209559,28208402,8,3217,scenario2
S2_reprodscen2_4,74000001,258354908672,175870502,175868788,6,3225,scenario2
S2_reprodscen2_4,74000001,258354983680,145146224,145145052,6,3225,scenario2
S2_reprodscen2_4,74000001,258355049984,117910342,117909180,6,3225,scenario2
S2_reprodscen2_4,74000001,258355115520,89432222,89431116,6,3225,scenario2
S2_reprodscen2_4,74000001,258355178752,61294829,61293841,6,3225,scenario2
S2_reprodscen2_4,74000001,258355244032,32393623,32392726,6,3225,scenario2
S2_reprodscen2_4,74000001,258413948160,34372719,34371019,1,3231,scenario2
S2_reprodscen2_4,74000001,258827712512,220670888,220669134,8,3232,scenario2
S2_reprodscen2_4,74000001,258856063744,220141866,220140311,8,3233,scenario2
S2_reprodscen2_4,74000001,258856171008,191336376,191335029,8,3233,scenario2
S2_reprodscen2_4,74000001,258856258560,163877766,163876453,8,3233,scenario2
S2_reprodscen2_4,74000001,258856329728,135528189,135526719,8,3233,scenario2
S2_reprodscen2_4,74000001,258856423936,108160577,108159182,8,3233,scenario2
S2_reprodscen2_4,74000001,258856496128,81201051,81199963,8,3233,scenario2
S2_reprodscen2_4,74000001,258856577536,54578008,54576230,8,3233,scenario2
S2_reprodscen2_4,74000001,258856666368,28816504,28807040,8,3233,scenario2
S2_reprodscen2_4,74000001,259088105728,231361407,231360377,8,3241,scenario2
S2_reprodscen2_4,74000001,259088225792,231482605,203099829,8,3241,scenario2
S2_reprodscen2_4,74000001,259088331776,172461254,172459764,8,3241,scenario2
S2_reprodscen2_4,74000001,259088402688,144800483,144799603,8,3241,scenario2
S2_reprodscen2_4,74000001,259088474624,144873095,116446375,8,3241,scenario2
S2_reprodscen2_4,74000001,259088563200,86857597,86856079,8,3241,scenario2
S2_reprodscen2_4,74000001,259088661248,56991520,56990118,8,3241,scenario2
S2_reprodscen2_4,74000001,259088736768,29168188,29165692,8,3241,scenario2
S2_reprodscen2_4,74000001,259116713984,27895822,27894772,7,3244,scenario2
S2_reprodscen2_4,74000001,259233141248,144324376,116298257,4,3250,scenario2
S2_reprodscen2_4,74000001,259233247232,85704209,85702895,4,3250,scenario2
S2_reprodscen2_4,74000001,259264239360,86407373,86406443,5,3250,scenario2
S2_reprodscen2_4,74000001,259264336128,86505007,59891279,5,3250,scenario2
S2_reprodscen2_4,74000001,259264429568,31071113,31069992,1,3254,scenario2
S2_reprodscen2_4,74000001,259395230208,28755158,28753492,1,3255,scenario2
S2_reprodscen2_4,74000001,259549746944,84027772,84026210,3,3256,scenario2
S2_reprodscen2_4,74000001,259549848576,55927026,55925818,3,3256,scenario2
S2_reprodscen2_4,74000001,259549915136,27653649,27652711,3,3256,scenario2
S2_reprodscen2_4,74000001,259647484160,84858386,84856692,3,3259,scenario2
S2_reprodscen2_4,74000001,259647584512,58517526,58516637,2,3260,scenario2
S2_reprodscen2_4,74000001,259647671552,29373235,29372142,2,3260,scenario2
S2_reprodscen2_4,74000001,259676322816,28068062,28066450,1,3262,scenario2
S2_reprodscen2_4,74000001,259737802496,26364171,26362590,1,3263,scenario2
S2_reprodscen2_4,74000001,259782276352,27065612,27063812,1,3264,scenario2
S2_reprodscen2_4,74000001,260075324416,139011292,139009777,5,3265,scenario2
S2_reprodscen2_4,74000001,260075435008,112681974,112680710,5,3265,scenario2
S2_reprodscen2_4,74000001,260075499520,85162191,85161134,5,3265,scenario2
S2_reprodscen2_4,74000001,260075563264,56658089,56657020,5,3265,scenario2
S2_reprodscen2_4,74000001,260075622656,28685909,28684976,5,3265,scenario2
S2_reprodscen2_4,74000001,260466341120,225443297,225441684,8,3270,scenario2
S2_reprodscen2_4,74000001,260466463232,193801127,193799707,8,3270,scenario2
S2_reprodscen2_4,74000001,260466525440,163641055,163639981,8,3270,scenario2
S2_reprodscen2_4,74000001,260466603008,137619434,137618347,8,3270,scenario2
S2_reprodscen2_4,74000001,260466662912,108500949,108499835,8,3270,scenario2
S2_reprodscen2_4,74000001,260466724864,80960097,80959037,8,3270,scenario2
S2_reprodscen2_4,74000001,260466789120,53514923,53513916,8,3270,scenario2
S2_reprodscen2_4,74000001,260466850560,27069970,27068858,8,3270,scenario2
S2_reprodscen2_4,74000001,260524436736,57523993,57522846,2,3278,scenario2
S2_reprodscen2_4,74000001,260524508160,57596217,29182361,2,3278,scenario2
S2_reprodscen2_4,74000001,260851657216,221680352,221678840,8,3280,scenario2
S2_reprodscen2_4,74000001,260851783424,193029767,193028574,8,3280,scenario2
S2_reprodscen2_4,74000001,260851865856,162909490,162908281,8,3280,scenario2
S2_reprodscen2_4,74000001,260851946496,134881445,134880324,8,3280,scenario2
S2_reprodscen2_4,74000001,260852022528,108316881,108315860,8,3280,scenario2
S2_reprodscen2_4,74000001,260852108032,81050792,81049809,8,3280,scenario2
S2_reprodscen2_4,74000001,260852182016,52405288,52404310,8,3280,scenario2
S2_reprodscen2_4,74000001,260852253440,27207512,27206626,8,3280,scenario2
S2_reprodscen2_4,74000001,261080566784,222102569,222100903,8,3288,scenario2
S2_reprodscen2_4,74000001,261080678144,194304232,194290586,8,3288,scenario2
S2_reprodscen2_4,74000001,261080763648,167731093,167729864,8,3288,scenario2
S2_reprodscen2_4,74000001,261080851712,139080604,139078981,8,3288,scenario2
S2_reprodscen2_4,74000001,261080931328,108976295,108975127,8,3288,scenario2
S2_reprodscen2_4,74000001,261081006848,81826587,81825404,8,3288,scenario2
S2_reprodscen2_4,74000001,261081080320,54009586,54008473,8,3288,scenario2
S2_reprodscen2_4,74000001,261081152512,27738735,27737587,8,3288,scenario2
S2_reprodscen2_4,74000001,261191037184,109811767,109810781,4,3296,scenario2
S2_reprodscen2_4,74000001,261217525248,136300962,107065091,5,3296,scenario2
S2_reprodscen2_4,74000001,261217609216,79901324,79900261,5,3296,scenario2
S2_reprodscen2_4,74000001,261217720320,80013005,53697001,5,3296,scenario2
S2_reprodscen2_4,74000001,261331217664,140065963,140064815,5,3300,scenario2
S2_reprodscen2_4,74000001,261360322304,142515610,142514573,5,3301,scenario2
S2_reprodscen2_4,74000001,261360402688,113503181,113502064,5,3301,scenario2
S2_reprodscen2_4,74000001,261360497408,86108018,86107010,5,3301,scenario2
S2_reprodscen2_4,74000001,261360579584,57443172,57442173,5,3301,scenario2
S2_reprodscen2_4,74000001,261360653056,29309263,29307895,5,3301,scenario2
S2_reprodscen2_4,74000001,261510291456,108850904,108849454,4,3306,scenario2
S2_reprodscen2_4,74000001,261510408960,83268819,83267530,4,3306,scenario2
S2_reprodscen2_4,74000001,261510506240,55183267,55182120,4,3306,scenario2
S2_reprodscen2_4,74000001,261510589696,27416995,27415691,4,3306,scenario2
S2_reprodscen2_4,74000001,261575190272,56167103,56165432,2,3310,scenario2
S2_reprodscen2_4,74000001,261575289088,29676545,29675343,2,3310,scenario2
S2_reprodscen2_4,74000001,261711441408,97289378,97287422,3,3312,scenario2
S2_reprodscen2_4,74000001,261711574016,63990284,63988720,3,3312,scenario2
S2_reprodscen2_4,74000001,261711653120,31942218,31940773,3,3312,scenario2
S2_reprodscen2_4,74000001,261894328320,28235154,28232953,1,3315,scenario2
S2_reprodscen2_4,74000001,262115517952,221044620,221042841,8,3316,scenario2
S2_reprodscen2_4,74000001,262115626496,194984976,194978239,8,3316,scenario2
S2_reprodscen2_4,74000001,262115729152,169040424,169039235,8,3316,scenario2
S2_reprodscen2_4,74000001,262115806208,141809083,141807886,8,3316,scenario2
S2_reprodscen2_4,74000001,262115879936,114350637,114349515,8,3316,scenario2
S2_reprodscen2_4,74000001,262115951104,85750193,85748975,8,3316,scenario2
S2_reprodscen2_4,74000001,262116025600,56180834,56179648,8,3316,scenario2
S2_reprodscen2_4,74000001,262116099840,28747553,28746497,8,3316,scenario2
S2_reprodscen2_4,74000001,262294305280,178133942,178132761,6,3324,scenario2
S2_reprodscen2_4,74000001,262294429952,178259744,149224008,6,3324,scenario2
S2_reprodscen2_4,74000001,262294517760,121827443,121826071,6,3324,scenario2
S2_reprodscen2_4,74000001,262324103424,151413861,122369032,7,3324,scenario2
S2_reprodscen2_4,74000001,262324180736,89000000,88998241,7,3324,scenario2
S2_reprodscen2_4,74000001,262324258304,89078462,59068801,7,3324,scenario2
S2_reprodscen2_4,74000001,262324333056,29718389,29717055,5,3327,scenario2
S2_reprodscen2_4,74000001,262354271488,29849370,29848069,1,3331,scenario2
S2_reprodscen2_4,74000001,262435742976,28653942,28652273,1,3332,scenario2
S2_reprodscen2_4,74000001,262474364160,28072472,28070946,1,3333,scenario2
S2_reprodscen2_4,74000001,262596452352,80705299,80703845,3,3334,scenario2
S2_reprodscen2_4,74000001,262596528384,54319547,54318378,3,3334,scenario2
S2_reprodscen2_4,74000001,262596601088,27610739,27609765,3,3334,scenario2
S2_reprodscen2_4,74000001,262652020736,26855371,26853867,1,3337,scenario2
S2_reprodscen2_4,74000001,262694159360,25766887,25765321,1,3338,scenario2
S2_reprodscen2_4,74000001,263190332672,231964642,231962872,8,3339,scenario2
S2_reprodscen2_4,74000001,263217033984,226896785,226895349,8,3340,scenario2
S2_reprodscen2_4,74000001,263217123584,196726625,196725327,8,3340,scenario2
S2_reprodscen2_4,74000001,263217223424,167519973,167518680,8,3340,scenario2
S2_reprodscen2_4,74000001,263217287936,137944140,137942837,8,3340,scenario2
S2_reprodscen2_4,74000001,263217353984,108677065,108676088,8,3340,scenario2
S2_reprodscen2_4,74000001,263217416960,81845474,81844452,8,3340,scenario2
S2_reprodscen2_4,74000001,263217489152,55382485,55381511,8,3340,scenario2
S2_reprodscen2_4,74000001,263217554944,27106235,27103658,8,3340,scenario2
S2_reprodscen2_4,74000001,263299830528,82204607,82203672,3,3348,scenario2
S2_reprodscen2_4,74000001,263299922944,82298117,53069251,3,3348,scenario2
S2_reprodscen2_4,74000001,263328534016,56229322,56228116,4,3348,scenario2
S2_reprodscen2_4,74000001,263526610944,226592287,226591113,8,3351,scenario2
S2_reprodscen2_4,74000001,263526690816,198043697,198042577,8,3351,scenario2
S2_reprodscen2_4,74000001,263526757888,169747011,169745880,8,3351,scenario2
S2_reprodscen2_4,74000001,263526829824,142683129,142682097,8,3351,scenario2
S2_reprodscen2_4,74000001,263526899968,113771326,113770027,8,3351,scenario2
S2_reprodscen2_4,74000001,263526964736,85467435,85466227,8,3351,scenario2
S2_reprodscen2_4,74000001,263527031040,55330828,55329475,8,3351,scenario2
S2_reprodscen2_4,74000001,263527094528,26859521,26858443,8,3351,scenario2
S2_reprodscen2_4,74000001,263556511488,29353091,29351674,1,3359,scenario2
S2_reprodscen2_4,74000001,263869288448,221450239,221448414,8,3360,scenario2
S2_reprodscen2_4,74000001,263869417216,193748304,193747051,8,3360,scenario2
S2_reprodscen2_4,74000001,263869480448,164166741,164165543,8,3360,scenario2
S2_reprodscen2_4,74000001,263869544960,136921620,136920519,8,3360,scenario2
S2_reprodscen2_4,74000001,263869607936,110109217,110108001,8,3360,scenario2
S2_reprodscen2_4,74000001,263869669632,84417070,84415961,8,3360,scenario2
S2_reprodscen2_4,74000001,263869733120,57156330,57155356,8,3360,scenario2
S2_reprodscen2_4,74000001,263869795584,28985478,28984325,8,3360,scenario2
S2_reprodscen2_4,74000001,263984274944,114410553,114409334,4,3368,scenario2
S2_reprodscen2_4,74000001,263984359936,114496705,86572620,3,3369,scenario2
S2_reprodscen2_4,74000001,263984425216,57124863,57123861,3,3369,scenario2
S2_reprodscen2_4,74000001,264013306368,86007039,58075341,4,3369,scenario2
S2_reprodscen2_4,74000001,264220817920,236318630,236317241,8,3372,scenario2
S2_reprodscen2_4,74000001,264220921344,207494892,207493596,8,3372,scenario2
S2_reprodscen2_4,74000001,264221013504,178961293,178960114,8,3372,scenario2
S2_reprodscen2_4,74000001,264221083136,149212684,149211386,8,3372,scenario2
S2_reprodscen2_4,74000001,264221147136,119702016,119700689,8,3372,scenario2
S2_reprodscen2_4,74000001,264221213184,90808650,90807366,8,3372,scenario2
S2_reprodscen2_4,74000001,264221276928,59962732,59961378,8,3372,scenario2
S2_reprodscen2_4,74000001,264221350144,30192313,30190857,8,3372,scenario2
S2_reprodscen2_4,74000001,264419041536,197615689,197614330,7,3380,scenario2
S2_reprodscen2_4,74000001,264419164160,197739657,168529282,7,3380,scenario2
S2_reprodscen2_4,74000001,264419197696,27701897,27700739,7,3380,scenario2
S2_reprodscen2_4,74000001,264419232512,139318669,139317446,6,3380,scenario2
S2_reprodscen2_4,74000001,264419268352,139355428,111647458,5,3380,scenario2
S2_reprodscen2_4,74000001,264419298560,84600448,84599603,4,3380,scenario2
S2_reprodscen2_4,74000001,264419332864,84635444,55675756,3,3380,scenario2
S2_reprodscen2_4,74000001,264523392256,80081153,80079520,3,3387,scenario2
S2_reprodscen2_4,74000001,264523493120,54057731,54056387,3,3387,scenario2
S2_reprodscen2_4,74000001,264523572992,26875355,26874080,3,3387,scenario2
S2_reprodscen2_4,74000001,264901700096,230257674,230255651,8,3390,scenario2
S2_reprodscen2_4,74000001,264901819904,200634794,200633158,8,3390,scenario2
S2_reprodscen2_4,74000001,264901949696,173353680,173352104,8,3390,scenario2
S2_reprodscen2_4,74000001,264902027776,143324333,143322888,8,3390,scenario2
S2_reprodscen2_4,74000001,264902109696,116379147,116377927,8,3390,scenario2
S2_reprodscen2_4,74000001,264902186496,89831917,89830827,8,3390,scenario2
S2_reprodscen2_4,74000001,264902266112,60360850,60359482,8,3390,scenario2
S2_reprodscen2_4,74000001,264902341376,31623985,31622503,8,3390,scenario2
S2_reprodscen2_4,74000001,264931640832,29221227,29220117,7,3393,scenario2
S2_reprodscen2_4,74000001,265015736320,113317773,83996538,3,3399,scenario2
S2_reprodscen2_4,74000001,265015841280,55678166,55676879,3,3399,scenario2
S2_reprodscen2_4,74000001,265015936000,55773577,27463632,3,3399,scenario2
S2_reprodscen2_4,74000001,265260241920,219794930,219793299,8,3402,scenario2
S2_reprodscen2_4,74000001,265260366848,192477449,192464203,8,3402,scenario2
S2_reprodscen2_4,74000001,265260481280,166474581,166473184,8,3402,scenario2
S2_reprodscen2_4,74000001,265260553472,138770788,138769642,8,3402,scenario2
S2_reprodscen2_4,74000001,265260630528,111378188,111376973,8,3402,scenario2
S2_reprodscen2_4,74000001,265260705024,80738194,80737124,8,3402,scenario2
S2_reprodscen2_4,74000001,265260781824,55075380,55074141,8,3402,scenario2
S2_reprodscen2_4,74000001,265260855040,27711087,27709850,8,3402,scenario2
S2_reprodscen2_4,74000001,265289042944,28111285,28110414,2,3409,scenario2
S2_reprodscen2_4,74000001,265318257408,57326881,29123079,1,3411,scenario2
S2_reprodscen2_4,74000001,265481942528,150952766,150950616,5,3412,scenario2
S2_reprodscen2_4,74000001,265482055680,120467556,120465782,5,3412,scenario2
S2_reprodscen2_4,74000001,265482151424,89171474,89170041,5,3412,scenario2
S2_reprodscen2_4,74000001,265482228736,58983605,58982190,5,3412,scenario2
S2_reprodscen2_4,74000001,265482304768,30333886,30332462,5,3412,scenario2
S2_reprodscen2_4,74000001,265875659776,222558796,222556994,8,3417,scenario2
S2_reprodscen2_4,74000001,265875756288,192754912,192753270,8,3417,scenario2
S2_reprodscen2_4,74000001,265875862528,165004054,165002652,8,3417,scenario2
S2_reprodscen2_4,74000001,265875951104,139013520,139012284,8,3417,scenario2
S2_reprodscen2_4,74000001,265876029184,114214036,114212741,8,3417,scenario2
S2_reprodscen2_4,74000001,265876115200,83270651,83269351,8,3417,scenario2
S2_reprodscen2_4,74000001,265876190464,54331096,54329915,8,3417,scenario2
S2_reprodscen2_4,74000001,265876266496,27294696,27293424,8,3417,scenario2
S2_reprodscen2_4,74000001,266075251456,198908427,198907429,7,3425,scenario2
S2_reprodscen2_4,74000001,266075359232,199017419,170177450,7,3425,scenario2
S2_reprodscen2_4,74000001,266075459840,141163363,141162249,7,3425,scenario2
S2_reprodscen2_4,74000001,266075540224,141244553,114226715,7,3425,scenario2
S2_reprodscen2_4,74000001,266075617536,88526194,88525033,7,3425,scenario2
S2_reprodscen2_4,74000001,266075692800,88602247,60740494,7,3425,scenario2
S2_reprodscen2_4,74000001,266103974144,58141471,58140331,8,3425,scenario2
S2_reprodscen2_4,74000001,266213953024,138175514,138174155,5,3432,scenario2
S2_reprodscen2_4,74000001,266214083328,109975415,109973374,5,3432,scenario2
S2_reprodscen2_4,74000001,266214171392,83159311,83158077,5,3432,scenario2
S2_reprodscen2_4,74000001,266214246144,54528858,54527516,5,3432,scenario2
S2_reprodscen2_4,74000001,266214331904,28036205,28034919,5,3432,scenario2
S2_reprodscen2_4,74000001,266344610560,27560464,27558418,0,3437,scenario2
S2_reprodscen2_4,74000001,266507885568,163017294,163015938,6,3438,scenario2
S2_reprodscen2_4,74000001,266507995648,136689051,136687432,6,3438,scenario2
S2_reprodscen2_4,74000001,266508081664,110851313,110850244,6,3438,scenario2
S2_reprodscen2_4,74000001,266508149248,83053135,83051829,6,3438,scenario2
S2_reprodscen2_4,74000001,266508211712,55311738,55310558,6,3438,scenario2
S2_reprodscen2_4,74000001,266508273408,27391902,27390779,6,3438,scenario2
S2_reprodscen2_4,74000001,266854750464,222082443,222080521,8,3444,scenario2
S2_reprodscen2_4,74000001,266854827520,192366533,192365245,8,3444,scenario2
S2_reprodscen2_4,74000001,266854893824,165356510,165355430,8,3444,scenario2
S2_reprodscen2_4,74000001,266854956032,137682911,137681815,8,3444,scenario2
S2_reprodscen2_4,74000001,266855016960,110940754,110939621,8,3444,scenario2
S2_reprodscen2_4,74000001,266855081728,82472800,82471597,8,3444,scenario2
S2_reprodscen2_4,74000001,266855144192,57024667,57023467,8,3444,scenario2
S2_reprodscen2_4,74000001,266855204864,30073304,30072172,8,3444,scenario2
S2_reprodscen2_4,74000001,266884815872,29549180,29548004,6,3447,scenario2
S2_reprodscen2_4,74000001,267055139328,199873628,170222255,6,3453,scenario2
S2_reprodscen2_4,74000001,267055237632,142495708,142494685,6,3453,scenario2
S2_reprodscen2_4,74000001,267055315968,142574853,113612600,6,3453,scenario2
S2_reprodscen2_4,74000001,267082127104,113419112,113417875,7,3453,scenario2
S2_reprodscen2_4,74000001,267082231808,113524485,86804859,7,3453,scenario2
S2_reprodscen2_4,74000001,267082317312,57312542,57311344,7,3453,scenario2
S2_reprodscen2_4,74000001,267278608896,223216667,223215303,8,3459,scenario2
S2_reprodscen2_4,74000001,267278724608,196327739,196326545,8,3459,scenario2
S2_reprodscen2_4,74000001,267278789632,168306829,168305641,8,3459,scenario2
S2_reprodscen2_4,74000001,267278865920,141478614,141477152,8,3459,scenario2
S2_reprodscen2_4,74000001,267278937344,109686982,109685656,8,3459,scenario2
S2_reprodscen2_4,74000001,267279011584,82731084,82730046,8,3459,scenario2
S2_reprodscen2_4,74000001,267279079936,55349525,55348438,8,3459,scenario2
S2_reprodscen2_4,74000001,267279149568,28528826,28527491,8,3459,scenario2
S2_reprodscen2_4,74000001,267424690944,145470790,145469639,5,3467,scenario2
S2_reprodscen2_4,74000001,267453151488,173932238,146680084,6,3467,scenario2
S2_reprodscen2_4,74000001,267453234688,117593161,117592062,6,3467,scenario2
S2_reprodscen2_4,74000001,267453308928,117668050,89845932,6,3467,scenario2
S2_reprodscen2_4,74000001,267453384704,63458685,63457349,6,3467,scenario2
S2_reprodscen2_4,74000001,267453463552,28634611,28633237,1,3472,scenario2
S2_reprodscen2_4,74000001,267858466560,221520339,221518593,8,3473,scenario2
S2_reprodscen2_4,74000001,267858543616,193162490,193161221,8,3473,scenario2
S2_reprodscen2_4,74000001,267858628864,161709085,161708125,8,3473,scenario2
S2_reprodscen2_4,74000001,267858692096,135732319,135731432,8,3473,scenario2
S2_reprodscen2_4,74000001,267858754560,110088226,110087363,8,3473,scenario2
S2_reprodscen2_4,74000001,267858816256,83720745,83719651,8,3473,scenario2
S2_reprodscen2_4,74000001,267858881536,57425169,57424143,8,3473,scenario2
S2_reprodscen2_4,74000001,267858942464,30089502,30088431,8,3473,scenario2
S2_reprodscen2_4,74000001,267945548288,86540662,86539585,3,3481,scenario2
S2_reprodscen2_4,74000001,267945667072,86660525,55593664,3,3481,scenario2
S2_reprodscen2_4,74000001,267945737216,27893649,27892553,3,3481,scenario2
S2_reprodscen2_4,74000001,268190109696,216616479,216614623,8,3484,scenario2
S2_reprodscen2_4,74000001,268190191872,190593419,190592228,8,3484,scenario2
S2_reprodscen2_4,74000001,268190267392,163645049,163643921,8,3484,scenario2
S2_reprodscen2_4,74000001,268190337792,135049660,135048420,8,3484,scenario2
S2_reprodscen2_4,74000001,268190407424,106696342,106695127,8,3484,scenario2
S2_reprodscen2_4,74000001,268190475264,80093491,80092408,8,3484,scenario2
S2_reprodscen2_4,74000001,268190543872,53771224,53769949,8,3484,scenario2
S2_reprodscen2_4,74000001,268190618368,28074180,28073006,8,3484,scenario2
S2_reprodscen2_4,74000001,268217658112,26969499,26968384,4,3489,scenario2
S2_reprodscen2_4,74000001,268377163776,186476059,159402310,6,3493,scenario2
S2_reprodscen2_4,74000001,268405356800,161143810,161142791,7,3493,scenario2
S2_reprodscen2_4,74000001,268405458688,161246449,135956092,7,3493,scenario2
S2_reprodscen2_4,74000001,268405537792,111050835,111049559,7,3493,scenario2
S2_reprodscen2_4,74000001,268405611008,111124560,81553517,7,3493,scenario2
S2_reprodscen2_4,74000001,268405677056,56325571,56324543,7,3493,scenario2
S2_reprodscen2_4,74000001,268487759872,110464847,110463645,4,3499,scenario2
S2_reprodscen2_4,74000001,268487879168,82124278,82122820,4,3499,scenario2
S2_reprodscen2_4,74000001,268487980544,54515528,54514254,4,3499,scenario2
S2_reprodscen2_4,74000001,268488052224,26424958,26423653,4,3499,scenario2
S2_reprodscen2_4,74000001,268835038976,227390309,227388629,8,3503,scenario2
S2_reprodscen2_4,74000001,268868147200,234429317,234428129,8,3504,scenario2
S2_reprodscen2_4,74000001,268868245760,206848259,206846915,8,3504,scenario2
S2_reprodscen2_4,74000001,268868321280,179093087,179091859,8,3504,scenario2
S2_reprodscen2_4,74000001,268868394752,151489333,151488219,8,3504,scenario2
S2_reprodscen2_4,74000001,268868461568,122089181,122088218,8,3504,scenario2
S2_reprodscen2_4,74000001,268868527872,93914376,93913163,8,3504,scenario2
S2_reprodscen2_4,74000001,268868593408,65509155,65496078,8,3504,scenario2
S2_reprodscen2_4,74000001,268868666368,33489168,33475269,8,3504,scenario2
S2_reprodscen2_4,74000001,268928375296,59638135,59637200,2,3512,scenario2
S2_reprodscen2_4,74000001,268957997568,89261662,61043222,3,3512,scenario2
S2_reprodscen2_4,74000001,269151628800,223136333,223134735,8,3514,scenario2
S2_reprodscen2_4,74000001,269151735552,193622776,193621131,8,3514,scenario2
S2_reprodscen2_4,74000001,269151821824,165127098,165125566,8,3514,scenario2
S2_reprodscen2_4,74000001,269151891968,136197951,136196794,8,3514,scenario2
S2_reprodscen2_4,74000001,269151965952,109038992,109037774,8,3514,scenario2
S2_reprodscen2_4,74000001,269152034816,82572840,82571516,8,3514,scenario2
S2_reprodscen2_4,74000001,269152101632,56400812,56399774,8,3514,scenario2
S2_reprodscen2_4,74000001,269152169728,28024927,28023729,8,3514,scenario2
S2_reprodscen2_4,74000001,269265438720,113198568,113197546,4,3522,scenario2
S2_reprodscen2_4,74000001,269295053568,142814516,113145479,5,3522,scenario2
S2_reprodscen2_4,74000001,269295162112,83611665,83610720,5,3522,scenario2
S2_reprodscen2_4,74000001,269295237632,83687600,54780414,5,3522,scenario2
S2_reprodscen2_4,74000001,269461251328,195673173,195671657,7,3526,scenario2
S2_reprodscen2_4,74000001,269461323520,166001542,166000431,7,3526,scenario2
S2_reprodscen2_4,74000001,269461391104,139966389,139965425,7,3526,scenario2
S2_reprodscen2_4,74000001,269461454848,112930550,112929668,7,3526,scenario2
S2_reprodscen2_4,74000001,269461517568,86670374,86669280,7,3526,scenario2
S2_reprodscen2_4,74000001,269461580288,58603635,58602549,7,3526,scenario2
S2_reprodscen2_4,74000001,269461643264,29013026,29012121,7,3526,scenario2
S2_reprodscen2_4,74000001,269798145280,221410581,221408861,8,3533,scenario2
S2_reprodscen2_4,74000001,269798271232,189662861,189661610,8,3533,scenario2
S2_reprodscen2_4,74000001,269798343936,162663340,162662213,8,3533,scenario2
S2_reprodscen2_4,74000001,269798413312,135012145,135011036,8,3533,scenario2
S2_reprodscen2_4,74000001,269798492928,108715792,108714655,8,3533,scenario2
S2_reprodscen2_4,74000001,269798561792,81309551,81308480,8,3533,scenario2
S2_reprodscen2_4,74000001,269798634496,53824777,53823823,8,3533,scenario2
S2_reprodscen2_4,74000001,269798699008,28017861,28016828,8,3533,scenario2
S2_reprodscen2_4,74000001,269884151552,85388680,85387510,3,3541,scenario2
S2_reprodscen2_4,74000001,269910808576,112046620,81585676,4,3541,scenario2
S2_reprodscen2_4,74000001,269910928128,54441381,54440135,4,3541,scenario2
S2_reprodscen2_4,74000001,269965585408,81344293,81343132,3,3544,scenario2
S2_reprodscen2_4,74000001,269965687552,54684682,54683646,3,3544,scenario2
S2_reprodscen2_4,74000001,269965760512,27358608,27357567,3,3544,scenario2
S2_reprodscen2_4,74000001,270239721728,165895903,165894055,6,3547,scenario2
S2_reprodscen2_4,74000001,270239829760,135035153,135033935,6,3547,scenario2
S2_reprodscen2_4,74000001,270239935488,106743007,106741232,6,3547,scenario2
S2_reprodscen2_4,74000001,270240008192,81342451,81341180,6,3547,scenario2
S2_reprodscen2_4,74000001,270240090880,55370343,55368815,6,3547,scenario2
S2_reprodscen2_4,74000001,270240165120,28750323,28749151,6,3547,scenario2
S2_reprodscen2_4,74000001,270589338624,218346366,218344647,8,3553,scenario2
S2_reprodscen2_4,74000001,270589464320,189825328,189824196,8,3553,scenario2
S2_reprodscen2_4,74000001,270589549312,162068522,162067410,8,3553,scenario2
S2_reprodscen2_4,74000001,270589619200,133539007,133538006,8,3553,scenario2
S2_reprodscen2_4,74000001,270589689088,106498093,106497145,8,3553,scenario2
S2_reprodscen2_4,74000001,270589757952,79389959,79389088,8,3553,scenario2
S2_reprodscen2_4,74000001,270589824000,53437557,53436514,8,3553,scenario2
S2_reprodscen2_4,74000001,270589887744,26343401,26342342,8,3553,scenario2
S2_reprodscen2_4,74000001,270622415104,32463066,32462212,3,3559,scenario2
S2_reprodscen2_4,74000001,270730783744,140832799,108281633,4,3562,scenario2
S2_reprodscen2_4,74000001,270730878720,78135592,78134442,4,3562,scenario2
S2_reprodscen2_4,74000001,270730949376,78207027,50230860,4,3562,scenario2
S2_reprodscen2_4,74000001,270731016960,24227446,24226509,4,3562,scenario2
S2_reprodscen2_4,74000001,270954057216,213169950,213168298,8,3566,scenario2
S2_reprodscen2_4,74000001,270954180864,185406357,185405130,8,3566,scenario2
S2_reprodscen2_4,74000001,270954249984,161290038,161289148,8,3566,scenario2
S2_reprodscen2_4,74000001,270954309888,134501049,134500052,8,3566,scenario2
S2_reprodscen2_4,74000001,270954372096,109004472,109003371,8,3566,scenario2
S2_reprodscen2_4,74000001,270954435840,82509596,82508433,8,3566,scenario2
S2_reprodscen2_4,74000001,270954497536,52628969,52627869,8,3566,scenario2
S2_reprodscen2_4,74000001,270954565120,26937784,26936759,8,3566,scenario2
S2_reprodscen2_4,74000001,270986203904,31564592,31563479,2,3573,scenario2
S2_reprodscen2_4,74000001,271143175936,188537561,156874615,6,3575,scenario2
S2_reprodscen2_4,74000001,271143261952,131478506,131477491,6,3575,scenario2
S2_reprodscen2_4,74000001,271143360768,131578071,105684512,6,3575,scenario2
S2_reprodscen2_4,74000001,271143421952,80588132,80587211,6,3575,scenario2
S2_reprodscen2_4,74000001,271143485440,80652025,52069320,6,3575,scenario2
S2_reprodscen2_4,74000001,271227264256,111681234,111680231,4,3580,scenario2
S2_reprodscen2_4,74000001,271227362048,83796722,83795471,4,3580,scenario2
S2_reprodscen2_4,74000001,271227460864,55183956,55182867,4,3580,scenario2
S2_reprodscen2_4,74000001,271227523072,27545997,27544892,4,3580,scenario2
S2_reprodscen2_4,74000001,271498209024,214432998,214431215,8,3584,scenario2
S2_reprodscen2_4,74000001,271498311936,186012721,186011608,8,3584,scenario2
S2_reprodscen2_4,74000001,271498403584,161970302,161968884,8,3584,scenario2
S2_reprodscen2_4,74000001,271498482432,136338386,136337325,8,3584,scenario2
S2_reprodscen2_4,74000001,271498568960,109005978,109004423,8,3584,scenario2
S2_reprodscen2_4,74000001,271498655744,82205664,82204525,8,3584,scenario2
S2_reprodscen2_4,74000001,271498724096,53825136,53823365,8,3584,scenario2
S2_reprodscen2_4,74000001,271498803968,26139120,26137335,8,3584,scenario2
S2_reprodscen2_4,74000001,271611468544,112597131,112595866,4,3592,scenario2
S2_reprodscen2_4,74000001,271611545344,112675125,83602586,4,3592,scenario2
S2_reprodscen2_4,74000001,271638371072,83279791,83278755,5,3592,scenario2
S2_reprodscen2_4,74000001,271638469632,83379370,55521140,5,3592,scenario2
S2_reprodscen2_4,74000001,271776689920,165058070,165056932,6,3596,scenario2
S2_reprodscen2_4,74000001,271776787712,138232934,138231790,6,3596,scenario2
S2_reprodscen2_4,74000001,271776863232,111118971,111117891,6,3596,scenario2
S2_reprodscen2_4,74000001,271776929792,80706011,80705099,6,3596,scenario2
S2_reprodscen2_4,74000001,271776991488,54381706,54380633,6,3596,scenario2
S2_reprodscen2_4,74000001,271777052928,27232504,27231421,6,3596,scenario2
S2_reprodscen2_4,74000001,272114072064,213877084,213875437,8,3602,scenario2
S2_reprodscen2_4,74000001,272114174464,186540623,186539416,8,3602,scenario2
S2_reprodscen2_4,74000001,272114257408,159564157,159562994,8,3602,scenario2
S2_reprodscen2_4,74000001,272114321152,133341174,133340137,8,3602,scenario2
S2_reprodscen2_4,74000001,272114392832,106525129,106523917,8,3602,scenario2
S2_reprodscen2_4,74000001,272114455552,78481386,78480328,8,3602,scenario2
S2_reprodscen2_4,74000001,272114519808,54238033,54237002,8,3602,scenario2
S2_reprodscen2_4,74000001,272114587136,30760312,30759074,8,3602,scenario2
S2_reprodscen2_4,74000001,272197976320,83311671,83310542,3,3610,scenario2
S2_reprodscen2_4,74000001,272198086912,83423119,51517965,3,3610,scenario2
S2_reprodscen2_4,74000001,272223520256,51726699,51725538,4,3610,scenario2
S2_reprodscen2_4,74000001,272415601152,217420708,217419481,8,3613,scenario2
S2_reprodscen2_4,74000001,272442953216,219326428,219325339,8,3614,scenario2
S2_reprodscen2_4,74000001,272443067136,192886075,192884965,8,3614,scenario2
S2_reprodscen2_4,74000001,272443134208,167676766,167675677,8,3614,scenario2
S2_reprodscen2_4,74000001,272443203328,139213831,139212814,8,3614,scenario2
S2_reprodscen2_4,74000001,272443265024,109974134,109973081,8,3614,scenario2
S2_reprodscen2_4,74000001,272443329536,82937131,82936127,8,3614,scenario2
S2_reprodscen2_4,74000001,272443391488,57489178,57488182,8,3614,scenario2
S2_reprodscen2_4,74000001,272443452160,27729428,27715603,8,3614,scenario2
S2_reprodscen2_4,74000001,272606668032,163149532,163148396,6,3622,scenario2
S2_reprodscen2_4,74000001,272606758400,163240859,133826133,6,3622,scenario2
S2_reprodscen2_4,74000001,272606834176,106683735,106682834,6,3622,scenario2
S2_reprodscen2_4,74000001,272606899200,106749285,79936744,6,3622,scenario2
S2_reprodscen2_4,74000001,272606959872,51073262,51072208,6,3622,scenario2
S2_reprodscen2_4,74000001,272635310848,53810712,53809554,2,3627,scenario2
S2_reprodscen2_4,74000001,272635407872,28369190,28368091,2,3627,scenario2
S2_reprodscen2_4,74000001,272794336512,137861390,137859769,5,3629,scenario2
S2_reprodscen2_4,74000001,272794437376,111509761,111508528,5,3629,scenario2
S2_reprodscen2_4,74000001,272794518016,86006616,86005635,5,3629,scenario2
S2_reprodscen2_4,74000001,272794586112,56209283,56208146,5,3629,scenario2
S2_reprodscen2_4,74000001,272794655488,29486033,29484841,5,3629,scenario2
S2_reprodscen2_4,74000001,273117925888,204993437,204991877,8,3634,scenario2
S2_reprodscen2_4,74000001,273118030592,178399227,178398249,8,3634,scenario2
S2_reprodscen2_4,74000001,273118128384,154170435,154169516,8,3634,scenario2
S2_reprodscen2_4,74000001,273118194432,129801407,129800243,8,3634,scenario2
S2_reprodscen2_4,74000001,273118256640,102631079,102630082,8,3634,scenario2
S2_reprodscen2_4,74000001,273118337280,77209368,77208187,8,3634,scenario2
S2_reprodscen2_4,74000001,273118398720,52030133,52029338,8,3634,scenario2
S2_reprodscen2_4,74000001,273118459648,25215071,25214244,8,3634,scenario2
S2_reprodscen2_4,74000001,273199809024,81287361,81286483,3,3642,scenario2
S2_reprodscen2_4,74000001,273199846912,25683199,25682283,3,3642,scenario2
S2_reprodscen2_4,74000001,273199888128,81367431,52238442,2,3642,scenario2
S2_reprodscen2_4,74000001,273331257600,131295407,131294521,5,3645,scenario2
S2_reprodscen2_4,74000001,273331367680,106575100,106574051,5,3645,scenario2
S2_reprodscen2_4,74000001,273331446528,80974104,80973219,5,3645,scenario2
S2_reprodscen2_4,74000001,273331516928,55149454,55148428,5,3645,scenario2
S2_reprodscen2_4,74000001,273331580416,26776184,26775244,5,3645,scenario2
S2_reprodscen2_4,74000001,273579890432,217694434,217692720,8,3650,scenario2
S2_reprodscen2_4,74000001,273580010496,191582632,191581603,8,3650,scenario2
S2_reprodscen2_4,74000001,273580079616,165396715,165395520,8,3650,scenario2
S2_reprodscen2_4,74000001,273580150528,136672971,136672125,8,3650,scenario2
S2_reprodscen2_4,74000001,273580213248,110243612,110242651,8,3650,scenario2
S2_reprodscen2_4,74000001,273580275712,80596719,80595729,8,3650,scenario2
S2_reprodscen2_4,74000001,273580336896,53440979,53440109,8,3650,scenario2
S2_reprodscen2_4,74000001,273580404992,26651452,26650604,8,3650,scenario2
S2_reprodscen2_4,74000001,273615578112,35110864,35109965,3,3656,scenario2
S2_reprodscen2_4,74000001,273669267712,88801379,53621294,2,3659,scenario2
S2_reprodscen2_4,74000001,273669379840,25456927,25455963,1,3660,scenario2
S2_reprodscen2_4,74000001,273949569536,210752150,210750399,8,3661,scenario2
S2_reprodscen2_4,74000001,273949678848,183589110,183588131,8,3661,scenario2
S2_reprodscen2_4,74000001,273949774336,157148330,157147258,8,3661,scenario2
S2_reprodscen2_4,74000001,273949844992,130929962,130929109,8,3661,scenario2
S2_reprodscen2_4,74000001,273949914624,105107046,105106003,8,3661,scenario2
S2_reprodscen2_4,74000001,273949983488,80856735,80855872,8,3661,scenario2
S2_reprodscen2_4,74000001,273950048256,53151516,53150451,8,3661,scenario2
S2_reprodscen2_4,74000001,273950111232,26212402,26211293,8,3661,scenario2
S2_reprodscen2_4,74000001,274057191936,107017419,107016115,3,3669,scenario2
S2_reprodscen2_4,74000001,274145108480,194934853,168426741,6,3670,scenario2
S2_reprodscen2_4,74000001,274145220096,143412707,143411676,6,3670,scenario2
S2_reprodscen2_4,74000001,274145300224,143493514,115640875,6,3670,scenario2
S2_reprodscen2_4,74000001,274145364224,88060515,88059546,6,3670,scenario2
S2_reprodscen2_4,74000001,274145444096,88141205,56719477,6,3670,scenario2
S2_reprodscen2_4,74000001,274173683456,55529911,55528686,7,3670,scenario2
S2_reprodscen2_4,74000001,274361532672,216013277,216012040,8,3676,scenario2
S2_reprodscen2_4,74000001,274361624576,187809843,187808709,8,3676,scenario2
S2_reprodscen2_4,74000001,274361712896,160702993,160702128,8,3676,scenario2
S2_reprodscen2_4,74000001,274361778176,133701507,133700409,8,3676,scenario2
S2_reprodscen2_4,74000001,274361841408,109899161,109898104,8,3676,scenario2
S2_reprodscen2_4,74000001,274361903616,84332433,84331602,8,3676,scenario2
S2_reprodscen2_4,74000001,274361966592,56549614,56548592,8,3676,scenario2
S2_reprodscen2_4,74000001,274362034432,27604430,27603270,8,3676,scenario2
S2_reprodscen2_4,74000001,274394171904,32074092,32073227,4,3682,scenario2
S2_reprodscen2_4,74000001,274559387648,197290786,165106369,6,3685,scenario2
S2_reprodscen2_4,74000001,274559486720,137494845,137493932,6,3685,scenario2
S2_reprodscen2_4,74000001,274559574272,137583337,111497609,6,3685,scenario2
S2_reprodscen2_4,74000001,274559644416,84737254,84736259,6,3685,scenario2
S2_reprodscen2_4,74000001,274559708416,84802137,58704242,6,3685,scenario2
S2_reprodscen2_4,74000001,274559770368,26476080,26475013,6,3685,scenario2
S2_reprodscen2_4,74000001,274872045568,210628883,210627196,8,3691,scenario2
S2_reprodscen2_4,74000001,274872155392,182781523,182780404,8,3691,scenario2
S2_reprodscen2_4,74000001,274872250368,157311996,157310934,8,3691,scenario2
S2_reprodscen2_4,74000001,274872323840,132474403,132473536,8,3691,scenario2
S2_reprodscen2_4,74000001,274872392448,105806989,105805960,8,3691,scenario2
S2_reprodscen2_4,74000001,274872460544,80495439,80494615,8,3691,scenario2
S2_reprodscen2_4,74000001,274872525824,53886462,53885449,8,3691,scenario2
S2_reprodscen2_4,74000001,274872589568,27593319,27592251,8,3691,scenario2
S2_reprodscen2_4,74000001,274901601536,28945604,28944504,7,3694,scenario2
S2_reprodscen2_4,74000001,275032192000,159537280,130489301,5,3700,scenario2
S2_reprodscen2_4,74000001,275032290304,105733395,105732487,5,3700,scenario2
S2_reprodscen2_4,74000001,275032373248,105817102,80473552,5,3700,scenario2
S2_reprodscen2_4,74000001,275032439552,55053713,55052466,5,3700,scenario2
S2_reprodscen2_4,74000001,275032503040,55118483,28647099,5,3700,scenario2
S2_reprodscen2_4,74000001,275271329280,211372912,211371300,8,3705,scenario2
S2_reprodscen2_4,74000001,275271446272,184792850,184791637,8,3705,scenario2
S2_reprodscen2_4,74000001,275272696064,159106970,159105860,8,3705,scenario2
S2_reprodscen2_4,74000001,275272773888,132253290,132252113,8,3705,scenario2
S2_reprodscen2_4,74000001,275272840192,104851615,104850566,8,3705,scenario2
S2_reprodscen2_4,74000001,275272901888,79100601,79099582,8,3705,scenario2
S2_reprodscen2_4,74000001,275272963072,51064822,51063790,8,3705,scenario2
S2_reprodscen2_4,74000001,275273026048,27837531,27836709,8,3705,scenario2
S2_reprodscen2_4,74000001,275525985536,214687236,214685578,8,3713,scenario2
S2_reprodscen2_4,74000001,275526090496,187153012,187151856,8,3713,scenario2
S2_reprodscen2_4,74000001,275526179072,160509520,160508491,8,3713,scenario2
S2_reprodscen2_4,74000001,275526242304,130893635,130892612,8,3713,scenario2
S2_reprodscen2_4,74000001,275526304256,103702585,103701585,8,3713,scenario2
S2_reprodscen2_4,74000001,275526366720,76609609,76608600,8,3713,scenario2
S2_reprodscen2_4,74000001,275526427648,52563905,52562915,8,3713,scenario2
S2_reprodscen2_4,74000001,275526497024,26030985,26030092,8,3713,scenario2
S2_reprodscen2_4,74000001,275607402240,80837155,80836175,3,3721,scenario2
S2_reprodscen2_4,74000001,275607520000,80955936,53347449,3,3721,scenario2
S2_reprodscen2_4,74000001,275607603200,27409556,27408445,3,3721,scenario2
S2_reprodscen2_4,74000001,275792900096,133718933,133717336,5,3724,scenario2
S2_reprodscen2_4,74000001,275901215744,215145860,215144733,8,3725,scenario2
S2_reprodscen2_4,74000001,275901327104,188527723,188526823,8,3725,scenario2
S2_reprodscen2_4,74000001,275901401344,162097026,162095978,8,3725,scenario2
S2_reprodscen2_4,74000001,275901467904,135631146,135630068,8,3725,scenario2
S2_reprodscen2_4,74000001,275901529856,108519162,108518023,8,3725,scenario2
S2_reprodscen2_4,74000001,275901596928,81325091,81324020,8,3725,scenario2
S2_reprodscen2_4,74000001,275901658368,52486681,52485608,8,3725,scenario2
S2_reprodscen2_4,74000001,275901719040,25921853,25920802,8,3725,scenario2
S2_reprodscen2_4,74000001,276045094912,143309905,143308865,5,3733,scenario2
S2_reprodscen2_4,74000001,276045197312,143413445,109506532,5,3733,scenario2
S2_reprodscen2_4,74000001,276045278720,83328932,83328001,5,3733,scenario2
S2_reprodscen2_4,74000001,276045344000,83395066,56022540,5,3733,scenario2
S2_reprodscen2_4,74000001,276073057280,55854041,55852847,6,3733,scenario2
S2_reprodscen2_4,74000001,276125896704,80478528,80477426,3,3738,scenario2
S2_reprodscen2_4,74000001,276285566976,212399475,212398450,8,3739,scenario2
S2_reprodscen2_4,74000001,276285655040,185552359,185551368,8,3739,scenario2
S2_reprodscen2_4,74000001,276285739008,159726297,159725226,8,3739,scenario2
S2_reprodscen2_4,74000001,276285801728,133610134,133609232,8,3739,scenario2
S2_reprodscen2_4,74000001,276285863680,107103245,107102077,8,3739,scenario2
S2_reprodscen2_4,74000001,276285923072,81963846,81962846,8,3739,scenario2
S2_reprodscen2_4,74000001,276285982208,57346869,57345884,8,3739,scenario2
S2_reprodscen2_4,74000001,276286041600,28594170,28593115,8,3739,scenario2
S2_reprodscen2_4,74000001,276364066048,77964589,77963563,3,3747,scenario2
S2_reprodscen2_4,74000001,276364164608,78063987,51632669,3,3747,scenario2
S2_reprodscen2_4,74000001,276554330112,217154699,217153462,8,3749,scenario2
S2_reprodscen2_4,74000001,276554404608,190145866,190144670,8,3749,scenario2
S2_reprodscen2_4,74000001,276554469888,160552644,160551583,8,3749,scenario2
S2_reprodscen2_4,74000001,276554533376,130527709,130526652,8,3749,scenario2
S2_reprodscen2_4,74000001,276554613248,103199272,103198188,8,3749,scenario2
S2_reprodscen2_4,74000001,276554677504,76922861,76921758,8,3749,scenario2
S2_reprodscen2_4,74000001,276554739968,49182341,49181261,8,3749,scenario2
S2_reprodscen2_4,74000001,276554802944,25207102,25206024,8,3749,scenario2
S2_reprodscen2_4,74000001,276610690304,28687584,28685322,1,3757,scenario2
S2_reprodscen2_4,74000001,276914206976,211088141,211086111,8,3758,scenario2
S2_reprodscen2_4,74000001,276914320640,181323296,181322038,8,3758,scenario2
S2_reprodscen2_4,74000001,276914418432,155435989,155435024,8,3758,scenario2
S2_reprodscen2_4,74000001,276914492928,129645061,129643939,8,3758,scenario2
S2_reprodscen2_4,74000001,276914576384,101804447,101803424,8,3758,scenario2
S2_reprodscen2_4,74000001,276914669056,76221506,76220480,8,3758,scenario2
S2_reprodscen2_4,74000001,276914742784,50916260,50915185,8,3758,scenario2
S2_reprodscen2_4,74000001,276914811648,25877716,25876283,8,3758,scenario2
S2_reprodscen2_4,74000001,276965429760,50531678,50530582,2,3766,scenario2
S2_reprodscen2_4,74000001,276991956992,77060421,51798208,2,3767,scenario2
S2_reprodscen2_4,74000001,276992050944,26509994,26508900,2,3767,scenario2
S2_reprodscen2_4,74000001,277207458560,206801728,206799805,8,3769,scenario2
S2_reprodscen2_4,74000001,277207568384,180999273,180998173,8,3769,scenario2
S2_reprodscen2_4,74000001,277207653120,155776197,155775121,8,3769,scenario2
S2_reprodscen2_4,74000001,277207740672,128312773,128311671,8,3769,scenario2
S2_reprodscen2_4,74000001,277207809792,102562974,102561648,8,3769,scenario2
S2_reprodscen2_4,74000001,277207874816,76704844,76703737,8,3769,scenario2
S2_reprodscen2_4,74000001,277207949568,51656044,51654915,8,3769,scenario2
S2_reprodscen2_4,74000001,277208018432,26421649,26420277,8,3769,scenario2
S2_reprodscen2_4,74000001,277448050944,218217649,218216135,8,3777,scenario2
S2_reprodscen2_4,74000001,277448168704,189922858,189921705,8,3777,scenario2
S2_reprodscen2_4,74000001,277448251648,164644359,164643431,8,3777,scenario2
S2_reprodscen2_4,74000001,277448327168,137662041,137661105,8,3777,scenario2
S2_reprodscen2_4,74000001,277448399360,111439471,111438355,8,3777,scenario2
S2_reprodscen2_4,74000001,277448465408,82442320,82441096,8,3777,scenario2
S2_reprodscen2_4,74000001,277448533248,56284584,56283541,8,3777,scenario2
S2_reprodscen2_4,74000001,277448606208,26740279,26739180,8,3777,scenario2
S2_reprodscen2_4,74000001,277584421120,135745225,135744087,5,3785,scenario2
S2_reprodscen2_4,74000001,277584551680,135877450,107433364,5,3785,scenario2
S2_reprodscen2_4,74000001,277584651520,80895643,80894513,5,3785,scenario2
S2_reprodscen2_4,74000001,277584687616,80932108,53399085,5,3785,scenario2
S2_reprodscen2_4,74000001,277584723712,27306900,27305845,5,3785,scenario2
S2_reprodscen2_4,74000001,277629407488,24805571,24803812,0,3790,scenario2
S2_reprodscen2_4,74000001,277790091008,160539625,160538307,6,3791,scenario2
S2_reprodscen2_4,74000001,277790222080,133851386,133850347,6,3791,scenario2
S2_reprodscen2_4,74000001,277790311424,104058635,104057636,6,3791,scenario2
S2_reprodscen2_4,74000001,277790394624,80094073,80093205,6,3791,scenario2
S2_reprodscen2_4,74000001,277790467840,52563430,52562426,6,3791,scenario2
S2_reprodscen2_4,74000001,277790531072,27388352,27387325,6,3791,scenario2
S2_reprodscen2_4,74000001,278099956224,212999466,212997908,8,3797,scenario2
S2_reprodscen2_4,74000001,278100068352,186077805,186076529,8,3797,scenario2
S2_reprodscen2_4,74000001,278100175360,159627547,159626295,8,3797,scenario2
S2_reprodscen2_4,74000001,278100241152,131675755,131674789,8,3797,scenario2
S2_reprodscen2_4,74000001,278100314880,103946968,103945954,8,3797,scenario2
S2_reprodscen2_4,74000001,278100391936,78373902,78372757,8,3797,scenario2
S2_reprodscen2_4,74000001,278100466688,53161782,53160682,8,3797,scenario2
S2_reprodscen2_4,74000001,278100540416,25417896,25416539,8,3797,scenario2
S2_reprodscen2_4,74000001,278231597312,130985804,130984632,5,3805,scenario2
S2_reprodscen2_4,74000001,278231722240,131112163,102662435,5,3805,scenario2
S2_reprodscen2_4,74000001,278231817728,76882053,76880794,5,3805,scenario2
S2_reprodscen2_4,74000001,278231902720,76967699,51511135,5,3805,scenario2
S2_reprodscen2_4,74000001,278231994880,26271734,26270329,5,3805,scenario2
S2_reprodscen2_4,74000001,278444508416,211197359,211195736,8,3810,scenario2
S2_reprodscen2_4,74000001,278444606208,183751621,183750179,8,3810,scenario2
S2_reprodscen2_4,74000001,278444719104,157909112,157907925,8,3810,scenario2
S2_reprodscen2_4,74000001,278444785152,130644688,130643586,8,3810,scenario2
S2_reprodscen2_4,74000001,278444851200,103135515,103134503,8,3810,scenario2
S2_reprodscen2_4,74000001,278444924672,75971631,75970376,8,3810,scenario2
S2_reprodscen2_4,74000001,278444991744,49803972,49802808,8,3810,scenario2
S2_reprodscen2_4,74000001,278445062144,25302319,25301224,8,3810,scenario2
S2_reprodscen2_4,74000001,278605442560,160309112,160308179,6,3818,scenario2
S2_reprodscen2_4,74000001,278605546240,160413856,130610228,6,3818,scenario2
S2_reprodscen2_4,74000001,278605651456,101912160,101911114,6,3818,scenario2
S2_reprodscen2_4,74000001,278605717248,101978717,74555184,6,3818,scenario2
S2_reprodscen2_4,74000001,278605782528,50203489,50202652,6,3818,scenario2
S2_reprodscen2_4,74000001,278605855744,50277320,24584584,6,3818,scenario2
S2_reprodscen2_4,74000001,278891472640,211422427,211420810,8,3824,scenario2
S2_reprodscen2_4,74000001,278891549696,184051217,184050307,8,3824,scenario2
S2_reprodscen2_4,74000001,278891673344,160255759,160254830,8,3824,scenario2
S2_reprodscen2_4,74000001,278891740672,134922154,134921164,8,3824,scenario2
S2_reprodscen2_4,74000001,278891803648,108597780,108596871,8,3824,scenario2
S2_reprodscen2_4,74000001,278891869696,81463304,81462297,8,3824,scenario2
S2_reprodscen2_4,74000001,278891941120,55839065,55838236,8,3824,scenario2
S2_reprodscen2_4,74000001,278892010240,28727642,28726496,8,3824,scenario2
S2_reprodscen2_4,74000001,279047149312,155071773,155070740,6,3832,scenario2
S2_reprodscen2_4,74000001,279047261696,155185169,129205958,6,3832,scenario2
S2_reprodscen2_4,74000001,279047356672,102779397,102778425,6,3832,scenario2
S2_reprodscen2_4,74000001,279047421696,102844955,78574925,6,3832,scenario2
S2_reprodscen2_4,74000001,279047491840,53154041,53153222,6,3832,scenario2
S2_reprodscen2_4,74000001,279047558144,53220852,27578550,6,3832,scenario2
S2_reprodscen2_4,74000001,279278229760,213849936,213848284,8,3838,scenario2
S2_reprodscen2_4,74000001,279278342400,187439322,187438300,8,3838,scenario2
S2_reprodscen2_4,74000001,279278450432,162497200,162496045,8,3838,scenario2
S2_reprodscen2_4,74000001,279278514944,137694049,137693135,8,3838,scenario2
S2_reprodscen2_4,74000001,279278577408,110160112,110159037,8,3838,scenario2
S2_reprodscen2_4,74000001,279278656256,79654241,79653347,8,3838,scenario2
S2_reprodscen2_4,74000001,279278719744,52211260,52210343,8,3838,scenario2
S2_reprodscen2_4,74000001,279278781952,26171218,26170368,8,3838,scenario2
S2_reprodscen2_4,74000001,279357874176,79029496,79028635,3,3846,scenario2
S2_reprodscen2_4,74000001,279357996288,79152594,50865049,3,3846,scenario2
S2_reprodscen2_4,74000001,279358093824,25090353,25089266,3,3846,scenario2
S2_reprodscen2_4,74000001,279386376192,28192067,28190848,0,3849,scenario2
S2_reprodscen2_4,74000001,279596403968,209918404,209917250,8,3850,scenario2
S2_reprodscen2_4,74000001,279596522752,182600122,182598880,8,3850,scenario2
S2_reprodscen2_4,74000001,279596620288,158277575,158276550,8,3850,scenario2
S2_reprodscen2_4,74000001,279596687360,133207907,133206772,8,3850,scenario2
S2_reprodscen2_4,74000001,279596752128,106838730,106837716,8,3850,scenario2
S2_reprodscen2_4,74000001,279596820736,80550435,80549546,8,3850,scenario2
S2_reprodscen2_4,74000001,279596892416,54581593,54580612,8,3850,scenario2
S2_reprodscen2_4,74000001,279596955904,26908687,26907422,8,3850,scenario2
S2_reprodscen2_4,74000001,279915523840,210883399,210881703,8,3858,scenario2
S2_reprodscen2_4,74000001,279915677440,183603375,183601790,8,3858,scenario2
S2_reprodscen2_4,74000001,279915767296,157226482,157225253,8,3858,scenario2
S2_reprodscen2_4,74000001,279915835648,128376302,128374945,8,3858,scenario2
S2_reprodscen2_4,74000001,279915903232,104391655,104390638,8,3858,scenario2
S2_reprodscen2_4,74000001,279915971584,76136510,76135473,8,3858,scenario2
S2_reprodscen2_4,74000001,279916060928,52335438,52334396,8,3858,scenario2
S2_reprodscen2_4,74000001,279916134912,28099184,28097861,8,3858,scenario2
S2_reprodscen2_4,74000001,279946339328,30133832,30132540,7,3861,scenario2
S2_reprodscen2_4,74000001,280159736832,212101558,212100241,8,3867,scenario2
S2_reprodscen2_4,74000001,280159851520,185819879,185800431,8,3867,scenario2
S2_reprodscen2_4,74000001,280159922944,161358361,161357321,8,3867,scenario2
S2_reprodscen2_4,74000001,280159997952,132462972,132462093,8,3867,scenario2
S2_reprodscen2_4,74000001,280160081920,108332971,108331944,8,3867,scenario2
S2_reprodscen2_4,74000001,280160153088,83548337,83547299,8,3867,scenario2
S2_reprodscen2_4,74000001,280160223232,57148382,57147287,8,3867,scenario2
S2_reprodscen2_4,74000001,280160299008,26818805,26817581,8,3867,scenario2
S2_reprodscen2_4,74000001,280294870528,134499048,134498022,5,3875,scenario2
S2_reprodscen2_4,74000001,280294992384,134621745,107715706,5,3875,scenario2
S2_reprodscen2_4,74000001,280295081984,79615619,79614588,5,3875,scenario2
S2_reprodscen2_4,74000001,280295147776,79681973,53347858,5,3875,scenario2
S2_reprodscen2_4,74000001,280320580096,53649382,53648429,6,3875,scenario2
S2_reprodscen2_4,74000001,280510689280,215456521,215455244,8,3880,scenario2
S2_reprodscen2_4,74000001,280510791936,190114184,190100125,8,3880,scenario2
S2_reprodscen2_4,74000001,280510897664,160600669,160599423,8,3880,scenario2
S2_reprodscen2_4,74000001,280510970624,132940552,132939325,8,3880,scenario2
S2_reprodscen2_4,74000001,280511039744,105696594,105695403,8,3880,scenario2
S2_reprodscen2_4,74000001,280511133440,80273027,80271944,8,3880,scenario2
S2_reprodscen2_4,74000001,280511204864,52382733,52381257,8,3880,scenario2
S2_reprodscen2_4,74000001,280511271424,27051379,27050078,8,3880,scenario2
S2_reprodscen2_4,74000001,280617714432,106376511,106375459,4,3888,scenario2
S2_reprodscen2_4,74000001,280617809408,106472547,79996033,4,3888,scenario2
S2_reprodscen2_4,74000001,280617893376,51429948,51428976,4,3888,scenario2
S2_reprodscen2_4,74000001,280617964800,51502178,25531832,4,3888,scenario2
S2_reprodscen2_4,74000001,280900558080,211767271,211765781,8,3892,scenario2
S2_reprodscen2_4,74000001,280900688128,185137755,185136544,8,3892,scenario2
S2_reprodscen2_4,74000001,280900779264,161846539,161845611,8,3892,scenario2
S2_reprodscen2_4,74000001,280900858368,134709837,134708732,8,3892,scenario2
S2_reprodscen2_4,74000001,280900933632,105096983,105095899,8,3892,scenario2
S2_reprodscen2_4,74000001,280901006336,77370382,77369488,8,3892,scenario2
S2_reprodscen2_4,74000001,280901080064,51083593,51082614,8,3892,scenario2
S2_reprodscen2_4,74000001,280901150464,25846191,25845200,8,3892,scenario2
S2_reprodscen2_4,74000001,281079183872,177966473,177965439,7,3900,scenario2
S2_reprodscen2_4,74000001,281079294208,178078486,151297668,7,3900,scenario2
S2_reprodscen2_4,74000001,281079379456,127697837,127696713,7,3900,scenario2
S2_reprodscen2_4,74000001,281079462144,127781055,103657043,7,3900,scenario2
S2_reprodscen2_4,74000001,281079523584,79142651,79141635,7,3900,scenario2
S2_reprodscen2_4,74000001,281079589376,79209008,52151394,7,3900,scenario2
S2_reprodscen2_4,74000001,281079665408,26199883,26198940,6,3902,scenario2
S2_reprodscen2_4,74000001,281301495808,206322043,206320505,8,3907,scenario2
S2_reprodscen2_4,74000001,281301631232,179286040,179284807,8,3907,scenario2
S2_reprodscen2_4,74000001,281301707008,153368293,153367130,8,3907,scenario2
S2_reprodscen2_4,74000001,281301776640,127440149,127438968,8,3907,scenario2
S2_reprodscen2_4,74000001,281301840128,101528375,101527435,8,3907,scenario2
S2_reprodscen2_4,74000001,281301908992,74654342,74653350,8,3907,scenario2
S2_reprodscen2_4,74000001,281301976320,49539197,49538277,8,3907,scenario2
S2_reprodscen2_4,74000001,281302048256,26183250,26182239,8,3907,scenario2
S2_reprodscen2_4,74000001,281330048768,27927720,27926459,1,3915,scenario2
S2_reprodscen2_4,74000001,281558900992,213076821,213075259,8,3916,scenario2
S2_reprodscen2_4,74000001,281585368320,210913677,210912600,8,3917,scenario2
S2_reprodscen2_4,74000001,281585454848,186242240,186241198,8,3917,scenario2
S2_reprodscen2_4,74000001,281585518080,160792138,160791311,8,3917,scenario2
S2_reprodscen2_4,74000001,281585580032,136483634,136482675,8,3917,scenario2
S2_reprodscen2_4,74000001,281585642496,107150071,107149023,8,3917,scenario2
S2_reprodscen2_4,74000001,281585706496,79509081,79508166,8,3917,scenario2
S2_reprodscen2_4,74000001,281585767936,52707834,52706972,8,3917,scenario2
S2_reprodscen2_4,74000001,281585829376,26822815,26820754,8,3917,scenario2
S2_reprodscen2_4,74000001,281611745024,25849554,25848644,1,3925,scenario2
S2_reprodscen2_4,74000001,281887363840,208423659,208421887,8,3926,scenario2
S2_reprodscen2_4,74000001,281887526400,183321144,183319947,8,3926,scenario2
S2_reprodscen2_4,74000001,281887603200,157649969,157649055,8,3926,scenario2
S2_reprodscen2_4,74000001,281887676928,132218099,132217158,8,3926,scenario2
S2_reprodscen2_4,74000001,281887741184,106055092,106054223,8,3926,scenario2
S2_reprodscen2_4,74000001,281887808768,81197791,81196249,8,3926,scenario2
S2_reprodscen2_4,74000001,281887874304,53220555,53218688,8,3926,scenario2
S2_reprodscen2_4,74000001,281887941120,26565220,26563686,8,3926,scenario2
S2_reprodscen2_4,74000001,281916408064,28403920,28402794,7,3929,scenario2
S2_reprodscen2_4,74000001,281999316736,111313514,82805125,3,3935,scenario2
S2_reprodscen2_4,74000001,282026885888,83225607,83224221,4,3935,scenario2
S2_reprodscen2_4,74000001,282026997248,83337930,55686045,4,3935,scenario2
S2_reprodscen2_4,74000001,282211382528,211913820,211912646,8,3938,scenario2
S2_reprodscen2_4,74000001,282211464448,184352801,184351721,8,3938,scenario2
S2_reprodscen2_4,74000001,282211602944,158203159,158202155,8,3938,scenario2
S2_reprodscen2_4,74000001,282211673344,127889234,127888147,8,3938,scenario2
S2_reprodscen2_4,74000001,282211739648,102539491,102538601,8,3938,scenario2
S2_reprodscen2_4,74000001,282211804416,77012852,77011765,8,3938,scenario2
S2_reprodscen2_4,74000001,282211872512,50116709,50115582,8,3938,scenario2
S2_reprodscen2_4,74000001,282211937280,25371880,25370783,8,3938,scenario2
S2_reprodscen2_4,74000001,282241033216,29031690,29030567,4,3943,scenario2
S2_reprodscen2_4,74000001,282371100672,159100190,129972181,5,3947,scenario2
S2_reprodscen2_4,74000001,282398542080,133006139,133005453,6,3947,scenario2
S2_reprodscen2_4,74000001,282398637312,133101924,107204043,6,3947,scenario2
S2_reprodscen2_4,74000001,282398732032,80872867,80871944,6,3947,scenario2
S2_reprodscen2_4,74000001,282398796032,80937359,55221738,6,3947,scenario2
S2_reprodscen2_4,74000001,282579749120,208539775,208538813,8,3952,scenario2
S2_reprodscen2_4,74000001,282579835392,180965741,180964720,8,3952,scenario2
S2_reprodscen2_4,74000001,282579944704,155994763,155993903,8,3952,scenario2
S2_reprodscen2_4,74000001,282580009216,127634725,127633893,8,3952,scenario2
S2_reprodscen2_4,74000001,282580072960,102903803,102902906,8,3952,scenario2
S2_reprodscen2_4,74000001,282580137728,77913362,77912503,8,3952,scenario2
S2_reprodscen2_4,74000001,282580201216,51044498,51043656,8,3952,scenario2
S2_reprodscen2_4,74000001,282580265472,25659784,25658922,8,3952,scenario2
S2_reprodscen2_4,74000001,282892540672,219760833,219759385,8,3960,scenario2
S2_reprodscen2_4,74000001,282892637184,193179187,193178229,8,3960,scenario2
S2_reprodscen2_4,74000001,282892740096,160997517,160996368,8,3960,scenario2
S2_reprodscen2_4,74000001,282892812032,135532609,135531654,8,3960,scenario2
S2_reprodscen2_4,74000001,282892887040,104025011,104023886,8,3960,scenario2
S2_reprodscen2_4,74000001,282892957952,78718379,78717441,8,3960,scenario2
S2_reprodscen2_4,74000001,282893027584,49101303,49100352,8,3960,scenario2
S2_reprodscen2_4,74000001,282893092864,25222177,25221267,8,3960,scenario2
S2_reprodscen2_4,74000001,283158355968,207211348,207209772,8,3968,scenario2
S2_reprodscen2_4,74000001,283158482432,182440744,182439792,8,3968,scenario2
S2_reprodscen2_4,74000001,283158567936,157844685,157843843,8,3968,scenario2
S2_reprodscen2_4,74000001,283158654464,131953583,131952695,8,3968,scenario2
S2_reprodscen2_4,74000001,283158726400,105820773,105819707,8,3968,scenario2
S2_reprodscen2_4,74000001,283158797056,79844131,79843109,8,3968,scenario2
S2_reprodscen2_4,74000001,283158865664,56053804,56052769,8,3968,scenario2
S2_reprodscen2_4,74000001,283158938624,26599823,26598784,8,3968,scenario2
S2_reprodscen2_4,74000001,283186384384,27357358,27356394,8,3970,scenario2
S2_reprodscen2_4,74000001,283289516032,130490182,103061315,4,3977,scenario2
S2_reprodscen2_4,74000001,283289610240,77630078,77617577,4,3977,scenario2
S2_reprodscen2_4,74000001,283289714176,77734740,51842337,4,3977,scenario2
S2_reprodscen2_4,74000001,283289782528,25754291,25753338,4,3977,scenario2
S2_reprodscen2_4,74000001,283505333760,199990201,199988539,8,3981,scenario2
S2_reprodscen2_4,74000001,283505424128,173761048,173748636,8,3981,scenario2
S2_reprodscen2_4,74000001,283505541120,148976898,148976013,8,3981,scenario2
S2_reprodscen2_4,74000001,283505605632,125060494,125059647,8,3981,scenario2
S2_reprodscen2_4,74000001,283505687040,100006551,100005398,8,3981,scenario2
S2_reprodscen2_4,74000001,283505755648,75879399,75878333,8,3981,scenario2
S2_reprodscen2_4,74000001,283505831168,48568207,48567256,8,3981,scenario2
S2_reprodscen2_4,74000001,283505894400,24343264,24342447,8,3981,scenario2
S2_reprodscen2_4,74000001,283659049472,153089516,153088484,6,3989,scenario2
S2_reprodscen2_4,74000001,283659120384,153161253,126030860,6,3989,scenario2
S2_reprodscen2_4,74000001,283659239424,99274346,99273374,6,3989,scenario2
S2_reprodscen2_4,74000001,283659305472,99340845,73513383,6,3989,scenario2
S2_reprodscen2_4,74000001,283659371008,48537799,48536908,6,3989,scenario2
S2_reprodscen2_4,74000001,283659437568,48604637,25438743,6,3989,scenario2
S2_reprodscen2_4,74000001,283927911680,205908900,205907431,8,3995,scenario2
S2_reprodscen2_4,74000001,283927990016,179096715,179095693,8,3995,scenario2
S2_reprodscen2_4,74000001,283928100096,154574076,154573037,8,3995,scenario2
S2_reprodscen2_4,74000001,283928182528,128973203,128972181,8,3995,scenario2
S2_reprodscen2_4,74000001,283928254720,101554577,101553525,8,3995,scenario2
S2_reprodscen2_4,74000001,283928320256,76536059,76535176,8,3995,scenario2
S2_reprodscen2_4,74000001,283928393216,52641750,52640900,8,3995,scenario2
S2_reprodscen2_4,74000001,283928462336,25416657,25415765,8,3995,scenario2
S2_reprodscen2_4,74000001,284087427840,158897920,158897085,6,4003,scenario2
S2_reprodscen2_4,74000001,284114374400,185845174,157457149,7,4003,scenario2
S2_reprodscen2_4,74000001,284114441472,133277057,133276205,7,4003,scenario2
S2_reprodscen2_4,74000001,284114540032,133376428,108018194,7,4003,scenario2
S2_reprodscen2_4,74000001,284114621184,78026257,78025270,7,4003,scenario2
S2_reprodscen2_4,74000001,284114684416,78090114,52386947,7,4003,scenario2
S2_reprodscen2_4,74000001,284167888640,80364849,80352297,3,4009,scenario2
S2_reprodscen2_4,74000001,284168006144,53244190,53243175,3,4009,scenario2
S2_reprodscen2_4,74000001,284168097536,25908262,25907292,3,4009,scenario2
S2_reprodscen2_4,74000001,284393221376,219829844,219828204,8,4012,scenario2
S2_reprodscen2_4,74000001,284422011392,219022936,219021900,8,4013,scenario2
S2_reprodscen2_4,74000001,284422093056,190218690,190217729,8,4013,scenario2
S2_reprodscen2_4,74000001,284422201088,164550183,164549141,8,4013,scenario2
S2_reprodscen2_4,74000001,284422276096,138987100,138986117,8,4013,scenario2
S2_reprodscen2_4,74000001,284422348032,111796150,111795033,8,4013,scenario2
S2_reprodscen2_4,74000001,284422413824,83216841,83215813,8,4013,scenario2
S2_reprodscen2_4,74000001,284422483968,56924984,56924103,8,4013,scenario2
S2_reprodscen2_4,74000001,284422548480,29199445,29198229,8,4013,scenario2
S2_reprodscen2_4,74000001,284505473536,82848069,82847305,3,4021,scenario2
S2_reprodscen2_4,74000001,284505543168,82918794,52727139,3,4021,scenario2
S2_reprodscen2_4,74000001,284534553856,58171920,58170964,4,4021,scenario2
S2_reprodscen2_4,74000001,284616391680,110716177,110715115,4,4024,scenario2
S2_reprodscen2_4,74000001,284616477952,81804984,81803563,4,4024,scenario2
S2_reprodscen2_4,74000001,284616588544,54479383,54478325,4,4024,scenario2
S2_reprodscen2_4,74000001,284616654848,26766779,26765737,4,4024,scenario2
S2_reprodscen2_4,74000001,284900039936,206122700,206119953,8,4028,scenario2
S2_reprodscen2_4,74000001,284900151552,176307520,176306424,8,4028,scenario2
S2_reprodscen2_4,74000001,284900239104,148225508,148224396,8,4028,scenario2
S2_reprodscen2_4,74000001,284900309248,124514769,124513732,8,4028,scenario2
S2_reprodscen2_4,74000001,284900378112,101388425,101387579,8,4028,scenario2
S2_reprodscen2_4,74000001,284900448000,75303382,75302574,8,4028,scenario2
S2_reprodscen2_4,74000001,284900525312,49329426,49328564,8,4028,scenario2
S2_reprodscen2_4,74000001,284900592384,24236110,24235247,8,4028,scenario2
S2_reprodscen2_4,74000001,284956312320,55654578,55653437,2,4036,scenario2
S2_reprodscen2_4,74000001,284980604672,49054786,49054067,2,4037,scenario2
S2_reprodscen2_4,74000001,284980671744,24278834,24277902,2,4037,scenario2
S2_reprodscen2_4,74000001,285353027584,205269240,205267705,8,4039,scenario2
S2_reprodscen2_4,74000001,285379844352,205099779,205098701,8,4040,scenario2
S2_reprodscen2_4,74000001,285379950592,180396552,180395530,8,4040,scenario2
S2_reprodscen2_4,74000001,285380067840,155927952,155926893,8,4040,scenario2
S2_reprodscen2_4,74000001,285380143616,131455751,131454539,8,4040,scenario2
S2_reprodscen2_4,74000001,285380231936,102975938,102974869,8,4040,scenario2
S2_reprodscen2_4,74000001,285380305920,79552631,79551559,8,4040,scenario2
S2_reprodscen2_4,74000001,285380380928,53144790,53143458,8,4040,scenario2
S2_reprodscen2_4,74000001,285380455680,27282694,27279876,8,4040,scenario2
S2_reprodscen2_4,74000001,285483114240,102587385,102586573,4,4048,scenario2
S2_reprodscen2_4,74000001,285483189504,102675065,75628912,4,4048,scenario2
S2_reprodscen2_4,74000001,285483316992,50305234,50304051,4,4048,scenario2
S2_reprodscen2_4,74000001,285483384832,50373422,25280140,4,4048,scenario2
S2_reprodscen2_4,74000001,285696855040,207896988,207895510,8,4052,scenario2
S2_reprodscen2_4,74000001,285696951040,180869030,180867954,8,4052,scenario2
S2_reprodscen2_4,74000001,285697071872,154168650,154167732,8,4052,scenario2
S2_reprodscen2_4,74000001,285697137152,127523676,127522626,8,4052,scenario2
S2_reprodscen2_4,74000001,285697211136,101529842,101528961,8,4052,scenario2
S2_reprodscen2_4,74000001,285697274368,76262421,76261526,8,4052,scenario2
S2_reprodscen2_4,74000001,285697339904,49780083,49779205,8,4052,scenario2
S2_reprodscen2_4,74000001,285697405696,24863184,24862287,8,4052,scenario2
S2_reprodscen2_4,74000001,285781975552,84503047,84502281,3,4060,scenario2
S2_reprodscen2_4,74000001,285782099456,84627995,56573680,3,4060,scenario2
S2_reprodscen2_4,74000001,285782162688,30252846,30251985,3,4060,scenario2
S2_reprodscen2_4,74000001,285994366464,211527831,211526789,8,4063,scenario2
S2_reprodscen2_4,74000001,285994447616,184284900,184283973,8,4063,scenario2
S2_reprodscen2_4,74000001,285994578176,154852418,154851527,8,4063,scenario2
S2_reprodscen2_4,74000001,285994650624,128551103,128550216,8,4063,scenario2
S2_reprodscen2_4,74000001,285994713088,102934118,102933283,8,4063,scenario2
S2_reprodscen2_4,74000001,285994781440,76254293,76253430,8,4063,scenario2
S2_reprodscen2_4,74000001,285994843648,51162855,51162034,8,4063,scenario2
S2_reprodscen2_4,74000001,285994912000,25614924,25614107,8,4063,scenario2
S2_reprodscen2_4,74000001,286022745856,27770923,27770008,7,4066,scenario2
S2_reprodscen2_4,74000001,286125784576,130810471,102938976,4,4072,scenario2
S2_reprodscen2_4,74000001,286125853184,75475035,75474181,4,4072,scenario2
S2_reprodscen2_4,74000001,286125955840,75578122,50483577,4,4072,scenario2
S2_reprodscen2_4,74000001,286126039552,25413267,25412331,1,4075,scenario2
S2_reprodscen2_4,74000001,286330422272,203355869,203354359,8,4076,scenario2
S2_reprodscen2_4,74000001,286330511616,174831153,174830094,8,4076,scenario2
S2_reprodscen2_4,74000001,286330628608,150261497,150260548,8,4076,scenario2
S2_reprodscen2_4,74000001,286330693888,124886417,124885572,8,4076,scenario2
S2_reprodscen2_4,74000001,286330760704,101404282,101403382,8,4076,scenario2
S2_reprodscen2_4,74000001,286330823680,75037801,75036994,8,4076,scenario2
S2_reprodscen2_4,74000001,286330887680,50977963,50976908,8,4076,scenario2
S2_reprodscen2_4,74000001,286330953728,25747489,25746640,8,4076,scenario2
S2_reprodscen2_4,74000001,286358184192,27165215,27164375,5,4080,scenario2
S2_reprodscen2_4,74000001,286413329152,82311232,55049494,2,4085,scenario2
S2_reprodscen2_4,74000001,286413415424,24071213,24070333,2,4085,scenario2
S2_reprodscen2_4,74000001,286629065472,209130130,209128693,8,4087,scenario2
S2_reprodscen2_4,74000001,286629168384,184594665,184593644,8,4087,scenario2
S2_reprodscen2_4,74000001,286629271552,153639718,153638866,8,4087,scenario2
S2_reprodscen2_4,74000001,286629338624,127172941,127171966,8,4087,scenario2
S2_reprodscen2_4,74000001,286629404416,101003381,101002470,8,4087,scenario2
S2_reprodscen2_4,74000001,286629466368,75659329,75658482,8,4087,scenario2
S2_reprodscen2_4,74000001,286629531904,50670439,50669473,8,4087,scenario2
S2_reprodscen2_4,74000001,286629594368,27190270,27189337,8,4087,scenario2
S2_reprodscen2_4,74000001,286659491584,29823950,29822910,1,4095,scenario2
S2_reprodscen2_4,74000001,286805499392,76453949,76452414,3,4096,scenario2
S2_reprodscen2_4,74000001,286961845760,206221167,206220250,8,4097,scenario2
S2_reprodscen2_4,74000001,286961917184,182917224,182916397,8,4097,scenario2
S2_reprodscen2_4,74000001,286962052352,156432979,156431792,8,4097,scenario2
S2_reprodscen2_4,74000001,286962115840,127136736,127135876,8,4097,scenario2
S2_reprodscen2_4,74000001,286962182656,102491874,102491011,8,4097,scenario2
S2_reprodscen2_4,74000001,286962257920,75101717,75100752,8,4097,scenario2
S2_reprodscen2_4,74000001,286962323200,50555188,50554285,8,4097,scenario2
S2_reprodscen2_4,74000001,286962384896,27019319,27018390,8,4097,scenario2
S2_reprodscen2_4,74000001,287039962624,77512321,77511469,3,4105,scenario2
S2_reprodscen2_4,74000001,287040036608,77587140,48642516,3,4105,scenario2
S2_reprodscen2_4,74000001,287040152320,23736873,23735775,3,4105,scenario2
S2_reprodscen2_4,74000001,287251416576,204793667,204792131,8,4108,scenario2
S2_reprodscen2_4,74000001,287280304384,208323506,208322698,8,4109,scenario2
S2_reprodscen2_4,74000001,287280419328,184541773,184540819,8,4109,scenario2
S2_reprodscen2_4,74000001,287280495872,157889649,157888596,8,4109,scenario2
S2_reprodscen2_4,74000001,287280564480,131486044,131485114,8,4109,scenario2
S2_reprodscen2_4,74000001,287280626432,104499358,104498399,8,4109,scenario2
S2_reprodscen2_4,74000001,287280694272,79121012,79120081,8,4109,scenario2
S2_reprodscen2_4,74000001,287280755968,54390647,54389839,8,4109,scenario2
S2_reprodscen2_4,74000001,287280819200,29277721,29266074,8,4109,scenario2
S2_reprodscen2_4,74000001,287371202560,90320248,90319385,3,4117,scenario2
S2_reprodscen2_4,74000001,287371329792,90448352,58974635,3,4117,scenario2
S2_reprodscen2_4,74000001,287400153088,55372147,55371199,4,4117,scenario2
S2_reprodscen2_4,74000001,287583469056,212031417,212030285,8,4120,scenario2
S2_reprodscen2_4,74000001,287583554304,183294433,183292964,8,4120,scenario2
S2_reprodscen2_4,74000001,287583666432,151238281,151237278,8,4120,scenario2
S2_reprodscen2_4,74000001,287583741440,126041634,126040586,8,4120,scenario2
S2_reprodscen2_4,74000001,287583816704,101540711,101539716,8,4120,scenario2
S2_reprodscen2_4,74000001,287583904768,75104113,75103111,8,4120,scenario2
S2_reprodscen2_4,74000001,287583943168,51000044,50999102,8,4120,scenario2
S2_reprodscen2_4,74000001,287583971072,25027441,25026601,8,4120,scenario2
S2_reprodscen2_4,74000001,287695785472,111786348,111785401,4,4128,scenario2
S2_reprodscen2_4,74000001,287695869696,111871624,86168350,4,4128,scenario2
S2_reprodscen2_4,74000001,287695981056,56228572,56227529,4,4128,scenario2
S2_reprodscen2_4,74000001,287696060672,56308854,31769658,4,4128,scenario2
S2_reprodscen2_4,74000001,288061500416,211585084,211583337,8,4132,scenario2
S2_reprodscen2_4,74000001,288061596928,186047075,186045789,8,4132,scenario2
S2_reprodscen2_4,74000001,288061686016,155570150,155568996,8,4132,scenario2
S2_reprodscen2_4,74000001,288061768448,128993712,128992626,8,4132,scenario2
S2_reprodscen2_4,74000001,288061857536,102734443,102733472,8,4132,scenario2
S2_reprodscen2_4,74000001,288061938176,78558440,78557431,8,4132,scenario2
S2_reprodscen2_4,74000001,288062029312,54607755,54606790,8,4132,scenario2
S2_reprodscen2_4,74000001,288062102272,28221968,28220946,8,4132,scenario2
S2_reprodscen2_4,74000001,288089663744,27487491,27486570,8,4134,scenario2
S2_reprodscen2_4,74000001,288144915200,82740285,55116472,2,4141,scenario2
S2_reprodscen2_4,74000001,288145015552,27230589,27229380,2,4141,scenario2
S2_reprodscen2_4,74000001,288250155776,25253200,25251664,1,4143,scenario2
S2_reprodscen2_4,74000001,288452246272,198979040,198977397,8,4144,scenario2
S2_reprodscen2_4,74000001,288452337152,173837299,173836146,8,4144,scenario2
S2_reprodscen2_4,74000001,288452448512,149078217,149077139,8,4144,scenario2
S2_reprodscen2_4,74000001,288452522496,124425397,124424205,8,4144,scenario2
S2_reprodscen2_4,74000001,288452594432,99662853,99661718,8,4144,scenario2
S2_reprodscen2_4,74000001,288452668160,76035498,76034485,8,4144,scenario2
S2_reprodscen2_4,74000001,288452739840,51069883,51068858,8,4144,scenario2
S2_reprodscen2_4,74000001,288452810752,26344878,26343774,8,4144,scenario2
S2_reprodscen2_4,74000001,288481027328,28142415,28141556,4,4149,scenario2
S2_reprodscen2_4,74000001,288555447552,102563814,74338957,3,4153,scenario2
S2_reprodscen2_4,74000001,288580190464,75317733,75316980,4,4153,scenario2
S2_reprodscen2_4,74000001,288580272384,75400105,50906575,4,4153,scenario2
S2_reprodscen2_4,74000001,288769408000,213854854,213853807,8,4156,scenario2
S2_reprodscen2_4,74000001,288769499392,189122724,189121602,8,4156,scenario2
S2_reprodscen2_4,74000001,288769598720,161371829,161370663,8,4156,scenario2
S2_reprodscen2_4,74000001,288769676800,131740225,131739071,8,4156,scenario2
S2_reprodscen2_4,74000001,288769750784,104061026,104060067,8,4156,scenario2
S2_reprodscen2_4,74000001,288769823232,76116728,76115408,8,4156,scenario2
S2_reprodscen2_4,74000001,288769893632,50305245,50304230,8,4156,scenario2
S2_reprodscen2_4,74000001,288769972224,25535647,25534360,8,4156,scenario2
S2_reprodscen2_4,74000001,288825533440,55491428,55489623,2,4164,scenario2
S2_reprodscen2_4,74000001,288825706496,55665442,26631149,2,4164,scenario2
S2_reprodscen2_4,74000001,289187909888,202527756,202526217,8,4166,scenario2
S2_reprodscen2_4,74000001,289188020736,177017045,177016070,8,4166,scenario2
S2_reprodscen2_4,74000001,289188120320,152422804,152421869,8,4166,scenario2
S2_reprodscen2_4,74000001,289188190720,127008169,127007230,8,4166,scenario2
S2_reprodscen2_4,74000001,289188260608,102098473,102097641,8,4166,scenario2
S2_reprodscen2_4,74000001,289188329472,77655074,77654168,8,4166,scenario2
S2_reprodscen2_4,74000001,289188396032,51738892,51737931,8,4166,scenario2
S2_reprodscen2_4,74000001,289188460544,25501837,25500763,8,4166,scenario2
S2_reprodscen2_4,74000001,289319575808,131055432,131054598,5,4174,scenario2
S2_reprodscen2_4,74000001,289319657472,131137978,104448829,5,4174,scenario2
S2_reprodscen2_4,74000001,289319745280,78125826,78124919,5,4174,scenario2
S2_reprodscen2_4,74000001,289319825920,78206841,52075572,5,4174,scenario2
S2_reprodscen2_4,74000001,289319895040,25487380,25486367,5,4174,scenario2
S2_reprodscen2_4,74000001,289525160192,200380718,200379108,8,4179,scenario2
S2_reprodscen2_4,74000001,289525251328,171862215,171861214,8,4179,scenario2
S2_reprodscen2_4,74000001,289525357568,146098092,146097157,8,4179,scenario2
S2_reprodscen2_4,74000001,289525424640,121344834,121343914,8,4179,scenario2
S2_reprodscen2_4,74000001,289525492480,96108318,96107361,8,4179,scenario2
S2_reprodscen2_4,74000001,289525561344,73006382,73005419,8,4179,scenario2
S2_reprodscen2_4,74000001,289525629952,48791533,48790641,8,4179,scenario2
S2_reprodscen2_4,74000001,289525699840,23748482,23747525,8,4179,scenario2
S2_reprodscen2_4,74000001,289685687808,159913718,159912857,6,4187,scenario2
S2_reprodscen2_4,74000001,289685773824,160000461,130345157,6,4187,scenario2
S2_reprodscen2_4,74000001,289685881088,103171922,103170985,6,4187,scenario2
S2_reprodscen2_4,74000001,289685946112,103237390,77866281,6,4187,scenario2
S2_reprodscen2_4,74000001,289686008832,48836703,48835726,6,4187,scenario2
S2_reprodscen2_4,74000001,289686073088,48901679,24708737,6,4187,scenario2
S2_reprodscen2_4,74000001,289972951040,208072442,208070899,8,4193,scenario2
S2_reprodscen2_4,74000001,289973075200,179787304,179786185,8,4193,scenario2
S2_reprodscen2_4,74000001,289973170944,154166206,154165285,8,4193,scenario2
S2_reprodscen2_4,74000001,289973241088,128679726,128678816,8,4193,scenario2
S2_reprodscen2_4,74000001,289973310464,104496224,104495100,8,4193,scenario2
S2_reprodscen2_4,74000001,289973379584,79636431,79635293,8,4193,scenario2
S2_reprodscen2_4,74000001,289973448704,52805880,52804948,8,4193,scenario2
S2_reprodscen2_4,74000001,289973511680,27544317,27543252,8,4193,scenario2
S2_reprodscen2_4,74000001,290004673536,31100123,31099193,1,4201,scenario2
S2_reprodscen2_4,74000001,290220743168,214931896,214930316,8,4202,scenario2
S2_reprodscen2_4,74000001,290220818432,189923395,189922460,8,4202,scenario2
S2_reprodscen2_4,74000001,290220934400,161738740,161737263,8,4202,scenario2
S2_reprodscen2_4,74000001,290221012480,136690860,136689718,8,4202,scenario2
S2_reprodscen2_4,74000001,290221081856,111769932,111768973,8,4202,scenario2
S2_reprodscen2_4,74000001,290221152768,81418393,81417315,8,4202,scenario2
S2_reprodscen2_4,74000001,290221223424,54981148,54980119,8,4202,scenario2
S2_reprodscen2_4,74000001,290221293056,31168977,31168040,8,4202,scenario2
S2_reprodscen2_4,74000001,290328272640,106909132,106908087,4,4210,scenario2
S2_reprodscen2_4,74000001,290328384256,107021931,80005231,4,4210,scenario2
S2_reprodscen2_4,74000001,290328492288,50614656,50613619,4,4210,scenario2
S2_reprodscen2_4,74000001,290328558592,50681818,26332878,4,4210,scenario2
S2_reprodscen2_4,74000001,290530067456,179282708,179281310,7,4214,scenario2
S2_reprodscen2_4,74000001,290530142208,151603947,151602988,7,4214,scenario2
S2_reprodscen2_4,74000001,290530240256,125292974,125291926,7,4214,scenario2
S2_reprodscen2_4,74000001,290530311680,98715223,98714157,7,4214,scenario2
S2_reprodscen2_4,74000001,290530374400,73419110,73418234,7,4214,scenario2
S2_reprodscen2_4,74000001,290530441472,48828135,48827255,7,4214,scenario2
S2_reprodscen2_4,74000001,290530507264,25306672,25305819,7,4214,scenario2
S2_reprodscen2_4,74000001,290687412480,49292179,49289355,2,4221,scenario2
S2_reprodscen2_4,74000001,290687503104,23792709,23779855,2,4221,scenario2
S2_reprodscen2_4,74000001,290758815744,29820701,29819323,1,4223,scenario2
S2_reprodscen2_4,74000001,290837296896,28655059,28653531,1,4224,scenario2
S2_reprodscen2_4,74000001,291047722752,151635260,151632455,6,4225,scenario2
S2_reprodscen2_4,74000001,291047798272,126389172,126388175,6,4225,scenario2
S2_reprodscen2_4,74000001,291047915520,101962398,101961342,6,4225,scenario2
S2_reprodscen2_4,74000001,291047986688,77727190,77726173,6,4225,scenario2
S2_reprodscen2_4,74000001,291048065024,50516653,50515729,6,4225,scenario2
S2_reprodscen2_4,74000001,291048137216,25300443,25299477,6,4225,scenario2
S2_reprodscen2_4,74000001,291441315072,196122797,196121266,8,4231,scenario2
S2_reprodscen2_4,74000001,291467757568,196405865,196405067,8,4232,scenario2
S2_reprodscen2_4,74000001,291467838976,172805768,172804748,8,4232,scenario2
S2_reprodscen2_4,74000001,291467955712,147613037,147612032,8,4232,scenario2
S2_reprodscen2_4,74000001,291468031488,124177134,124176120,8,4232,scenario2
S2_reprodscen2_4,74000001,291468108032,99517184,99516260,8,4232,scenario2
S2_reprodscen2_4,74000001,291468183296,74676722,74675826,8,4232,scenario2
S2_reprodscen2_4,74000001,291468255232,51306933,51306056,8,4232,scenario2
S2_reprodscen2_4,74000001,291468325120,26870186,26860716,8,4232,scenario2
S2_reprodscen2_4,74000001,291609007872,140609955,140608923,5,4240,scenario2
S2_reprodscen2_4,74000001,291609119744,140722866,112653195,5,4240,scenario2
S2_reprodscen2_4,74000001,291609219840,83746216,83745233,5,4240,scenario2
S2_reprodscen2_4,74000001,291609290496,83817230,58436933,5,4240,scenario2
S2_reprodscen2_4,74000001,291695564032,114727177,114725843,4,4244,scenario2
S2_reprodscen2_4,74000001,291695679488,86303286,86301910,4,4244,scenario2
S2_reprodscen2_4,74000001,291695755520,57866114,57864853,4,4244,scenario2
S2_reprodscen2_4,74000001,291695827968,29137343,29136116,4,4244,scenario2
S2_reprodscen2_4,74000001,291832265472,104651498,104650111,4,4248,scenario2
S2_reprodscen2_4,74000001,291832366848,79683718,79682420,4,4248,scenario2
S2_reprodscen2_4,74000001,291832505344,55344180,55343181,4,4248,scenario2
S2_reprodscen2_4,74000001,291832575232,24996613,24995406,4,4248,scenario2
S2_reprodscen2_4,74000001,292111060480,156198911,156197396,6,4252,scenario2
S2_reprodscen2_4,74000001,292111183360,128699423,128698084,6,4252,scenario2
S2_reprodscen2_4,74000001,292111289088,102113158,102112054,6,4252,scenario2
S2_reprodscen2_4,74000001,292111363584,75553949,75552837,6,4252,scenario2
S2_reprodscen2_4,74000001,292111439872,50268471,50267501,6,4252,scenario2
S2_reprodscen2_4,74000001,292111522048,25990373,25989442,6,4252,scenario2
S2_reprodscen2_4,74000001,292157613824,30853276,30851855,1,4258,scenario2
S2_reprodscen2_4,74000001,292218434304,26784515,26781627,1,4259,scenario2
S2_reprodscen2_4,74000001,292256942080,28539224,28536295,1,4260,scenario2
S2_reprodscen2_4,74000001,292653152000,202532474,202530972,8,4261,scenario2
S2_reprodscen2_4,74000001,292653261824,177387982,177386830,8,4261,scenario2
S2_reprodscen2_4,74000001,292653376768,151095635,151094591,8,4261,scenario2
S2_reprodscen2_4,74000001,292653456128,127268350,127267437,8,4261,scenario2
S2_reprodscen2_4,74000001,292653533440,102531222,102530309,8,4261,scenario2
S2_reprodscen2_4,74000001,292653610496,77844132,77843277,8,4261,scenario2
S2_reprodscen2_4,74000001,292653693440,50765676,50764726,8,4261,scenario2
S2_reprodscen2_4,74000001,292653779456,25525586,25524647,8,4261,scenario2
S2_reprodscen2_4,74000001,292682043904,28181357,28180168,1,4269,scenario2
S2_reprodscen2_4,74000001,292991823360,207537596,207535911,8,4270,scenario2
S2_reprodscen2_4,74000001,292991937536,179926921,179925460,8,4270,scenario2
S2_reprodscen2_4,74000001,292992061952,152190702,152189722,8,4270,scenario2
S2_reprodscen2_4,74000001,292992143360,126227819,126226849,8,4270,scenario2
S2_reprodscen2_4,74000001,292992220160,103119485,103118586,8,4270,scenario2
S2_reprodscen2_4,74000001,292992296704,76623330,76622376,8,4270,scenario2
S2_reprodscen2_4,74000001,292992373248,52648620,52647512,8,4270,scenario2
S2_reprodscen2_4,74000001,292992452096,27074456,27073487,8,4270,scenario2
S2_reprodscen2_4,74000001,293151736832,107492068,107490669,4,4278,scenario2
S2_reprodscen2_4,74000001,293151837440,84024257,84023128,4,4278,scenario2
S2_reprodscen2_4,74000001,293151930368,54965410,54964456,4,4278,scenario2
S2_reprodscen2_4,74000001,293152000512,27134872,27134035,4,4278,scenario2
S2_reprodscen2_4,74000001,293294456064,75133127,75131781,3,4282,scenario2
S2_reprodscen2_4,74000001,293294546432,51208729,51207435,3,4282,scenario2
S2_reprodscen2_4,74000001,293294670592,25262811,25261864,3,4282,scenario2
S2_reprodscen2_4,74000001,293576247808,129688579,129687166,5,4285,scenario2
S2_reprodscen2_4,74000001,293576378368,102562673,102561273,5,4285,scenario2
S2_reprodscen2_4,74000001,293576486400,76456989,76456017,5,4285,scenario2
S2_reprodscen2_4,74000001,293576561920,50083412,50082492,5,4285,scenario2
S2_reprodscen2_4,74000001,293576637952,26324404,26323501,5,4285,scenario2
S2_reprodscen2_4,74000001,293664233984,47428238,47426928,2,4290,scenario2
S2_reprodscen2_4,74000001,293664319488,23998949,23997845,2,4290,scenario2
S2_reprodscen2_4,74000001,293825134336,51987465,51986174,2,4292,scenario2
S2_reprodscen2_4,74000001,293825258496,24820370,24818872,2,4292,scenario2
S2_reprodscen2_4,74000001,293882950656,49478050,49476685,2,4294,scenario2
S2_reprodscen2_4,74000001,293883048192,26073927,26072787,2,4294,scenario2
S2_reprodscen2_4,74000001,294068024576,24039681,24038286,1,4296,scenario2
S2_reprodscen2_4,74000001,294277448960,151119463,151118086,6,4297,scenario2
S2_reprodscen2_4,74000001,294277559552,126287963,126286625,6,4297,scenario2
S2_reprodscen2_4,74000001,294277667584,101609252,101608123,6,4297,scenario2
S2_reprodscen2_4,74000001,294277740032,75726630,75725782,6,4297,scenario2
S2_reprodscen2_4,74000001,294277811968,52638325,52637437,6,4297,scenario2
S2_reprodscen2_4,74000001,294277883904,27360123,27359034,6,4297,scenario2
S2_reprodscen2_4,74000001,294355263232,52425155,52423769,2,4303,scenario2
S2_reprodscen2_4,74000001,294355367936,25617811,25616631,2,4303,scenario2
S2_reprodscen2_4,74000001,294454267392,31908785,31907494,1,4305,scenario2
S2_reprodscen2_4,74000001,294638351616,25239865,25238429,1,4306,scenario2
S2_reprodscen2_4,74000001,294802804992,23470748,23469371,1,4307,scenario2
S2_reprodscen2_4,74000001,294924229888,54971440,54969956,2,4308,scenario2
S2_reprodscen2_4,74000001,294924333824,27742130,27740748,2,4308,scenario2
S2_reprodscen2_4,74000001,294991614976,27815090,27813751,1,4310,scenario2
S2_reprodscen2_4,74000001,295070546688,76714665,76712024,3,4311,scenario2
S2_reprodscen2_4,74000001,295070658816,50952376,50951193,3,4311,scenario2
S2_reprodscen2_4,74000001,295070772224,24656258,24655198,3,4311,scenario2
S2_reprodscen2_4,74000001,295113250560,26145210,26143799,1,4314,scenario2
S2_reprodscen2_4,74000001,295337539072,50452973,50451651,2,4315,scenario2
S2_reprodscen2_4,74000001,295337636096,26955227,26954124,2,4315,scenario2
S2_reprodscen2_4,74000001,295489062656,48964263,48962896,2,4317,scenario2
S2_reprodscen2_4,74000001,295489164800,25509054,25507790,2,4317,scenario2
S2_reprodscen2_4,74000001,296149753088,158196590,158195172,6,4319,scenario2
S2_reprodscen2_4,74000001,296149842432,131150724,131149634,6,4319,scenario2
S2_reprodscen2_4,74000001,296149977344,104540735,104539772,6,4319,scenario2
S2_reprodscen2_4,74000001,296150080256,79553074,79552023,6,4319,scenario2
S2_reprodscen2_4,74000001,296150167040,53925191,53924117,6,4319,scenario2
S2_reprodscen2_4,74000001,296150253568,28320984,28319957,6,4319,scenario2
S2_reprodscen2_4,74000001,296227405056,76546267,76545061,3,4325,scenario2
S2_reprodscen2_4,74000001,296227473408,51971392,51970533,3,4325,scenario2
S2_reprodscen2_4,74000001,296227582208,26126725,26125780,3,4325,scenario2
S2_reprodscen2_4,74000001,296347935744,29274210,29272856,1,4328,scenario2
S2_reprodscen2_4,74000001,296382944768,27498182,27495445,1,4329,scenario2
S2_reprodscen2_4,74000001,296634856960,23485947,23484613,1,4330,scenario2
S2_reprodscen2_4,74000001,296751982080,25514289,25512873,1,4331,scenario2
S2_reprodscen2_4,74000001,296998723584,106573986,106571116,4,4332,scenario2
S2_reprodscen2_4,74000001,296998801152,81559083,81558226,4,4332,scenario2
S2_reprodscen2_4,74000001,296998899968,56311084,56310150,4,4332,scenario2
S2_reprodscen2_4,74000001,296998989824,26200929,26200049,4,4332,scenario2
S2_reprodscen2_4,74000001,297105780736,24068405,24067025,1,4336,scenario2
S2_reprodscen2_4,74000001,297405432320,23468618,23465843,1,4337,scenario2
S2_reprodscen2_4,74000001,297695433728,28006899,28004251,1,4338,scenario2
S2_reprodscen2_4,74000001,297771520256,27024669,27023190,1,4339,scenario2
S2_reprodscen2_4,74000001,297814571776,26834280,26832892,1,4340,scenario2
S2_reprodscen2_4,74000001,297914051840,23673631,23672116,1,4341,scenario2
S2_reprodscen2_4,74000001,297963418880,23576069,23573254,1,4342,scenario2
S2_reprodscen2_4,74000001,298246467584,23589008,23586215,1,4343,scenario2
S2_reprodscen2_4,74000001,298477185280,23823006,23821483,1,4344,scenario2
S2_reprodscen2_4,74000001,298626032896,25919240,25916422,1,4345,scenario2
S2_reprodscen2_4,74000001,298867154176,27006521,27005068,1,4346,scenario2
S2_reprodscen2_4,74000001,298946780928,23512372,23511007,1,4347,scenario2
S2_reprodscen2_4,74000001,299272664576,23486882,23485514,1,4348,scenario2
S2_reprodscen2_4,74000001,299367072768,23599428,23597927,1,4349,scenario2
S2_reprodscen2_4,74000001,299927886336,24493560,24491958,1,4350,scenario2
S2_reprodscen2_4,74000001,299976078592,24661555,24658594,1,4351,scenario2
S2_reprodscen2_4,74000001,300011448064,28390504,28389192,1,4352,scenario2
S2_reprodscen2_4,74000001,300121954048,23524124,23510876,1,4353,scenario2
S2_reprodscen2_4,74000001,300483236608,25377420,25375969,1,4354,scenario2
