serviceName,nbIter,timestamp,totDurInServ,computeDur,parExec,totReqProcessed,scenario
S1_reprodscen3_3,1000000,0,368078,364385,0,0,scenario3
S1_reprodscen3_3,1000000,13125632,371776,370312,0,1,scenario3
S1_reprodscen3_3,1000000,40211200,383624,382112,0,2,scenario3
S1_reprodscen3_3,1000000,282361088,339442,338060,0,3,scenario3
S1_reprodscen3_3,1000000,431745536,429623,427916,0,4,scenario3
S1_reprodscen3_3,1000000,770783488,342656,341377,0,5,scenario3
S1_reprodscen3_3,1000000,829999104,371414,369915,0,6,scenario3
S1_reprodscen3_3,1000000,1250184448,352565,351139,0,7,scenario3
S1_reprodscen3_3,1000000,1312569344,482320,480743,0,8,scenario3
S1_reprodscen3_3,1000000,1472848384,345757,344384,0,9,scenario3
S1_reprodscen3_3,1000000,1775262720,400197,398679,0,10,scenario3
S1_reprodscen3_3,1000000,1946575104,406629,405120,0,11,scenario3
S1_reprodscen3_3,1000000,1992851712,450285,448781,0,12,scenario3
S1_reprodscen3_3,1000000,2438106368,347289,345761,0,13,scenario3
S1_reprodscen3_3,1000000,2440414208,440314,437480,0,14,scenario3
S1_reprodscen3_3,1000000,2802741248,329124,327516,0,15,scenario3
S1_reprodscen3_3,1000000,2838132480,371948,370154,0,16,scenario3
S1_reprodscen3_3,1000000,3067511552,389257,387396,0,17,scenario3
S1_reprodscen3_3,1000000,3149881344,366407,364396,0,18,scenario3
S1_reprodscen3_3,1000000,3438471680,528378,525152,0,19,scenario3
S1_reprodscen3_3,1000000,3551755008,355949,354025,0,20,scenario3
S1_reprodscen3_3,1000000,3682001152,396007,394151,0,21,scenario3
S1_reprodscen3_3,1000000,3859417088,372013,370031,0,22,scenario3
S1_reprodscen3_3,1000000,3912865792,367571,365763,0,23,scenario3
S1_reprodscen3_3,1000000,3958459392,512788,509521,0,24,scenario3
S1_reprodscen3_3,1000000,4009656320,388078,386306,0,25,scenario3
S1_reprodscen3_3,1000000,4241953536,355306,353253,0,26,scenario3
S1_reprodscen3_3,1000000,4329509376,389547,387523,0,27,scenario3
S1_reprodscen3_3,1000000,4752871680,365129,363186,0,28,scenario3
S1_reprodscen3_3,1000000,4763090176,422550,420692,0,29,scenario3
S1_reprodscen3_3,1000000,4792501504,354521,352503,0,30,scenario3
S1_reprodscen3_3,1000000,4900796928,365566,363717,0,31,scenario3
S1_reprodscen3_3,1000000,4911077632,350580,337290,0,32,scenario3
S1_reprodscen3_3,1000000,4941450752,352600,350701,0,33,scenario3
S1_reprodscen3_3,1000000,5253979136,402555,400492,0,34,scenario3
S1_reprodscen3_3,1000000,5836317184,472532,470658,0,35,scenario3
S1_reprodscen3_3,1000000,6145489408,354668,352702,0,36,scenario3
S1_reprodscen3_3,1000000,6180941824,361855,360106,0,37,scenario3
S1_reprodscen3_3,1000000,6214382848,352729,350722,0,38,scenario3
S1_reprodscen3_3,1000000,6247720448,365242,363411,0,39,scenario3
S1_reprodscen3_3,1000000,6266942208,354480,352514,0,40,scenario3
S1_reprodscen3_3,1000000,6397515264,466664,463486,0,41,scenario3
S1_reprodscen3_3,1000000,6563591424,353111,351008,0,42,scenario3
S1_reprodscen3_3,1000000,6747998720,350992,349178,0,43,scenario3
S1_reprodscen3_3,1000000,6749383936,398646,396464,0,44,scenario3
S1_reprodscen3_3,1000000,6845871616,352694,350790,0,45,scenario3
S1_reprodscen3_3,1000000,7042226432,354790,352742,0,46,scenario3
S1_reprodscen3_3,1000000,7059622912,386152,384275,0,47,scenario3
S1_reprodscen3_3,1000000,7128193280,506883,503616,0,48,scenario3
S1_reprodscen3_3,1000000,7403252480,361540,359713,0,49,scenario3
S1_reprodscen3_3,1000000,7425624832,454481,451231,0,50,scenario3
S1_reprodscen3_3,1000000,7487940096,456948,454775,0,51,scenario3
S1_reprodscen3_3,1000000,7727012608,351964,350046,0,52,scenario3
S1_reprodscen3_3,1000000,7864187392,405771,403904,0,53,scenario3
S1_reprodscen3_3,1000000,8142683904,353030,351124,0,54,scenario3
S1_reprodscen3_3,1000000,8148864512,433138,431253,0,55,scenario3
S1_reprodscen3_3,1000000,8169252096,364899,362930,0,56,scenario3
S1_reprodscen3_3,1000000,8212489216,511697,509482,0,57,scenario3
S1_reprodscen3_3,1000000,8345741056,355850,354019,0,58,scenario3
S1_reprodscen3_3,1000000,8370074112,352328,350477,0,59,scenario3
S1_reprodscen3_3,1000000,8447394304,390744,388878,0,60,scenario3
S1_reprodscen3_3,1000000,8457603328,470513,468599,0,61,scenario3
S1_reprodscen3_3,1000000,8514911488,353104,351268,0,62,scenario3
S1_reprodscen3_3,1000000,8721225728,338651,336927,0,63,scenario3
S1_reprodscen3_3,1000000,8761551616,353060,351136,0,64,scenario3
S1_reprodscen3_3,1000000,8853923584,478820,476753,0,65,scenario3
S1_reprodscen3_3,1000000,8905328896,370395,368618,0,66,scenario3
S1_reprodscen3_3,1000000,9166636288,360516,358780,0,67,scenario3
S1_reprodscen3_3,1000000,9262881280,374777,372900,0,68,scenario3
S1_reprodscen3_3,1000000,9343257600,359698,357712,0,69,scenario3
S1_reprodscen3_3,1000000,9346676480,569570,566491,0,70,scenario3
S1_reprodscen3_3,1000000,9404040704,367775,365934,0,71,scenario3
S1_reprodscen3_3,1000000,9408244224,455359,453332,0,72,scenario3
S1_reprodscen3_3,1000000,9545991424,629468,626882,0,73,scenario3
S1_reprodscen3_3,1000000,9562850816,378701,376764,0,74,scenario3
S1_reprodscen3_3,1000000,9687119872,364482,362568,0,75,scenario3
S1_reprodscen3_3,1000000,9695560704,473961,471855,0,76,scenario3
S1_reprodscen3_3,1000000,9721656576,353260,351453,0,77,scenario3
S1_reprodscen3_3,1000000,9741001216,370057,368049,0,78,scenario3
S1_reprodscen3_3,1000000,9846286336,352361,350657,0,79,scenario3
S1_reprodscen3_3,1000000,9856560384,371466,369582,0,80,scenario3
S1_reprodscen3_3,1000000,9937817856,352320,350609,0,81,scenario3
S1_reprodscen3_3,1000000,10197068544,361987,359975,0,82,scenario3
S1_reprodscen3_3,1000000,10340495872,394155,392201,0,83,scenario3
S1_reprodscen3_3,1000000,10384541440,412044,403720,0,84,scenario3
S1_reprodscen3_3,1000000,10387783936,376336,374684,0,85,scenario3
S1_reprodscen3_3,1000000,10410189824,368263,366579,0,86,scenario3
S1_reprodscen3_3,1000000,10865875200,426113,423975,0,87,scenario3
S1_reprodscen3_3,1000000,10916761088,432795,430425,0,88,scenario3
S1_reprodscen3_3,1000000,11005040640,402899,400963,0,89,scenario3
S1_reprodscen3_3,1000000,11024332288,353170,351185,0,90,scenario3
S1_reprodscen3_3,1000000,11089560320,356025,354112,0,91,scenario3
S1_reprodscen3_3,1000000,11114914048,352490,350440,0,92,scenario3
S1_reprodscen3_3,1000000,11134280960,352745,350819,0,93,scenario3
S1_reprodscen3_3,1000000,11168650496,361975,360039,0,94,scenario3
S1_reprodscen3_3,1000000,11444939776,373076,371259,0,95,scenario3
S1_reprodscen3_3,1000000,11489217280,355499,353525,0,96,scenario3
S1_reprodscen3_3,1000000,11502641408,417317,415279,0,97,scenario3
S1_reprodscen3_3,1000000,11552151040,434081,431535,0,98,scenario3
S1_reprodscen3_3,1000000,11552991488,653043,645670,0,98,scenario3
S1_reprodscen3_3,1000000,11771614720,352224,350277,0,100,scenario3
S1_reprodscen3_3,1000000,11786991360,366167,364024,0,101,scenario3
S1_reprodscen3_3,1000000,11816307968,339914,338054,0,102,scenario3
S1_reprodscen3_3,1000000,11957647872,375429,373393,0,103,scenario3
S1_reprodscen3_3,1000000,12062944768,349992,348108,0,104,scenario3
S1_reprodscen3_3,1000000,12073262080,361877,360101,0,105,scenario3
S1_reprodscen3_3,1000000,12144615424,353736,351771,0,106,scenario3
S1_reprodscen3_3,1000000,12217844224,404964,403032,0,107,scenario3
S1_reprodscen3_3,1000000,12272227328,363330,361400,0,108,scenario3
S1_reprodscen3_3,1000000,12307561472,483517,481230,0,109,scenario3
S1_reprodscen3_3,1000000,12366848000,388574,386629,0,110,scenario3
S1_reprodscen3_3,1000000,12520017920,390360,388503,0,111,scenario3
S1_reprodscen3_3,1000000,12539391232,360821,358772,0,112,scenario3
S1_reprodscen3_3,1000000,12543726080,385972,384147,0,113,scenario3
S1_reprodscen3_3,1000000,12926962688,391948,389563,0,114,scenario3
S1_reprodscen3_3,1000000,12927863296,732194,729324,0,114,scenario3
S1_reprodscen3_3,1000000,12962183680,353520,351566,0,116,scenario3
S1_reprodscen3_3,1000000,12994603008,356599,354840,0,117,scenario3
S1_reprodscen3_3,1000000,13039028992,364202,362323,0,118,scenario3
S1_reprodscen3_3,1000000,13185233408,352476,350625,0,119,scenario3
S1_reprodscen3_3,1000000,13200490240,431915,429812,0,120,scenario3
S1_reprodscen3_3,1000000,13208917248,364721,362847,0,121,scenario3
S1_reprodscen3_3,1000000,13236155648,352937,351105,0,122,scenario3
S1_reprodscen3_3,1000000,13267580928,372385,370487,0,123,scenario3
S1_reprodscen3_3,1000000,13321806848,431448,429347,0,124,scenario3
S1_reprodscen3_3,1000000,13349075200,472082,469955,0,125,scenario3
S1_reprodscen3_3,1000000,13383462144,517450,514343,0,126,scenario3
S1_reprodscen3_3,1000000,13570574592,456662,454460,0,127,scenario3
S1_reprodscen3_3,1000000,13715648768,445772,444077,0,128,scenario3
S1_reprodscen3_3,1000000,13748823808,445990,444323,0,129,scenario3
S1_reprodscen3_3,1000000,13897246976,366640,365130,0,130,scenario3
S1_reprodscen3_3,1000000,13909262080,384549,383057,0,131,scenario3
S1_reprodscen3_3,1000000,13992458240,406414,404835,0,132,scenario3
S1_reprodscen3_3,1000000,14017689088,377051,375529,0,133,scenario3
S1_reprodscen3_3,1000000,14107857152,413020,411517,0,134,scenario3
S1_reprodscen3_3,1000000,14178094336,375262,372430,0,135,scenario3
S1_reprodscen3_3,1000000,14317359360,334291,332898,0,136,scenario3
S1_reprodscen3_3,1000000,14321562880,337434,336097,0,137,scenario3
S1_reprodscen3_3,1000000,14381001472,336932,335509,0,138,scenario3
S1_reprodscen3_3,1000000,14484320512,337339,336041,0,139,scenario3
S1_reprodscen3_3,1000000,14526700800,410874,407855,0,140,scenario3
S1_reprodscen3_3,1000000,14578763264,354319,352870,0,141,scenario3
S1_reprodscen3_3,1000000,14721201664,349284,335410,0,142,scenario3
S1_reprodscen3_3,1000000,14731563008,447272,445686,0,143,scenario3
S1_reprodscen3_3,1000000,14744747776,333859,332336,0,144,scenario3
S1_reprodscen3_3,1000000,14864036096,338231,336770,0,145,scenario3
S1_reprodscen3_3,1000000,14925242880,403362,401681,0,146,scenario3
S1_reprodscen3_3,1000000,14985448448,359337,357895,0,147,scenario3
S1_reprodscen3_3,1000000,15033705984,335985,334439,0,148,scenario3
S1_reprodscen3_3,1000000,15100072704,348043,346570,0,149,scenario3
S1_reprodscen3_3,1000000,15104333824,401282,399427,0,150,scenario3
S1_reprodscen3_3,1000000,15125656064,349819,348316,0,151,scenario3
S1_reprodscen3_3,1000000,15382958592,334222,332715,0,152,scenario3
S1_reprodscen3_3,1000000,15428213760,333835,332343,0,153,scenario3
S1_reprodscen3_3,1000000,15472453632,427553,425740,0,154,scenario3
S1_reprodscen3_3,1000000,15567878656,334354,332786,0,155,scenario3
S1_reprodscen3_3,1000000,15710159616,337318,335610,0,156,scenario3
S1_reprodscen3_3,1000000,15760288000,334870,333316,0,157,scenario3
S1_reprodscen3_3,1000000,15837681152,342805,341166,0,158,scenario3
S1_reprodscen3_3,1000000,15958922752,465940,464007,0,159,scenario3
S1_reprodscen3_3,1000000,16049261824,349854,348090,0,160,scenario3
S1_reprodscen3_3,1000000,16132547328,337467,335700,0,161,scenario3
S1_reprodscen3_3,1000000,16192953088,336680,334954,0,162,scenario3
S1_reprodscen3_3,1000000,16260300800,377617,375763,0,163,scenario3
S1_reprodscen3_3,1000000,16366622976,350142,348373,0,164,scenario3
S1_reprodscen3_3,1000000,16378067200,388340,386471,0,165,scenario3
S1_reprodscen3_3,1000000,16391346432,374284,372318,0,166,scenario3
S1_reprodscen3_3,1000000,16410759680,350652,348778,0,167,scenario3
S1_reprodscen3_3,1000000,16565918464,421645,419606,0,168,scenario3
S1_reprodscen3_3,1000000,16596337152,531272,528696,0,169,scenario3
S1_reprodscen3_3,1000000,16732346880,349010,347227,0,170,scenario3
S1_reprodscen3_3,1000000,16792716288,335613,333914,0,171,scenario3
S1_reprodscen3_3,1000000,16910099456,334652,332785,0,172,scenario3
S1_reprodscen3_3,1000000,16955404032,395535,393749,0,173,scenario3
S1_reprodscen3_3,1000000,17008712704,345506,343742,0,174,scenario3
S1_reprodscen3_3,1000000,17044079104,354941,352988,0,175,scenario3
S1_reprodscen3_3,1000000,17216434944,336270,334535,0,176,scenario3
S1_reprodscen3_3,1000000,17338790656,419047,417307,0,177,scenario3
S1_reprodscen3_3,1000000,17347018496,387950,384861,0,178,scenario3
S1_reprodscen3_3,1000000,17351174144,360669,358905,0,179,scenario3
S1_reprodscen3_3,1000000,17406618880,334801,333160,0,180,scenario3
S1_reprodscen3_3,1000000,17422008832,357733,356097,0,181,scenario3
S1_reprodscen3_3,1000000,17435144960,346603,344981,0,182,scenario3
S1_reprodscen3_3,1000000,17576546304,355570,353895,0,183,scenario3
S1_reprodscen3_3,1000000,17745724928,450393,448485,0,184,scenario3
S1_reprodscen3_3,1000000,17749013760,459643,457815,0,185,scenario3
S1_reprodscen3_3,1000000,17928156416,388882,387089,0,186,scenario3
S1_reprodscen3_3,1000000,17976736256,475289,472156,0,187,scenario3
S1_reprodscen3_3,1000000,17996854528,340892,339167,0,188,scenario3
S1_reprodscen3_3,1000000,18066181632,343344,341538,0,189,scenario3
S1_reprodscen3_3,1000000,18122469376,337712,336011,0,190,scenario3
S1_reprodscen3_3,1000000,18172736000,336651,334897,0,191,scenario3
S1_reprodscen3_3,1000000,18318202880,495000,492983,0,192,scenario3
S1_reprodscen3_3,1000000,18339460352,411705,409962,0,193,scenario3
S1_reprodscen3_3,1000000,18359648512,359100,357374,0,194,scenario3
S1_reprodscen3_3,1000000,18476022272,363630,361681,0,195,scenario3
S1_reprodscen3_3,1000000,18557158912,334447,332906,0,196,scenario3
S1_reprodscen3_3,1000000,18560135168,377760,376209,0,197,scenario3
S1_reprodscen3_3,1000000,18719754496,333183,331856,0,198,scenario3
S1_reprodscen3_3,1000000,18773863936,333341,331985,0,199,scenario3
S1_reprodscen3_3,1000000,18831049728,335200,333812,0,200,scenario3
S1_reprodscen3_3,1000000,18831866624,672027,658155,0,200,scenario3
S1_reprodscen3_3,1000000,18860368128,358321,356841,0,202,scenario3
S1_reprodscen3_3,1000000,18913722880,487488,485769,0,203,scenario3
S1_reprodscen3_3,1000000,19118951168,466411,464926,0,204,scenario3
S1_reprodscen3_3,1000000,19160157952,374843,373333,0,205,scenario3
S1_reprodscen3_3,1000000,19231432704,360910,359357,0,206,scenario3
S1_reprodscen3_3,1000000,19268707584,364496,362990,0,207,scenario3
S1_reprodscen3_3,1000000,19322963456,353552,351966,0,208,scenario3
S1_reprodscen3_3,1000000,19432320512,344229,342740,0,209,scenario3
S1_reprodscen3_3,1000000,19451744768,427751,426272,0,210,scenario3
S1_reprodscen3_3,1000000,19507762176,345030,343519,0,211,scenario3
S1_reprodscen3_3,1000000,19866072064,350476,348899,0,212,scenario3
S1_reprodscen3_3,1000000,19875407104,385056,383393,0,213,scenario3
S1_reprodscen3_3,1000000,19905624576,360308,358639,0,214,scenario3
S1_reprodscen3_3,1000000,19913093120,392875,391207,0,215,scenario3
S1_reprodscen3_3,1000000,19955229184,378070,376267,0,216,scenario3
S1_reprodscen3_3,1000000,20022451200,352826,351202,0,217,scenario3
S1_reprodscen3_3,1000000,20083812608,361978,360196,0,218,scenario3
S1_reprodscen3_3,1000000,20084669184,660897,658340,0,218,scenario3
S1_reprodscen3_3,1000000,20085444352,434787,433567,0,219,scenario3
S1_reprodscen3_3,1000000,20231436288,486256,484331,0,221,scenario3
S1_reprodscen3_3,1000000,20336586240,368510,366865,0,222,scenario3
S1_reprodscen3_3,1000000,20367949824,351507,349744,0,223,scenario3
S1_reprodscen3_3,1000000,20442126848,415262,413377,0,224,scenario3
S1_reprodscen3_3,1000000,20584479488,352670,350949,0,225,scenario3
S1_reprodscen3_3,1000000,20821666048,354269,352390,0,226,scenario3
S1_reprodscen3_3,1000000,20882973184,357641,355790,0,227,scenario3
S1_reprodscen3_3,1000000,20891243264,386172,384283,0,228,scenario3
S1_reprodscen3_3,1000000,20938645760,382912,381099,0,229,scenario3
S1_reprodscen3_3,1000000,20968832768,361259,359460,0,230,scenario3
S1_reprodscen3_3,1000000,20999186944,360493,358511,0,231,scenario3
S1_reprodscen3_3,1000000,21009474560,367631,365846,0,232,scenario3
S1_reprodscen3_3,1000000,21017705728,381510,366205,0,233,scenario3
S1_reprodscen3_3,1000000,21030105344,363148,361321,0,234,scenario3
S1_reprodscen3_3,1000000,21095395072,387184,385306,0,235,scenario3
S1_reprodscen3_3,1000000,21103607552,504521,502594,0,236,scenario3
S1_reprodscen3_3,1000000,21284008704,391109,389240,0,237,scenario3
S1_reprodscen3_3,1000000,21387403776,393014,391118,0,238,scenario3
S1_reprodscen3_3,1000000,21595792640,474710,472440,0,239,scenario3
S1_reprodscen3_3,1000000,21730244096,538291,535168,0,240,scenario3
S1_reprodscen3_3,1000000,21922505216,529293,526056,0,241,scenario3
S1_reprodscen3_3,1000000,22091737600,405578,403695,0,242,scenario3
S1_reprodscen3_3,1000000,22107904000,396144,394296,0,243,scenario3
S1_reprodscen3_3,1000000,22109179392,364910,363053,0,244,scenario3
S1_reprodscen3_3,1000000,22114522368,456182,454290,0,245,scenario3
S1_reprodscen3_3,1000000,22254729472,353086,351210,0,246,scenario3
S1_reprodscen3_3,1000000,22332077568,352614,350905,0,247,scenario3
S1_reprodscen3_3,1000000,22363658240,426948,424947,0,248,scenario3
S1_reprodscen3_3,1000000,22376852224,376641,374740,0,249,scenario3
S1_reprodscen3_3,1000000,22483259648,411574,409786,0,250,scenario3
S1_reprodscen3_3,1000000,22555463424,423838,422002,0,251,scenario3
S1_reprodscen3_3,1000000,22576722432,363630,361904,0,252,scenario3
S1_reprodscen3_3,1000000,22601125632,365890,364014,0,253,scenario3
S1_reprodscen3_3,1000000,22852409600,452550,450528,0,254,scenario3
S1_reprodscen3_3,1000000,22877731584,368454,366574,0,255,scenario3
S1_reprodscen3_3,1000000,22941135360,353060,351234,0,256,scenario3
S1_reprodscen3_3,1000000,23096379136,392093,390285,0,257,scenario3
S1_reprodscen3_3,1000000,23123705600,353221,351311,0,258,scenario3
S1_reprodscen3_3,1000000,23145108736,364040,362295,0,259,scenario3
S1_reprodscen3_3,1000000,23150656512,503879,500744,0,260,scenario3
S1_reprodscen3_3,1000000,23268641536,386387,371826,0,261,scenario3
S1_reprodscen3_3,1000000,23298822144,339279,337596,0,262,scenario3
S1_reprodscen3_3,1000000,23321181696,335164,333443,0,263,scenario3
S1_reprodscen3_3,1000000,23423547904,355646,353809,0,264,scenario3
S1_reprodscen3_3,1000000,23526904832,335827,334164,0,265,scenario3
S1_reprodscen3_3,1000000,23558112512,334730,332918,0,266,scenario3
S1_reprodscen3_3,1000000,23570406912,352444,350565,0,267,scenario3
S1_reprodscen3_3,1000000,23810813440,352254,350469,0,268,scenario3
S1_reprodscen3_3,1000000,23835139328,415395,413597,0,269,scenario3
S1_reprodscen3_3,1000000,23865293056,352869,350999,0,270,scenario3
S1_reprodscen3_3,1000000,23949725184,384394,382559,0,271,scenario3
S1_reprodscen3_3,1000000,23980023552,369885,367970,0,272,scenario3
S1_reprodscen3_3,1000000,24202202880,363912,362073,0,273,scenario3
S1_reprodscen3_3,1000000,24252609536,371032,369164,0,274,scenario3
S1_reprodscen3_3,1000000,24345841408,373309,371731,0,275,scenario3
S1_reprodscen3_3,1000000,24355287296,418460,416522,0,276,scenario3
S1_reprodscen3_3,1000000,24357420544,369268,367629,0,277,scenario3
S1_reprodscen3_3,1000000,24377678336,376666,375055,0,278,scenario3
S1_reprodscen3_3,1000000,24423869440,406086,393519,0,279,scenario3
S1_reprodscen3_3,1000000,24523119360,410941,409415,0,280,scenario3
S1_reprodscen3_3,1000000,24602217472,344218,342789,0,281,scenario3
S1_reprodscen3_3,1000000,24863530240,397669,396132,0,282,scenario3
S1_reprodscen3_3,1000000,24988814848,433293,431711,0,283,scenario3
S1_reprodscen3_3,1000000,25005227008,333054,331599,0,284,scenario3
S1_reprodscen3_3,1000000,25011612160,392490,390925,0,285,scenario3
S1_reprodscen3_3,1000000,25045884672,332888,331490,0,286,scenario3
S1_reprodscen3_3,1000000,25055108352,332696,331311,0,287,scenario3
S1_reprodscen3_3,1000000,25238967808,598637,595749,0,288,scenario3
S1_reprodscen3_3,1000000,25256954624,333590,332153,0,289,scenario3
S1_reprodscen3_3,1000000,25294979072,454067,451827,0,290,scenario3
S1_reprodscen3_3,1000000,25306274048,459347,457681,0,291,scenario3
S1_reprodscen3_3,1000000,25487670016,404911,403386,0,292,scenario3
S1_reprodscen3_3,1000000,25512920576,377693,376186,0,293,scenario3
S1_reprodscen3_3,1000000,25544240128,441633,439855,0,294,scenario3
S1_reprodscen3_3,1000000,25562324736,333122,331781,0,295,scenario3
S1_reprodscen3_3,1000000,25765713152,351888,350426,0,296,scenario3
S1_reprodscen3_3,1000000,25782903552,332676,331298,0,297,scenario3
S1_reprodscen3_3,1000000,25783691520,658559,656673,0,297,scenario3
S1_reprodscen3_3,1000000,25901200128,343685,342258,0,299,scenario3
S1_reprodscen3_3,1000000,25975565568,332615,331266,0,300,scenario3
S1_reprodscen3_3,1000000,26034736128,404227,402333,0,301,scenario3
S1_reprodscen3_3,1000000,26073951232,344305,342902,0,302,scenario3
S1_reprodscen3_3,1000000,26140263168,336699,335252,0,303,scenario3
S1_reprodscen3_3,1000000,26250636288,365711,364232,0,304,scenario3
S1_reprodscen3_3,1000000,26356800256,380500,377651,0,305,scenario3
S1_reprodscen3_3,1000000,26405650688,333987,332486,0,306,scenario3
S1_reprodscen3_3,1000000,26418970624,334827,333377,0,307,scenario3
S1_reprodscen3_3,1000000,26496180992,364959,363365,0,308,scenario3
S1_reprodscen3_3,1000000,26592448768,364728,363117,0,309,scenario3
S1_reprodscen3_3,1000000,26864694016,384665,382952,0,310,scenario3
S1_reprodscen3_3,1000000,27036035584,334113,332419,0,311,scenario3
S1_reprodscen3_3,1000000,27097355008,391004,389179,0,312,scenario3
S1_reprodscen3_3,1000000,27109698304,389490,387688,0,313,scenario3
S1_reprodscen3_3,1000000,27214021120,402362,400515,0,314,scenario3
S1_reprodscen3_3,1000000,27222258176,434067,431970,0,315,scenario3
S1_reprodscen3_3,1000000,27323614976,386255,384559,0,316,scenario3
S1_reprodscen3_3,1000000,27422795008,334567,332836,0,317,scenario3
S1_reprodscen3_3,1000000,27488258048,365281,363424,0,318,scenario3
S1_reprodscen3_3,1000000,27489350400,383869,382156,0,319,scenario3
S1_reprodscen3_3,1000000,27502897664,374883,372881,0,320,scenario3
S1_reprodscen3_3,1000000,27583064064,334897,333197,0,321,scenario3
S1_reprodscen3_3,1000000,27622306816,334740,333053,0,322,scenario3
S1_reprodscen3_3,1000000,27633717760,416325,414309,0,323,scenario3
S1_reprodscen3_3,1000000,27893870080,335758,334065,0,324,scenario3
S1_reprodscen3_3,1000000,27939274752,377177,375371,0,325,scenario3
S1_reprodscen3_3,1000000,27961550848,350397,348591,0,326,scenario3
S1_reprodscen3_3,1000000,28050916096,409946,408147,0,327,scenario3
S1_reprodscen3_3,1000000,28100249088,339625,337933,0,328,scenario3
S1_reprodscen3_3,1000000,28145486592,350313,348521,0,329,scenario3
S1_reprodscen3_3,1000000,28322848512,398839,396946,0,330,scenario3
S1_reprodscen3_3,1000000,28369027072,349800,348055,0,331,scenario3
S1_reprodscen3_3,1000000,28384421120,355814,354100,0,332,scenario3
S1_reprodscen3_3,1000000,28395796224,340802,339167,0,333,scenario3
S1_reprodscen3_3,1000000,28480013056,350488,348710,0,334,scenario3
S1_reprodscen3_3,1000000,28523303680,404853,403008,0,335,scenario3
S1_reprodscen3_3,1000000,28620674816,431601,428950,0,336,scenario3
S1_reprodscen3_3,1000000,28648005888,401271,398877,0,337,scenario3
S1_reprodscen3_3,1000000,28789154816,349129,347634,0,338,scenario3
S1_reprodscen3_3,1000000,28980244736,412094,410579,0,339,scenario3
S1_reprodscen3_3,1000000,29064350720,403596,402078,0,340,scenario3
S1_reprodscen3_3,1000000,29066620416,415482,413875,0,341,scenario3
S1_reprodscen3_3,1000000,29263879424,333224,331770,0,342,scenario3
S1_reprodscen3_3,1000000,29285154816,397523,395929,0,343,scenario3
S1_reprodscen3_3,1000000,29332368128,353798,352363,0,344,scenario3
S1_reprodscen3_3,1000000,29368688896,343630,342257,0,345,scenario3
S1_reprodscen3_3,1000000,29420976640,333850,332438,0,346,scenario3
S1_reprodscen3_3,1000000,29433241344,334123,332779,0,347,scenario3
S1_reprodscen3_3,1000000,29528461312,364824,363285,0,348,scenario3
S1_reprodscen3_3,1000000,29578670592,351319,349895,0,349,scenario3
S1_reprodscen3_3,1000000,29644884480,415938,414234,0,350,scenario3
S1_reprodscen3_3,1000000,29854516736,477321,474586,0,351,scenario3
S1_reprodscen3_3,1000000,29958599680,351191,349682,0,352,scenario3
S1_reprodscen3_3,1000000,29964973056,359794,358343,0,353,scenario3
S1_reprodscen3_3,1000000,30029240320,425308,423609,0,354,scenario3
S1_reprodscen3_3,1000000,30092693760,452074,449982,0,355,scenario3
S1_reprodscen3_3,1000000,30143976960,363400,361910,0,356,scenario3
S1_reprodscen3_3,1000000,30158302208,332245,330932,0,357,scenario3
S1_reprodscen3_3,1000000,30279680000,333953,332547,0,358,scenario3
S1_reprodscen3_3,1000000,30380985600,411431,408644,0,359,scenario3
S1_reprodscen3_3,1000000,30438190080,363159,361627,0,360,scenario3
S1_reprodscen3_3,1000000,30513501184,350197,348775,0,361,scenario3
S1_reprodscen3_3,1000000,30531801344,387666,386033,0,362,scenario3
S1_reprodscen3_3,1000000,30626140416,333465,332067,0,363,scenario3
S1_reprodscen3_3,1000000,30787503104,439533,437825,0,364,scenario3
S1_reprodscen3_3,1000000,30820974336,498848,484844,0,365,scenario3
S1_reprodscen3_3,1000000,31255058176,414314,412486,0,366,scenario3
S1_reprodscen3_3,1000000,31279392768,424174,392026,0,367,scenario3
S1_reprodscen3_3,1000000,31288598272,372232,369325,0,368,scenario3
S1_reprodscen3_3,1000000,31353713408,356811,355339,0,369,scenario3
S1_reprodscen3_3,1000000,31405998080,414750,413053,0,370,scenario3
S1_reprodscen3_3,1000000,31470234112,333333,331843,0,371,scenario3
S1_reprodscen3_3,1000000,31495628032,449824,447972,0,372,scenario3
S1_reprodscen3_3,1000000,31500877056,441400,439759,0,373,scenario3
S1_reprodscen3_3,1000000,31571085312,388337,386661,0,374,scenario3
S1_reprodscen3_3,1000000,31612311552,378840,377119,0,375,scenario3
S1_reprodscen3_3,1000000,31621815296,360583,358953,0,376,scenario3
S1_reprodscen3_3,1000000,31823077120,334020,332449,0,377,scenario3
S1_reprodscen3_3,1000000,31834527232,340463,338662,0,378,scenario3
S1_reprodscen3_3,1000000,31889761536,367390,349698,0,379,scenario3
S1_reprodscen3_3,1000000,31992032512,336086,334524,0,380,scenario3
S1_reprodscen3_3,1000000,32153428736,337418,335680,0,381,scenario3
S1_reprodscen3_3,1000000,32178779136,336193,334349,0,382,scenario3
S1_reprodscen3_3,1000000,32192084224,335320,333600,0,383,scenario3
S1_reprodscen3_3,1000000,32310557952,338062,336363,0,384,scenario3
S1_reprodscen3_3,1000000,32420043008,369242,367512,0,385,scenario3
S1_reprodscen3_3,1000000,32472289792,372052,370285,0,386,scenario3
S1_reprodscen3_3,1000000,32547756032,338039,336236,0,387,scenario3
S1_reprodscen3_3,1000000,32571935744,336513,334707,0,388,scenario3
S1_reprodscen3_3,1000000,32646461440,416800,414913,0,389,scenario3
S1_reprodscen3_3,1000000,32767658752,335151,333310,0,390,scenario3
S1_reprodscen3_3,1000000,32951932672,335815,334095,0,391,scenario3
S1_reprodscen3_3,1000000,32979331328,386367,384415,0,392,scenario3
S1_reprodscen3_3,1000000,33127686400,335460,333595,0,393,scenario3
S1_reprodscen3_3,1000000,33148015616,336111,334346,0,394,scenario3
S1_reprodscen3_3,1000000,33194360576,350464,348564,0,395,scenario3
S1_reprodscen3_3,1000000,33332169472,552044,533490,0,396,scenario3
S1_reprodscen3_3,1000000,33369344768,479584,476433,0,397,scenario3
S1_reprodscen3_3,1000000,33435625728,378051,376212,0,398,scenario3
S1_reprodscen3_3,1000000,33469981184,421913,419841,0,399,scenario3
S1_reprodscen3_3,1000000,33573170176,336220,334349,0,400,scenario3
S1_reprodscen3_3,1000000,33613552384,335746,333974,0,401,scenario3
S1_reprodscen3_3,1000000,33668806144,342122,340287,0,402,scenario3
S1_reprodscen3_3,1000000,33870078976,338545,336870,0,403,scenario3
S1_reprodscen3_3,1000000,33871143936,434863,432828,0,404,scenario3
S1_reprodscen3_3,1000000,33906568192,340050,338164,0,405,scenario3
S1_reprodscen3_3,1000000,33961899264,396262,394215,0,406,scenario3
S1_reprodscen3_3,1000000,34121208576,337390,335625,0,407,scenario3
S1_reprodscen3_3,1000000,34245582080,337827,335878,0,408,scenario3
S1_reprodscen3_3,1000000,34286853888,337128,335202,0,409,scenario3
S1_reprodscen3_3,1000000,34310251520,337234,335469,0,410,scenario3
S1_reprodscen3_3,1000000,34314538240,410980,409116,0,411,scenario3
S1_reprodscen3_3,1000000,34501913856,352573,350754,0,412,scenario3
S1_reprodscen3_3,1000000,34544292352,426344,424348,0,413,scenario3
S1_reprodscen3_3,1000000,34590582272,337507,335711,0,414,scenario3
S1_reprodscen3_3,1000000,34601918720,375489,373557,0,415,scenario3
S1_reprodscen3_3,1000000,34851175424,349301,347339,0,416,scenario3
S1_reprodscen3_3,1000000,34934614016,338410,336747,0,417,scenario3
S1_reprodscen3_3,1000000,34951187456,402927,400935,0,418,scenario3
S1_reprodscen3_3,1000000,35094446080,338080,336220,0,419,scenario3
S1_reprodscen3_3,1000000,35095663360,393258,391309,0,420,scenario3
S1_reprodscen3_3,1000000,35238081024,339885,338114,0,421,scenario3
S1_reprodscen3_3,1000000,35388330496,365584,363718,0,422,scenario3
S1_reprodscen3_3,1000000,35392494592,371600,369776,0,423,scenario3
S1_reprodscen3_3,1000000,35446976768,351852,350061,0,424,scenario3
S1_reprodscen3_3,1000000,35479149312,363365,361467,0,425,scenario3
S1_reprodscen3_3,1000000,35548520960,366315,364501,0,426,scenario3
S1_reprodscen3_3,1000000,35579933952,336081,334228,0,427,scenario3
S1_reprodscen3_3,1000000,35931117824,388409,386571,0,428,scenario3
S1_reprodscen3_3,1000000,36005531392,426633,411251,0,429,scenario3
S1_reprodscen3_3,1000000,36054866688,337143,335368,0,430,scenario3
S1_reprodscen3_3,1000000,36133139968,337212,335535,0,431,scenario3
S1_reprodscen3_3,1000000,36143432704,363820,362060,0,432,scenario3
S1_reprodscen3_3,1000000,36321923840,338490,336751,0,433,scenario3
S1_reprodscen3_3,1000000,36359125248,412254,410288,0,434,scenario3
S1_reprodscen3_3,1000000,36470519040,336770,334990,0,435,scenario3
S1_reprodscen3_3,1000000,36500867840,365298,363444,0,436,scenario3
S1_reprodscen3_3,1000000,36531248384,392639,390712,0,437,scenario3
S1_reprodscen3_3,1000000,36542584064,352458,350723,0,438,scenario3
S1_reprodscen3_3,1000000,36602927616,335847,334122,0,439,scenario3
S1_reprodscen3_3,1000000,36943233536,373949,372119,0,440,scenario3
S1_reprodscen3_3,1000000,37055613184,464069,462017,0,441,scenario3
S1_reprodscen3_3,1000000,37117949440,400807,398694,0,442,scenario3
S1_reprodscen3_3,1000000,37300224256,336613,334879,0,443,scenario3
S1_reprodscen3_3,1000000,37321581568,384368,382579,0,444,scenario3
S1_reprodscen3_3,1000000,37330828800,403923,402039,0,445,scenario3
S1_reprodscen3_3,1000000,37414306304,363970,362231,0,446,scenario3
S1_reprodscen3_3,1000000,37608679424,360804,359092,0,447,scenario3
S1_reprodscen3_3,1000000,37621002496,387873,385713,0,448,scenario3
S1_reprodscen3_3,1000000,37628262144,353943,352013,0,449,scenario3
S1_reprodscen3_3,1000000,37665600768,342241,340446,0,450,scenario3
S1_reprodscen3_3,1000000,37680974592,364667,362770,0,451,scenario3
S1_reprodscen3_3,1000000,37987255296,349405,347671,0,452,scenario3
S1_reprodscen3_3,1000000,38024550144,443991,442081,0,453,scenario3
S1_reprodscen3_3,1000000,38065762816,417601,415725,0,454,scenario3
S1_reprodscen3_3,1000000,38121073152,353034,351303,0,455,scenario3
S1_reprodscen3_3,1000000,38147603712,424874,423025,0,456,scenario3
S1_reprodscen3_3,1000000,38249789184,353066,351315,0,457,scenario3
S1_reprodscen3_3,1000000,38322175232,353963,352148,0,458,scenario3
S1_reprodscen3_3,1000000,38361627648,355885,354143,0,459,scenario3
S1_reprodscen3_3,1000000,38363913472,391797,389926,0,460,scenario3
S1_reprodscen3_3,1000000,38441219840,338403,336710,0,461,scenario3
S1_reprodscen3_3,1000000,38530597376,414488,412638,0,462,scenario3
S1_reprodscen3_3,1000000,38567987456,338402,336739,0,463,scenario3
S1_reprodscen3_3,1000000,38837286144,352952,351185,0,464,scenario3
S1_reprodscen3_3,1000000,39027624704,432595,430548,0,465,scenario3
S1_reprodscen3_3,1000000,39041788672,362935,361120,0,466,scenario3
S1_reprodscen3_3,1000000,39082215936,349177,347422,0,467,scenario3
S1_reprodscen3_3,1000000,39089560320,373648,371910,0,468,scenario3
S1_reprodscen3_3,1000000,39098737920,362847,361028,0,469,scenario3
S1_reprodscen3_3,1000000,39258293760,476593,474676,0,470,scenario3
S1_reprodscen3_3,1000000,39266491136,377366,375553,0,471,scenario3
S1_reprodscen3_3,1000000,39332887040,495252,493093,0,472,scenario3
S1_reprodscen3_3,1000000,39387001600,382223,380394,0,473,scenario3
S1_reprodscen3_3,1000000,39560309504,385607,383810,0,474,scenario3
S1_reprodscen3_3,1000000,39653618176,489202,486260,0,475,scenario3
S1_reprodscen3_3,1000000,39830975744,353916,351989,0,476,scenario3
S1_reprodscen3_3,1000000,39863419904,400592,398734,0,477,scenario3
S1_reprodscen3_3,1000000,39930654720,465142,462998,0,478,scenario3
S1_reprodscen3_3,1000000,40001051136,390434,388664,0,479,scenario3
S1_reprodscen3_3,1000000,40046355968,358436,356720,0,480,scenario3
S1_reprodscen3_3,1000000,40109651712,354051,352290,0,481,scenario3
S1_reprodscen3_3,1000000,40118884608,339143,337487,0,482,scenario3
S1_reprodscen3_3,1000000,40237249536,339184,337428,0,483,scenario3
S1_reprodscen3_3,1000000,40298782208,415148,412201,0,484,scenario3
S1_reprodscen3_3,1000000,40610109184,537305,534249,0,485,scenario3
S1_reprodscen3_3,1000000,40631276032,402920,400960,0,486,scenario3
S1_reprodscen3_3,1000000,40841547264,339333,337633,0,487,scenario3
S1_reprodscen3_3,1000000,41111900416,350446,348655,0,488,scenario3
S1_reprodscen3_3,1000000,41133103360,363718,362070,0,489,scenario3
S1_reprodscen3_3,1000000,41147914240,336466,334875,0,490,scenario3
S1_reprodscen3_3,1000000,41266531840,359827,358446,0,491,scenario3
S1_reprodscen3_3,1000000,41367081216,539051,536343,0,492,scenario3
S1_reprodscen3_3,1000000,41421142784,345532,344109,0,493,scenario3
S1_reprodscen3_3,1000000,41446535680,352316,350832,0,494,scenario3
S1_reprodscen3_3,1000000,41483857152,350670,345242,0,495,scenario3
S1_reprodscen3_3,1000000,41511150848,413259,411737,0,496,scenario3
S1_reprodscen3_3,1000000,41650377472,345688,344282,0,497,scenario3
S1_reprodscen3_3,1000000,41821707008,361205,359668,0,498,scenario3
S1_reprodscen3_3,1000000,41951982848,348413,346891,0,499,scenario3
S1_reprodscen3_3,1000000,41968178176,351671,349946,0,500,scenario3
S1_reprodscen3_3,1000000,42078561024,350903,349411,0,501,scenario3
S1_reprodscen3_3,1000000,42163797504,350688,348958,0,502,scenario3
S1_reprodscen3_3,1000000,42218095616,378939,377362,0,503,scenario3
S1_reprodscen3_3,1000000,42282399744,360338,358678,0,504,scenario3
S1_reprodscen3_3,1000000,42299581696,350084,348583,0,505,scenario3
S1_reprodscen3_3,1000000,42451263488,472236,469231,0,506,scenario3
S1_reprodscen3_3,1000000,42460282880,390313,388548,0,507,scenario3
S1_reprodscen3_3,1000000,42617550080,351167,349426,0,508,scenario3
S1_reprodscen3_3,1000000,42848826368,379002,377165,0,509,scenario3
S1_reprodscen3_3,1000000,42854276352,461843,459748,0,510,scenario3
S1_reprodscen3_3,1000000,42903471872,364221,362458,0,511,scenario3
S1_reprodscen3_3,1000000,42925749248,351816,349940,0,512,scenario3
S1_reprodscen3_3,1000000,43254342656,498083,495083,0,513,scenario3
S1_reprodscen3_3,1000000,43322399232,376847,375086,0,514,scenario3
S1_reprodscen3_3,1000000,43335828736,486559,484618,0,515,scenario3
S1_reprodscen3_3,1000000,43422994688,353630,351796,0,516,scenario3
S1_reprodscen3_3,1000000,43524576768,519668,516639,0,517,scenario3
S1_reprodscen3_3,1000000,43543675136,412655,410864,0,518,scenario3
S1_reprodscen3_3,1000000,43572813568,427041,424379,0,519,scenario3
S1_reprodscen3_3,1000000,43884943360,366878,365472,0,520,scenario3
S1_reprodscen3_3,1000000,43886086144,404681,403262,0,521,scenario3
S1_reprodscen3_3,1000000,43925607936,382640,381242,0,522,scenario3
S1_reprodscen3_3,1000000,44130784000,465544,463805,0,523,scenario3
S1_reprodscen3_3,1000000,44340960768,349546,348095,0,524,scenario3
S1_reprodscen3_3,1000000,44392163840,353054,351631,0,525,scenario3
S1_reprodscen3_3,1000000,44409403136,349635,344135,0,526,scenario3
S1_reprodscen3_3,1000000,44429717248,336445,335112,0,527,scenario3
S1_reprodscen3_3,1000000,44469847296,352294,350787,0,528,scenario3
S1_reprodscen3_3,1000000,44593182976,427828,426333,0,529,scenario3
S1_reprodscen3_3,1000000,44885482240,394299,392732,0,530,scenario3
S1_reprodscen3_3,1000000,45018789888,345612,344165,0,531,scenario3
S1_reprodscen3_3,1000000,45032175104,350268,348639,0,532,scenario3
S1_reprodscen3_3,1000000,45039497984,500103,498507,0,533,scenario3
S1_reprodscen3_3,1000000,45380813824,350070,348513,0,534,scenario3
S1_reprodscen3_3,1000000,45391112192,361355,359859,0,535,scenario3
S1_reprodscen3_3,1000000,45402427136,423631,409538,0,536,scenario3
S1_reprodscen3_3,1000000,45461760000,405711,404117,0,537,scenario3
S1_reprodscen3_3,1000000,45605086464,374514,372879,0,538,scenario3
S1_reprodscen3_3,1000000,45634354176,407860,406221,0,539,scenario3
S1_reprodscen3_3,1000000,45848030464,586806,583969,0,540,scenario3
S1_reprodscen3_3,1000000,46154084352,377942,376174,0,541,scenario3
S1_reprodscen3_3,1000000,46278398720,335168,333375,0,542,scenario3
S1_reprodscen3_3,1000000,46284654848,388823,386811,0,543,scenario3
S1_reprodscen3_3,1000000,46368040448,369255,366034,0,544,scenario3
S1_reprodscen3_3,1000000,46434429952,338710,336960,0,545,scenario3
S1_reprodscen3_3,1000000,46537841920,335748,333898,0,546,scenario3
S1_reprodscen3_3,1000000,46557200384,349764,348005,0,547,scenario3
S1_reprodscen3_3,1000000,46626545408,357280,355365,0,548,scenario3
S1_reprodscen3_3,1000000,46652977920,339176,337467,0,549,scenario3
S1_reprodscen3_3,1000000,47060238336,382959,381032,0,550,scenario3
S1_reprodscen3_3,1000000,47093662720,572413,569354,0,551,scenario3
S1_reprodscen3_3,1000000,47356896256,338147,336268,0,552,scenario3
S1_reprodscen3_3,1000000,47357658624,615180,612382,0,552,scenario3
S1_reprodscen3_3,1000000,47426250752,362656,360660,0,554,scenario3
S1_reprodscen3_3,1000000,47605584128,392436,389981,0,555,scenario3
S1_reprodscen3_3,1000000,47662881024,369934,367950,0,556,scenario3
S1_reprodscen3_3,1000000,47667259392,391513,389677,0,557,scenario3
S1_reprodscen3_3,1000000,47685494272,335625,333767,0,558,scenario3
S1_reprodscen3_3,1000000,47690003200,414110,412194,0,559,scenario3
S1_reprodscen3_3,1000000,47829235200,368007,366085,0,560,scenario3
S1_reprodscen3_3,1000000,47870480384,353797,351994,0,561,scenario3
S1_reprodscen3_3,1000000,48115759104,335757,333979,0,562,scenario3
S1_reprodscen3_3,1000000,48119216128,501762,498457,0,563,scenario3
S1_reprodscen3_3,1000000,48285275904,362347,360495,0,564,scenario3
S1_reprodscen3_3,1000000,48327645952,381822,380024,0,565,scenario3
S1_reprodscen3_3,1000000,48439840768,334454,332652,0,566,scenario3
S1_reprodscen3_3,1000000,48483171328,361970,360186,0,567,scenario3
S1_reprodscen3_3,1000000,48571750656,368922,366886,0,568,scenario3
S1_reprodscen3_3,1000000,48594942720,457860,455712,0,569,scenario3
S1_reprodscen3_3,1000000,48842148096,335744,333923,0,570,scenario3
S1_reprodscen3_3,1000000,48958820608,597962,594786,0,571,scenario3
S1_reprodscen3_3,1000000,49182751232,336700,335015,0,572,scenario3
S1_reprodscen3_3,1000000,49276295680,339887,338132,0,573,scenario3
S1_reprodscen3_3,1000000,49486754560,361645,359862,0,574,scenario3
S1_reprodscen3_3,1000000,49510936576,361754,359837,0,575,scenario3
S1_reprodscen3_3,1000000,49571360512,363345,360192,0,576,scenario3
S1_reprodscen3_3,1000000,49588713472,335975,334316,0,577,scenario3
S1_reprodscen3_3,1000000,49682068480,340050,338349,0,578,scenario3
S1_reprodscen3_3,1000000,49931661824,542166,539123,0,579,scenario3
S1_reprodscen3_3,1000000,49948815616,456246,454092,0,580,scenario3
S1_reprodscen3_3,1000000,50001074944,362108,360334,0,581,scenario3
S1_reprodscen3_3,1000000,50167396096,357961,356101,0,582,scenario3
S1_reprodscen3_3,1000000,50251865856,458897,456727,0,583,scenario3
S1_reprodscen3_3,1000000,50403208704,364249,362385,0,584,scenario3
S1_reprodscen3_3,1000000,50553561344,341184,339516,0,585,scenario3
S1_reprodscen3_3,1000000,50605910784,350579,348772,0,586,scenario3
S1_reprodscen3_3,1000000,50677458176,556874,553827,0,587,scenario3
S1_reprodscen3_3,1000000,50831534336,349176,347376,0,588,scenario3
S1_reprodscen3_3,1000000,50986041856,522824,519799,0,589,scenario3
S1_reprodscen3_3,1000000,51046077184,482717,481003,0,590,scenario3
S1_reprodscen3_3,1000000,51051438848,491179,489261,0,591,scenario3
S1_reprodscen3_3,1000000,51065616384,363289,361551,0,592,scenario3
S1_reprodscen3_3,1000000,51306847232,337523,335839,0,593,scenario3
S1_reprodscen3_3,1000000,51351085056,359994,358212,0,594,scenario3
S1_reprodscen3_3,1000000,51379542784,343384,341700,0,595,scenario3
S1_reprodscen3_3,1000000,51520901120,336973,335240,0,596,scenario3
S1_reprodscen3_3,1000000,52012127232,340032,338326,0,597,scenario3
S1_reprodscen3_3,1000000,52047850496,616332,612810,0,598,scenario3
S1_reprodscen3_3,1000000,52141834752,351245,349533,0,599,scenario3
S1_reprodscen3_3,1000000,52142972416,389109,387296,0,600,scenario3
S1_reprodscen3_3,1000000,52206328064,335855,334061,0,601,scenario3
S1_reprodscen3_3,1000000,52382817792,519204,516431,0,602,scenario3
S1_reprodscen3_3,1000000,52412834816,333147,331704,0,603,scenario3
S1_reprodscen3_3,1000000,52483091456,376916,375253,0,604,scenario3
S1_reprodscen3_3,1000000,52568442112,359980,358525,0,605,scenario3
S1_reprodscen3_3,1000000,52892640256,409748,408089,0,606,scenario3
S1_reprodscen3_3,1000000,52981915904,332816,331461,0,607,scenario3
S1_reprodscen3_3,1000000,53263247616,377420,375738,0,608,scenario3
S1_reprodscen3_3,1000000,53335562496,338438,332680,0,609,scenario3
S1_reprodscen3_3,1000000,53697915648,350094,348126,0,610,scenario3
S1_reprodscen3_3,1000000,53727137024,336718,334971,0,611,scenario3
S1_reprodscen3_3,1000000,53729559552,403741,400534,0,612,scenario3
S1_reprodscen3_3,1000000,53734763264,401011,399102,0,613,scenario3
S1_reprodscen3_3,1000000,53932086784,336015,334208,0,614,scenario3
S1_reprodscen3_3,1000000,54117440768,351952,350214,0,615,scenario3
S1_reprodscen3_3,1000000,54127853056,361690,359950,0,616,scenario3
S1_reprodscen3_3,1000000,54438173696,336244,334550,0,617,scenario3
S1_reprodscen3_3,1000000,54505390080,367970,364933,0,618,scenario3
S1_reprodscen3_3,1000000,54594723840,339743,337881,0,619,scenario3
S1_reprodscen3_3,1000000,54632104192,336605,334831,0,620,scenario3
S1_reprodscen3_3,1000000,54700509952,352905,351031,0,621,scenario3
S1_reprodscen3_3,1000000,54851557632,335657,333881,0,622,scenario3
S1_reprodscen3_3,1000000,54970027008,337354,335616,0,623,scenario3
S1_reprodscen3_3,1000000,55003281152,351312,349610,0,624,scenario3
S1_reprodscen3_3,1000000,55073723648,334835,333093,0,625,scenario3
S1_reprodscen3_3,1000000,55182223616,336889,335050,0,626,scenario3
S1_reprodscen3_3,1000000,55187619840,435949,433889,0,627,scenario3
S1_reprodscen3_3,1000000,55556866048,350175,348283,0,628,scenario3
S1_reprodscen3_3,1000000,55628250112,336487,334664,0,629,scenario3
S1_reprodscen3_3,1000000,56206585088,336138,334374,0,630,scenario3
S1_reprodscen3_3,1000000,56213953024,344385,342516,0,631,scenario3
S1_reprodscen3_3,1000000,56235246336,360381,358445,0,632,scenario3
S1_reprodscen3_3,1000000,56348692992,350774,349052,0,633,scenario3
S1_reprodscen3_3,1000000,56391077888,351379,349645,0,634,scenario3
S1_reprodscen3_3,1000000,56407485184,377963,376084,0,635,scenario3
S1_reprodscen3_3,1000000,56511794688,336496,334728,0,636,scenario3
S1_reprodscen3_3,1000000,56545275392,336285,334598,0,637,scenario3
S1_reprodscen3_3,1000000,56914490112,429664,427670,0,638,scenario3
S1_reprodscen3_3,1000000,57161771520,392817,390992,0,639,scenario3
S1_reprodscen3_3,1000000,57226055168,353980,352252,0,640,scenario3
S1_reprodscen3_3,1000000,57372589312,451446,449620,0,641,scenario3
S1_reprodscen3_3,1000000,57431829504,335144,333377,0,642,scenario3
S1_reprodscen3_3,1000000,57557322240,406396,404488,0,643,scenario3
S1_reprodscen3_3,1000000,57654593024,335379,333607,0,644,scenario3
S1_reprodscen3_3,1000000,57737948672,338849,337204,0,645,scenario3
S1_reprodscen3_3,1000000,58299301120,345130,343377,0,646,scenario3
S1_reprodscen3_3,1000000,58473678848,335702,334040,0,647,scenario3
S1_reprodscen3_3,1000000,58485952256,337567,335738,0,648,scenario3
S1_reprodscen3_3,1000000,58568459008,500500,497952,0,649,scenario3
S1_reprodscen3_3,1000000,58661464064,404987,403302,0,650,scenario3
S1_reprodscen3_3,1000000,58669673216,402682,401064,0,651,scenario3
S1_reprodscen3_3,1000000,58717027584,496623,494529,0,652,scenario3
S1_reprodscen3_3,1000000,59007126016,384040,382560,0,653,scenario3
S1_reprodscen3_3,1000000,59147465216,408323,406748,0,654,scenario3
S1_reprodscen3_3,1000000,59268662016,344709,343322,0,655,scenario3
S1_reprodscen3_3,1000000,59398218240,551863,549093,0,656,scenario3
S1_reprodscen3_3,1000000,59536437760,601476,598773,0,657,scenario3
S1_reprodscen3_3,1000000,59632325120,386699,385156,0,658,scenario3
S1_reprodscen3_3,1000000,59689644288,370485,368984,0,659,scenario3
S1_reprodscen3_3,1000000,59953944064,342864,341465,0,660,scenario3
S1_reprodscen3_3,1000000,59960194304,388951,375506,0,661,scenario3
S1_reprodscen3_3,1000000,59986445568,360719,359226,0,662,scenario3
S1_reprodscen3_3,1000000,60130738688,379620,378156,0,663,scenario3
S1_reprodscen3_3,1000000,60358021632,332883,331494,0,664,scenario3
S1_reprodscen3_3,1000000,60432433152,515741,513489,0,665,scenario3
S1_reprodscen3_3,1000000,60621573632,334729,333255,0,666,scenario3
S1_reprodscen3_3,1000000,61081957632,333927,332540,0,667,scenario3
S1_reprodscen3_3,1000000,61116549376,599142,596176,0,668,scenario3
S1_reprodscen3_3,1000000,61395488768,345954,344460,0,669,scenario3
S1_reprodscen3_3,1000000,61628125952,486522,484106,0,670,scenario3
S1_reprodscen3_3,1000000,61674122496,350747,348985,0,671,scenario3
S1_reprodscen3_3,1000000,61701500416,337321,335420,0,672,scenario3
S1_reprodscen3_3,1000000,61742787072,334759,333059,0,673,scenario3
S1_reprodscen3_3,1000000,61903911168,341403,339566,0,674,scenario3
S1_reprodscen3_3,1000000,61924253696,349269,347570,0,675,scenario3
S1_reprodscen3_3,1000000,62033494528,339164,337217,0,676,scenario3
S1_reprodscen3_3,1000000,62069729024,335833,334154,0,677,scenario3
S1_reprodscen3_3,1000000,62107118848,335913,333998,0,678,scenario3
S1_reprodscen3_3,1000000,62291443456,354405,352571,0,679,scenario3
S1_reprodscen3_3,1000000,62543811584,334924,333098,0,680,scenario3
S1_reprodscen3_3,1000000,62986351872,434616,432837,0,681,scenario3
S1_reprodscen3_3,1000000,63654409216,335053,333241,0,682,scenario3
S1_reprodscen3_3,1000000,63680852992,361275,359624,0,683,scenario3
S1_reprodscen3_3,1000000,63682871552,361668,359805,0,684,scenario3
S1_reprodscen3_3,1000000,63700330752,349593,347910,0,685,scenario3
S1_reprodscen3_3,1000000,63746395392,350449,348566,0,686,scenario3
S1_reprodscen3_3,1000000,64000837376,350789,349067,0,687,scenario3
S1_reprodscen3_3,1000000,64080266240,485618,483548,0,688,scenario3
S1_reprodscen3_3,1000000,64385390848,334815,333139,0,689,scenario3
S1_reprodscen3_3,1000000,64508927232,351174,349268,0,690,scenario3
S1_reprodscen3_3,1000000,64566168832,335692,334011,0,691,scenario3
S1_reprodscen3_3,1000000,64571848192,537265,535457,0,692,scenario3
S1_reprodscen3_3,1000000,64864024320,335832,334198,0,693,scenario3
S1_reprodscen3_3,1000000,64899324672,380297,378085,0,694,scenario3
S1_reprodscen3_3,1000000,65212602624,334599,332879,0,695,scenario3
S1_reprodscen3_3,1000000,65221827072,350277,348398,0,696,scenario3
S1_reprodscen3_3,1000000,65392933376,354601,352841,0,697,scenario3
S1_reprodscen3_3,1000000,65681400064,334684,333075,0,698,scenario3
S1_reprodscen3_3,1000000,66346713344,341953,340065,0,699,scenario3
S1_reprodscen3_3,1000000,66354077952,362492,360681,0,700,scenario3
S1_reprodscen3_3,1000000,66357382656,448729,445984,0,701,scenario3
S1_reprodscen3_3,1000000,66407582976,336094,334426,0,702,scenario3
S1_reprodscen3_3,1000000,66455977984,349731,348013,0,703,scenario3
S1_reprodscen3_3,1000000,66717336576,357058,355311,0,704,scenario3
S1_reprodscen3_3,1000000,66868792832,369840,368003,0,705,scenario3
S1_reprodscen3_3,1000000,67035139328,374160,371045,0,706,scenario3
S1_reprodscen3_3,1000000,67163661056,627081,624039,0,707,scenario3
S1_reprodscen3_3,1000000,67373648128,368435,366532,0,708,scenario3
S1_reprodscen3_3,1000000,67549032960,381423,379585,0,709,scenario3
S1_reprodscen3_3,1000000,67761420032,336951,335077,0,710,scenario3
S1_reprodscen3_3,1000000,67975792384,354337,352481,0,711,scenario3
S1_reprodscen3_3,1000000,67998025472,337448,335595,0,712,scenario3
S1_reprodscen3_3,1000000,68550569216,335420,333719,0,713,scenario3
S1_reprodscen3_3,1000000,68557719296,365759,363697,0,714,scenario3
S1_reprodscen3_3,1000000,68606137856,335653,333944,0,715,scenario3
S1_reprodscen3_3,1000000,68616367360,337139,335372,0,716,scenario3
S1_reprodscen3_3,1000000,68885900800,338589,336886,0,717,scenario3
S1_reprodscen3_3,1000000,68983203328,387084,384337,0,718,scenario3
S1_reprodscen3_3,1000000,69302426880,336508,334821,0,719,scenario3
S1_reprodscen3_3,1000000,69390716928,417668,415614,0,720,scenario3
S1_reprodscen3_3,1000000,69495176192,375687,373859,0,721,scenario3
S1_reprodscen3_3,1000000,70191565312,442618,440612,0,722,scenario3
S1_reprodscen3_3,1000000,70244721920,336565,334823,0,723,scenario3
S1_reprodscen3_3,1000000,70248971008,456163,454192,0,724,scenario3
S1_reprodscen3_3,1000000,70558209024,384373,382584,0,725,scenario3
S1_reprodscen3_3,1000000,70689489664,338760,336971,0,726,scenario3
S1_reprodscen3_3,1000000,70969824000,354094,352401,0,727,scenario3
S1_reprodscen3_3,1000000,71427147008,353615,351830,0,728,scenario3
S1_reprodscen3_3,1000000,71437408512,352760,350894,0,729,scenario3
S1_reprodscen3_3,1000000,71599888640,358634,356767,0,730,scenario3
S1_reprodscen3_3,1000000,71687105280,354469,352507,0,731,scenario3
S1_reprodscen3_3,1000000,72017675264,457160,454207,0,732,scenario3
S1_reprodscen3_3,1000000,72108840192,363197,361398,0,733,scenario3
S1_reprodscen3_3,1000000,72129026560,394334,392314,0,734,scenario3
S1_reprodscen3_3,1000000,72275542784,352449,350670,0,735,scenario3
S1_reprodscen3_3,1000000,72470771456,352612,350835,0,736,scenario3
S1_reprodscen3_3,1000000,73081243392,365059,363221,0,737,scenario3
S1_reprodscen3_3,1000000,73257515520,374413,372654,0,738,scenario3
S1_reprodscen3_3,1000000,73366745344,360329,358600,0,739,scenario3
S1_reprodscen3_3,1000000,73434047488,354290,352287,0,740,scenario3
S1_reprodscen3_3,1000000,73507586304,373039,371190,0,741,scenario3
S1_reprodscen3_3,1000000,73947663872,432955,431219,0,742,scenario3
S1_reprodscen3_3,1000000,74047865856,422999,421418,0,743,scenario3
S1_reprodscen3_3,1000000,74055060992,345202,343689,0,744,scenario3
S1_reprodscen3_3,1000000,74486351872,424209,422684,0,745,scenario3
S1_reprodscen3_3,1000000,74739636224,364585,363083,0,746,scenario3
S1_reprodscen3_3,1000000,75128977152,350113,348610,0,747,scenario3
S1_reprodscen3_3,1000000,75219308288,414772,413023,0,748,scenario3
S1_reprodscen3_3,1000000,75416634624,379536,377889,0,749,scenario3
S1_reprodscen3_3,1000000,75753106944,367641,365780,0,750,scenario3
S1_reprodscen3_3,1000000,75763252992,359374,357484,0,751,scenario3
S1_reprodscen3_3,1000000,75952563456,394377,392338,0,752,scenario3
S1_reprodscen3_3,1000000,75990921472,353569,351600,0,753,scenario3
S1_reprodscen3_3,1000000,76257227008,363410,361452,0,754,scenario3
S1_reprodscen3_3,1000000,76421570304,365575,363696,0,755,scenario3
S1_reprodscen3_3,1000000,76661837568,357576,355705,0,756,scenario3
S1_reprodscen3_3,1000000,76896289792,363809,361860,0,757,scenario3
S1_reprodscen3_3,1000000,76949610496,344518,342595,0,758,scenario3
S1_reprodscen3_3,1000000,77122890240,412384,410553,0,759,scenario3
S1_reprodscen3_3,1000000,77167315200,455434,439529,0,760,scenario3
S1_reprodscen3_3,1000000,77554736640,339911,338203,0,761,scenario3
S1_reprodscen3_3,1000000,78219085056,464175,461980,0,762,scenario3
S1_reprodscen3_3,1000000,78346391552,366532,364589,0,763,scenario3
S1_reprodscen3_3,1000000,78372687104,436776,434845,0,764,scenario3
S1_reprodscen3_3,1000000,78476934400,410979,409128,0,765,scenario3
S1_reprodscen3_3,1000000,78530311168,351562,349745,0,766,scenario3
S1_reprodscen3_3,1000000,79034776832,374839,373415,0,767,scenario3
S1_reprodscen3_3,1000000,79233870336,374176,372639,0,768,scenario3
S1_reprodscen3_3,1000000,79523191040,423474,421760,0,769,scenario3
S1_reprodscen3_3,1000000,79699629056,344671,343113,0,770,scenario3
S1_reprodscen3_3,1000000,79739872256,404549,402932,0,771,scenario3
S1_reprodscen3_3,1000000,79916128768,360249,358162,0,772,scenario3
S1_reprodscen3_3,1000000,80333416448,349275,347551,0,773,scenario3
S1_reprodscen3_3,1000000,80480665344,381287,379376,0,774,scenario3
S1_reprodscen3_3,1000000,80567975168,352209,350284,0,775,scenario3
S1_reprodscen3_3,1000000,80766395904,395378,393375,0,776,scenario3
S1_reprodscen3_3,1000000,80970571520,339115,337434,0,777,scenario3
S1_reprodscen3_3,1000000,81172869376,471227,468222,0,778,scenario3
S1_reprodscen3_3,1000000,81350144000,385065,383268,0,779,scenario3
S1_reprodscen3_3,1000000,81528434688,351634,349745,0,780,scenario3
S1_reprodscen3_3,1000000,81629640192,355197,353380,0,781,scenario3
S1_reprodscen3_3,1000000,81969992192,352465,350499,0,782,scenario3
S1_reprodscen3_3,1000000,82099545088,425153,423149,0,783,scenario3
S1_reprodscen3_3,1000000,82105685504,455982,453863,0,784,scenario3
S1_reprodscen3_3,1000000,82276176896,352756,350904,0,785,scenario3
S1_reprodscen3_3,1000000,82756590080,395939,393981,0,786,scenario3
S1_reprodscen3_3,1000000,82910987008,352776,350883,0,787,scenario3
S1_reprodscen3_3,1000000,82997400576,382547,380595,0,788,scenario3
S1_reprodscen3_3,1000000,83188728064,352912,351081,0,789,scenario3
S1_reprodscen3_3,1000000,83433064704,449509,447329,0,790,scenario3
S1_reprodscen3_3,1000000,83510509824,477347,475307,0,791,scenario3
S1_reprodscen3_3,1000000,84113661696,367746,365787,0,792,scenario3
S1_reprodscen3_3,1000000,84123854080,399785,397881,0,793,scenario3
S1_reprodscen3_3,1000000,84204342784,378168,376219,0,794,scenario3
S1_reprodscen3_3,1000000,84341749248,339391,337677,0,795,scenario3
S1_reprodscen3_3,1000000,84360103680,424783,422657,0,796,scenario3
S1_reprodscen3_3,1000000,84931404032,365315,363542,0,797,scenario3
S1_reprodscen3_3,1000000,84998808576,401763,399937,0,798,scenario3
S1_reprodscen3_3,1000000,85246240256,457582,455606,0,799,scenario3
S1_reprodscen3_3,1000000,85481443840,339017,337133,0,800,scenario3
S1_reprodscen3_3,1000000,85527721984,351892,349994,0,801,scenario3
S1_reprodscen3_3,1000000,86217044736,401343,399355,0,802,scenario3
S1_reprodscen3_3,1000000,86263405568,348154,346335,0,803,scenario3
S1_reprodscen3_3,1000000,86297744384,345424,343616,0,804,scenario3
S1_reprodscen3_3,1000000,86432070912,365760,363984,0,805,scenario3
S1_reprodscen3_3,1000000,86447487488,490422,488278,0,806,scenario3
S1_reprodscen3_3,1000000,87005825024,390427,388589,0,807,scenario3
S1_reprodscen3_3,1000000,87348943872,444577,442581,0,808,scenario3
S1_reprodscen3_3,1000000,87379337216,567043,564097,0,809,scenario3
S1_reprodscen3_3,1000000,87412350464,339999,338381,0,810,scenario3
S1_reprodscen3_3,1000000,87634432256,415057,413243,0,811,scenario3
S1_reprodscen3_3,1000000,87992835328,389536,387604,0,812,scenario3
S1_reprodscen3_3,1000000,88074313728,395113,393259,0,813,scenario3
S1_reprodscen3_3,1000000,88129496832,338944,337031,0,814,scenario3
S1_reprodscen3_3,1000000,88146831104,338767,337058,0,815,scenario3
S1_reprodscen3_3,1000000,88370223872,375629,373560,0,816,scenario3
S1_reprodscen3_3,1000000,88950357760,389731,388110,0,817,scenario3
S1_reprodscen3_3,1000000,89067594240,388123,386624,0,818,scenario3
S1_reprodscen3_3,1000000,89135688960,417778,416172,0,819,scenario3
S1_reprodscen3_3,1000000,89536036608,344305,342814,0,820,scenario3
S1_reprodscen3_3,1000000,89772297984,348815,343024,0,821,scenario3
S1_reprodscen3_3,1000000,89908433408,348638,347043,0,822,scenario3
S1_reprodscen3_3,1000000,90349948416,372159,370720,0,823,scenario3
S1_reprodscen3_3,1000000,90413319680,542223,539273,0,824,scenario3
S1_reprodscen3_3,1000000,90683689984,474380,471604,0,825,scenario3
S1_reprodscen3_3,1000000,90797776384,369822,368299,0,826,scenario3
S1_reprodscen3_3,1000000,91007061760,379175,377647,0,827,scenario3
S1_reprodscen3_3,1000000,91407442688,395073,393400,0,828,scenario3
S1_reprodscen3_3,1000000,91459799808,390772,389099,0,829,scenario3
S1_reprodscen3_3,1000000,91505064448,384166,382535,0,830,scenario3
S1_reprodscen3_3,1000000,91648385792,378273,376441,0,831,scenario3
S1_reprodscen3_3,1000000,92009109248,655247,651367,0,832,scenario3
S1_reprodscen3_3,1000000,92044013056,352414,350545,0,833,scenario3
S1_reprodscen3_3,1000000,92427349504,364826,362753,0,834,scenario3
S1_reprodscen3_3,1000000,92486635008,474384,472017,0,835,scenario3
S1_reprodscen3_3,1000000,92604983552,392414,390436,0,836,scenario3
S1_reprodscen3_3,1000000,92787403008,386460,384612,0,837,scenario3
S1_reprodscen3_3,1000000,92943589376,349275,347414,0,838,scenario3
S1_reprodscen3_3,1000000,92959972096,468227,465828,0,839,scenario3
S1_reprodscen3_3,1000000,93342358528,389809,387793,0,840,scenario3
S1_reprodscen3_3,1000000,93435568384,379952,378201,0,841,scenario3
S1_reprodscen3_3,1000000,93523973376,380702,378689,0,842,scenario3
S1_reprodscen3_3,1000000,93571311872,426436,424341,0,843,scenario3
S1_reprodscen3_3,1000000,94088715776,400063,398080,0,844,scenario3
S1_reprodscen3_3,1000000,94505833472,349080,336289,0,845,scenario3
S1_reprodscen3_3,1000000,94531055616,337746,336147,0,846,scenario3
S1_reprodscen3_3,1000000,94569161216,349503,344000,0,847,scenario3
S1_reprodscen3_3,1000000,94655418624,408446,406811,0,848,scenario3
S1_reprodscen3_3,1000000,94789574656,357963,356552,0,849,scenario3
S1_reprodscen3_3,1000000,95133851136,423818,421781,0,850,scenario3
S1_reprodscen3_3,1000000,95344174592,430231,428062,0,851,scenario3
S1_reprodscen3_3,1000000,95460317184,422266,420581,0,852,scenario3
S1_reprodscen3_3,1000000,95672565760,432917,431178,0,853,scenario3
S1_reprodscen3_3,1000000,95681951488,430378,428539,0,854,scenario3
S1_reprodscen3_3,1000000,95803372544,374062,361190,0,855,scenario3
S1_reprodscen3_3,1000000,95955716608,337405,335811,0,856,scenario3
S1_reprodscen3_3,1000000,96165912320,363637,361986,0,857,scenario3
S1_reprodscen3_3,1000000,96216237824,333760,332094,0,858,scenario3
S1_reprodscen3_3,1000000,96608661504,380598,378646,0,859,scenario3
S1_reprodscen3_3,1000000,96613857280,453169,450854,0,860,scenario3
S1_reprodscen3_3,1000000,96614860800,420099,418334,0,861,scenario3
S1_reprodscen3_3,1000000,96781388288,381811,379759,0,862,scenario3
S1_reprodscen3_3,1000000,96965845504,437224,435173,0,863,scenario3
S1_reprodscen3_3,1000000,97168958720,409311,407300,0,864,scenario3
S1_reprodscen3_3,1000000,97305264384,363613,361780,0,865,scenario3
S1_reprodscen3_3,1000000,97435616512,367441,365499,0,866,scenario3
S1_reprodscen3_3,1000000,97494918400,371670,369703,0,867,scenario3
S1_reprodscen3_3,1000000,97747201280,413919,411791,0,868,scenario3
S1_reprodscen3_3,1000000,97751395840,432898,430912,0,869,scenario3
S1_reprodscen3_3,1000000,97921769728,351702,349791,0,870,scenario3
S1_reprodscen3_3,1000000,98013106944,352308,350392,0,871,scenario3
S1_reprodscen3_3,1000000,98081262592,390581,388572,0,872,scenario3
S1_reprodscen3_3,1000000,98316644352,352058,350375,0,873,scenario3
S1_reprodscen3_3,1000000,98475782144,407149,405249,0,874,scenario3
S1_reprodscen3_3,1000000,98628137472,397011,395019,0,875,scenario3
S1_reprodscen3_3,1000000,98657550848,385322,383408,0,876,scenario3
S1_reprodscen3_3,1000000,98918960128,384844,382921,0,877,scenario3
S1_reprodscen3_3,1000000,99002276096,379015,377018,0,878,scenario3
S1_reprodscen3_3,1000000,99352679680,388870,387070,0,879,scenario3
S1_reprodscen3_3,1000000,99437034240,334753,332911,0,880,scenario3
S1_reprodscen3_3,1000000,99516446208,383830,381984,0,881,scenario3
S1_reprodscen3_3,1000000,99710657024,364964,363166,0,882,scenario3
S1_reprodscen3_3,1000000,99766019840,486076,484213,0,883,scenario3
S1_reprodscen3_3,1000000,100018149888,377790,375985,0,884,scenario3
S1_reprodscen3_3,1000000,100171532544,314511,312894,0,885,scenario3
S1_reprodscen3_3,1000000,100176871168,390706,388892,0,886,scenario3
S1_reprodscen3_3,1000000,100192416256,376927,374290,0,887,scenario3
S1_reprodscen3_3,1000000,100499682304,411104,409327,0,888,scenario3
S1_reprodscen3_3,1000000,100579961600,314661,312929,0,889,scenario3
S1_reprodscen3_3,1000000,100729134848,314521,312880,0,890,scenario3
S1_reprodscen3_3,1000000,100753393408,314617,312891,0,891,scenario3
S1_reprodscen3_3,1000000,100950777088,314592,312926,0,892,scenario3
S1_reprodscen3_3,1000000,100959123200,421990,420052,0,893,scenario3
S1_reprodscen3_3,1000000,101035314432,347458,345690,0,894,scenario3
S1_reprodscen3_3,1000000,101277616128,351587,349760,0,895,scenario3
S1_reprodscen3_3,1000000,101422857728,333432,332024,0,896,scenario3
S1_reprodscen3_3,1000000,101479996416,381510,379940,0,897,scenario3
S1_reprodscen3_3,1000000,101606280448,401321,399802,0,898,scenario3
S1_reprodscen3_3,1000000,101785576192,361641,360161,0,899,scenario3
S1_reprodscen3_3,1000000,101953937664,333808,332320,0,900,scenario3
S1_reprodscen3_3,1000000,101997244928,378433,376886,0,901,scenario3
S1_reprodscen3_3,1000000,102057533184,335581,334091,0,902,scenario3
S1_reprodscen3_3,1000000,102089756672,334356,332884,0,903,scenario3
S1_reprodscen3_3,1000000,102119229440,458911,457186,0,904,scenario3
S1_reprodscen3_3,1000000,102280164608,387087,385488,0,905,scenario3
S1_reprodscen3_3,1000000,102314461952,399572,397896,0,906,scenario3
S1_reprodscen3_3,1000000,102315573504,446800,445188,0,907,scenario3
S1_reprodscen3_3,1000000,102469836032,334904,333333,0,908,scenario3
S1_reprodscen3_3,1000000,102989278464,339306,337592,0,909,scenario3
S1_reprodscen3_3,1000000,103008621056,335831,334028,0,910,scenario3
S1_reprodscen3_3,1000000,103136159744,455023,452994,0,911,scenario3
S1_reprodscen3_3,1000000,103193315072,502845,500434,0,912,scenario3
S1_reprodscen3_3,1000000,103363635968,351912,350197,0,913,scenario3
S1_reprodscen3_3,1000000,103553889792,468047,465730,0,914,scenario3
S1_reprodscen3_3,1000000,103556052736,365158,363363,0,915,scenario3
S1_reprodscen3_3,1000000,103742430720,384948,383213,0,916,scenario3
S1_reprodscen3_3,1000000,103756519936,379139,377631,0,917,scenario3
S1_reprodscen3_3,1000000,103940728832,332609,331254,0,918,scenario3
S1_reprodscen3_3,1000000,104024132096,436626,434937,0,919,scenario3
S1_reprodscen3_3,1000000,104238788608,472902,471253,0,920,scenario3
S1_reprodscen3_3,1000000,104379631360,334333,332990,0,921,scenario3
S1_reprodscen3_3,1000000,104502805248,332318,330914,0,922,scenario3
S1_reprodscen3_3,1000000,104512304128,380454,367930,0,923,scenario3
S1_reprodscen3_3,1000000,104603669248,333001,331584,0,924,scenario3
S1_reprodscen3_3,1000000,104605829888,534744,533083,0,925,scenario3
S1_reprodscen3_3,1000000,104648083200,333956,332562,0,926,scenario3
S1_reprodscen3_3,1000000,104967366144,370193,368756,0,927,scenario3
S1_reprodscen3_3,1000000,104981631488,386857,385249,0,928,scenario3
S1_reprodscen3_3,1000000,105136962304,387126,385495,0,929,scenario3
S1_reprodscen3_3,1000000,105306342912,350936,349506,0,930,scenario3
S1_reprodscen3_3,1000000,105430482688,448870,447178,0,931,scenario3
S1_reprodscen3_3,1000000,105554862592,334049,332683,0,932,scenario3
S1_reprodscen3_3,1000000,105576089088,441778,440162,0,933,scenario3
S1_reprodscen3_3,1000000,105642465024,333112,331746,0,934,scenario3
S1_reprodscen3_3,1000000,105666671360,333745,332375,0,935,scenario3
S1_reprodscen3_3,1000000,105733966336,354995,353592,0,936,scenario3
S1_reprodscen3_3,1000000,105961282560,333806,332377,0,937,scenario3
S1_reprodscen3_3,1000000,106027658752,334150,332610,0,938,scenario3
S1_reprodscen3_3,1000000,106311887616,414861,413067,0,939,scenario3
S1_reprodscen3_3,1000000,106358210304,336378,334691,0,940,scenario3
S1_reprodscen3_3,1000000,106432665088,354478,352864,0,941,scenario3
S1_reprodscen3_3,1000000,106447726592,418495,416668,0,942,scenario3
S1_reprodscen3_3,1000000,106521832448,403822,402102,0,943,scenario3
S1_reprodscen3_3,1000000,106624351232,335768,334202,0,944,scenario3
S1_reprodscen3_3,1000000,106648553984,350884,349148,0,945,scenario3
S1_reprodscen3_3,1000000,106725823744,385913,384158,0,946,scenario3
S1_reprodscen3_3,1000000,106954132736,334028,332568,0,947,scenario3
S1_reprodscen3_3,1000000,107014465792,334471,332874,0,948,scenario3
S1_reprodscen3_3,1000000,107106788352,378637,376995,0,949,scenario3
S1_reprodscen3_3,1000000,107360147200,334571,332954,0,950,scenario3
S1_reprodscen3_3,1000000,107411656448,443279,441510,0,951,scenario3
S1_reprodscen3_3,1000000,107515814656,336110,334474,0,952,scenario3
S1_reprodscen3_3,1000000,107558284800,334206,332674,0,953,scenario3
S1_reprodscen3_3,1000000,107607554560,359386,357698,0,954,scenario3
S1_reprodscen3_3,1000000,107651822080,334908,333208,0,955,scenario3
S1_reprodscen3_3,1000000,107738116096,336446,334855,0,956,scenario3
S1_reprodscen3_3,1000000,107825315328,336465,334991,0,957,scenario3
S1_reprodscen3_3,1000000,107950559744,334865,333261,0,958,scenario3
S1_reprodscen3_3,1000000,108164881152,367695,365939,0,959,scenario3
S1_reprodscen3_3,1000000,108171226624,405403,403631,0,960,scenario3
S1_reprodscen3_3,1000000,108241487360,367729,366009,0,961,scenario3
S1_reprodscen3_3,1000000,108351833856,455562,453650,0,962,scenario3
S1_reprodscen3_3,1000000,108388117760,573344,571190,0,963,scenario3
S1_reprodscen3_3,1000000,108412386560,337392,335546,0,964,scenario3
S1_reprodscen3_3,1000000,108461810688,477678,475502,0,965,scenario3
S1_reprodscen3_3,1000000,108559004160,437050,414379,0,966,scenario3
S1_reprodscen3_3,1000000,108778201088,352322,350588,0,967,scenario3
S1_reprodscen3_3,1000000,108828558848,382590,380618,0,968,scenario3
S1_reprodscen3_3,1000000,108945902336,364590,362738,0,969,scenario3
S1_reprodscen3_3,1000000,109134087168,334638,332870,0,970,scenario3
S1_reprodscen3_3,1000000,109182424064,359231,357328,0,971,scenario3
S1_reprodscen3_3,1000000,109310651392,356407,354676,0,972,scenario3
S1_reprodscen3_3,1000000,109323925760,352317,350481,0,973,scenario3
S1_reprodscen3_3,1000000,109349277184,365147,363242,0,974,scenario3
S1_reprodscen3_3,1000000,109358445568,388199,386233,0,975,scenario3
S1_reprodscen3_3,1000000,109433748736,335801,334164,0,976,scenario3
S1_reprodscen3_3,1000000,109545903616,429140,427190,0,977,scenario3
S1_reprodscen3_3,1000000,109752296192,337992,336317,0,978,scenario3
S1_reprodscen3_3,1000000,109776445952,375480,373640,0,979,scenario3
S1_reprodscen3_3,1000000,109960805888,354968,353124,0,980,scenario3
S1_reprodscen3_3,1000000,109983275520,447368,445463,0,981,scenario3
S1_reprodscen3_3,1000000,109987306496,395978,394114,0,982,scenario3
S1_reprodscen3_3,1000000,109999753216,351682,349870,0,983,scenario3
S1_reprodscen3_3,1000000,110150045696,350080,343992,0,984,scenario3
S1_reprodscen3_3,1000000,110185303552,339553,337818,0,985,scenario3
S1_reprodscen3_3,1000000,110390957312,468311,466327,0,986,scenario3
S1_reprodscen3_3,1000000,110431098368,335985,334277,0,987,scenario3
S1_reprodscen3_3,1000000,110456357376,403548,401607,0,988,scenario3
S1_reprodscen3_3,1000000,110514948608,404582,402124,0,989,scenario3
S1_reprodscen3_3,1000000,110612112896,335592,333849,0,990,scenario3
S1_reprodscen3_3,1000000,110806442752,338134,336492,0,991,scenario3
S1_reprodscen3_3,1000000,110974834688,370761,368869,0,992,scenario3
S1_reprodscen3_3,1000000,111022032384,373582,371756,0,993,scenario3
S1_reprodscen3_3,1000000,111068399872,517836,501959,0,994,scenario3
S1_reprodscen3_3,1000000,111086745088,458976,456976,0,995,scenario3
S1_reprodscen3_3,1000000,111293904640,352037,350394,0,996,scenario3
S1_reprodscen3_3,1000000,111314175232,336204,334439,0,997,scenario3
S1_reprodscen3_3,1000000,111353679360,342735,340923,0,998,scenario3
S1_reprodscen3_3,1000000,111369854464,336014,334202,0,999,scenario3
S1_reprodscen3_3,1000000,111411325184,389469,387579,0,1000,scenario3
S1_reprodscen3_3,1000000,111424652032,481884,479796,0,1001,scenario3
S1_reprodscen3_3,1000000,111616857344,352288,350582,0,1002,scenario3
S1_reprodscen3_3,1000000,111622308096,420417,418640,0,1003,scenario3
S1_reprodscen3_3,1000000,112136417792,439179,437315,0,1004,scenario3
S1_reprodscen3_3,1000000,112212953088,497537,495514,0,1005,scenario3
S1_reprodscen3_3,1000000,112273070336,337976,336125,0,1006,scenario3
S1_reprodscen3_3,1000000,112309367552,334290,332503,0,1007,scenario3
S1_reprodscen3_3,1000000,112350759936,398820,396985,0,1008,scenario3
S1_reprodscen3_3,1000000,112410912768,472908,470997,0,1009,scenario3
S1_reprodscen3_3,1000000,112455046144,342194,340589,0,1010,scenario3
S1_reprodscen3_3,1000000,112501237248,333835,332295,0,1011,scenario3
S1_reprodscen3_3,1000000,112553554432,404612,403049,0,1012,scenario3
S1_reprodscen3_3,1000000,112607754240,334516,333114,0,1013,scenario3
S1_reprodscen3_3,1000000,112697999616,377081,375532,0,1014,scenario3
S1_reprodscen3_3,1000000,112725289984,407180,405550,0,1015,scenario3
S1_reprodscen3_3,1000000,112809681920,332772,331459,0,1016,scenario3
S1_reprodscen3_3,1000000,112988904192,384902,383443,0,1017,scenario3
S1_reprodscen3_3,1000000,113315222528,367431,366004,0,1018,scenario3
S1_reprodscen3_3,1000000,113364428800,333999,332569,0,1019,scenario3
S1_reprodscen3_3,1000000,113390807808,333638,332147,0,1020,scenario3
S1_reprodscen3_3,1000000,113430073344,334092,332643,0,1021,scenario3
S1_reprodscen3_3,1000000,113432154112,407498,405959,0,1022,scenario3
S1_reprodscen3_3,1000000,113511725056,334237,332767,0,1023,scenario3
S1_reprodscen3_3,1000000,113612848640,361192,347220,0,1024,scenario3
S1_reprodscen3_3,1000000,113630080256,334698,333135,0,1025,scenario3
S1_reprodscen3_3,1000000,113674331904,334660,333096,0,1026,scenario3
S1_reprodscen3_3,1000000,113694529024,333037,331567,0,1027,scenario3
S1_reprodscen3_3,1000000,113707864576,350290,348736,0,1028,scenario3
S1_reprodscen3_3,1000000,113756208896,345066,343597,0,1029,scenario3
S1_reprodscen3_3,1000000,113973534464,334177,332592,0,1030,scenario3
S1_reprodscen3_3,1000000,114032748800,335816,334326,0,1031,scenario3
S1_reprodscen3_3,1000000,114094083072,334815,333295,0,1032,scenario3
S1_reprodscen3_3,1000000,114154386688,354639,353120,0,1033,scenario3
S1_reprodscen3_3,1000000,114178725888,335502,333864,0,1034,scenario3
S1_reprodscen3_3,1000000,114308069376,334825,333206,0,1035,scenario3
S1_reprodscen3_3,1000000,114368335872,335810,334168,0,1036,scenario3
S1_reprodscen3_3,1000000,114421555712,360069,358380,0,1037,scenario3
S1_reprodscen3_3,1000000,114464822016,349275,347509,0,1038,scenario3
S1_reprodscen3_3,1000000,114523075584,415404,413702,0,1039,scenario3
S1_reprodscen3_3,1000000,114646554368,333524,331893,0,1040,scenario3
S1_reprodscen3_3,1000000,114708033792,586523,583514,0,1041,scenario3
S1_reprodscen3_3,1000000,114829083136,355769,353929,0,1042,scenario3
S1_reprodscen3_3,1000000,114844530688,576465,573300,0,1043,scenario3
S1_reprodscen3_3,1000000,114972578816,336911,335035,0,1044,scenario3
S1_reprodscen3_3,1000000,115029944320,383801,382014,0,1045,scenario3
S1_reprodscen3_3,1000000,115072133120,336957,335086,0,1046,scenario3
S1_reprodscen3_3,1000000,115205439744,338839,337159,0,1047,scenario3
S1_reprodscen3_3,1000000,115238878976,348986,347122,0,1048,scenario3
S1_reprodscen3_3,1000000,115245014272,361561,359856,0,1049,scenario3
S1_reprodscen3_3,1000000,115317288192,334964,333235,0,1050,scenario3
S1_reprodscen3_3,1000000,115340708096,349296,347486,0,1051,scenario3
S1_reprodscen3_3,1000000,115384888064,407498,405654,0,1052,scenario3
S1_reprodscen3_3,1000000,115534239488,435012,433139,0,1053,scenario3
S1_reprodscen3_3,1000000,115601460736,468187,466323,0,1054,scenario3
S1_reprodscen3_3,1000000,115661757696,334718,333148,0,1055,scenario3
S1_reprodscen3_3,1000000,115690110976,333680,332072,0,1056,scenario3
S1_reprodscen3_3,1000000,115818211584,353318,351651,0,1057,scenario3
S1_reprodscen3_3,1000000,115985557760,334527,332760,0,1058,scenario3
S1_reprodscen3_3,1000000,115992871680,360638,358739,0,1059,scenario3
S1_reprodscen3_3,1000000,116034246656,380378,378601,0,1060,scenario3
S1_reprodscen3_3,1000000,116149457152,369080,366080,0,1061,scenario3
S1_reprodscen3_3,1000000,116233767936,440631,426410,0,1062,scenario3
S1_reprodscen3_3,1000000,116382948352,334328,332670,0,1063,scenario3
S1_reprodscen3_3,1000000,116482456320,381640,379780,0,1064,scenario3
S1_reprodscen3_3,1000000,116576625408,381597,379716,0,1065,scenario3
S1_reprodscen3_3,1000000,116593814272,379089,377255,0,1066,scenario3
S1_reprodscen3_3,1000000,116598095104,418319,416723,0,1067,scenario3
S1_reprodscen3_3,1000000,116656144384,361163,359287,0,1068,scenario3
S1_reprodscen3_3,1000000,116664490496,354743,352926,0,1069,scenario3
S1_reprodscen3_3,1000000,116691810304,339890,338169,0,1070,scenario3
S1_reprodscen3_3,1000000,116735145984,336654,335025,0,1071,scenario3
S1_reprodscen3_3,1000000,116770465536,370595,368840,0,1072,scenario3
S1_reprodscen3_3,1000000,116978836992,334571,332827,0,1073,scenario3
S1_reprodscen3_3,1000000,117062087424,336548,334818,0,1074,scenario3
S1_reprodscen3_3,1000000,117137357312,371205,369455,0,1075,scenario3
S1_reprodscen3_3,1000000,117154658304,367595,365857,0,1076,scenario3
S1_reprodscen3_3,1000000,117206958848,335502,333833,0,1077,scenario3
S1_reprodscen3_3,1000000,117265377792,349487,347689,0,1078,scenario3
S1_reprodscen3_3,1000000,117366639872,454737,452943,0,1079,scenario3
S1_reprodscen3_3,1000000,117372868608,450866,448955,0,1080,scenario3
S1_reprodscen3_3,1000000,117392085248,335008,333307,0,1081,scenario3
S1_reprodscen3_3,1000000,117446433024,475968,473839,0,1082,scenario3
S1_reprodscen3_3,1000000,117533735680,439449,437353,0,1083,scenario3
S1_reprodscen3_3,1000000,117577020416,374179,372504,0,1084,scenario3
S1_reprodscen3_3,1000000,117630234880,335268,333653,0,1085,scenario3
S1_reprodscen3_3,1000000,117669552384,335025,333447,0,1086,scenario3
S1_reprodscen3_3,1000000,117830881536,338586,336907,0,1087,scenario3
S1_reprodscen3_3,1000000,118054273536,386757,385075,0,1088,scenario3
S1_reprodscen3_3,1000000,118072661248,334420,332947,0,1089,scenario3
S1_reprodscen3_3,1000000,118083078144,592623,588296,0,1090,scenario3
S1_reprodscen3_3,1000000,118130133760,344489,342907,0,1091,scenario3
S1_reprodscen3_3,1000000,118213451008,416430,414716,0,1092,scenario3
S1_reprodscen3_3,1000000,118255933440,334354,332888,0,1093,scenario3
S1_reprodscen3_3,1000000,118475118848,409636,407811,0,1094,scenario3
S1_reprodscen3_3,1000000,118532270848,397570,395904,0,1095,scenario3
S1_reprodscen3_3,1000000,118535622912,418092,416278,0,1096,scenario3
S1_reprodscen3_3,1000000,118540778752,406218,404459,0,1097,scenario3
S1_reprodscen3_3,1000000,118621103104,445007,443046,0,1098,scenario3
S1_reprodscen3_3,1000000,118632442112,443520,433178,0,1099,scenario3
S1_reprodscen3_3,1000000,118744686080,460001,455116,0,1100,scenario3
S1_reprodscen3_3,1000000,118748753152,401224,399602,0,1101,scenario3
S1_reprodscen3_3,1000000,118763969280,428751,427062,0,1102,scenario3
S1_reprodscen3_3,1000000,118764526080,431793,430483,0,1102,scenario3
S1_reprodscen3_3,1000000,119044446976,455526,452538,0,1104,scenario3
S1_reprodscen3_3,1000000,119093483520,399599,398035,0,1105,scenario3
S1_reprodscen3_3,1000000,119153751808,375271,373740,0,1106,scenario3
S1_reprodscen3_3,1000000,119170905088,364009,362611,0,1107,scenario3
S1_reprodscen3_3,1000000,119235301888,393647,392083,0,1108,scenario3
S1_reprodscen3_3,1000000,119251548928,542792,540986,0,1109,scenario3
S1_reprodscen3_3,1000000,119280665344,348037,346619,0,1110,scenario3
S1_reprodscen3_3,1000000,119325935360,445709,444044,0,1111,scenario3
S1_reprodscen3_3,1000000,119406282752,338575,337204,0,1112,scenario3
S1_reprodscen3_3,1000000,119443415040,428290,426668,0,1113,scenario3
S1_reprodscen3_3,1000000,119483623168,452910,451158,0,1114,scenario3
S1_reprodscen3_3,1000000,119661670400,333251,331895,0,1115,scenario3
S1_reprodscen3_3,1000000,119681958656,378900,377342,0,1116,scenario3
S1_reprodscen3_3,1000000,119770236416,404607,403129,0,1117,scenario3
S1_reprodscen3_3,1000000,119815516672,432646,418928,0,1118,scenario3
S1_reprodscen3_3,1000000,119819776768,475065,472246,0,1119,scenario3
S1_reprodscen3_3,1000000,120058986240,451361,449763,0,1120,scenario3
S1_reprodscen3_3,1000000,120122111232,403937,402341,0,1121,scenario3
S1_reprodscen3_3,1000000,120132383232,394327,392815,0,1122,scenario3
S1_reprodscen3_3,1000000,120203778304,433982,431154,0,1123,scenario3
S1_reprodscen3_3,1000000,120283958528,384379,382913,0,1124,scenario3
S1_reprodscen3_3,1000000,120492415744,332891,331518,0,1125,scenario3
S1_reprodscen3_3,1000000,120499562752,367992,365191,0,1126,scenario3
S1_reprodscen3_3,1000000,120554640896,358746,357310,0,1127,scenario3
S1_reprodscen3_3,1000000,120559964160,443743,442082,0,1128,scenario3
S1_reprodscen3_3,1000000,120585636608,566643,563889,0,1129,scenario3
S1_reprodscen3_3,1000000,120590627584,450120,448458,0,1130,scenario3
S1_reprodscen3_3,1000000,120618866688,371698,368903,0,1131,scenario3
S1_reprodscen3_3,1000000,120629276672,333570,332215,0,1132,scenario3
S1_reprodscen3_3,1000000,120648370944,414061,412430,0,1133,scenario3
S1_reprodscen3_3,1000000,120825884160,427708,426134,0,1134,scenario3
S1_reprodscen3_3,1000000,120826817792,415314,413794,0,1135,scenario3
S1_reprodscen3_3,1000000,121003215104,483581,481790,0,1136,scenario3
S1_reprodscen3_3,1000000,121004436992,519881,518182,0,1137,scenario3
S1_reprodscen3_3,1000000,121036502528,353279,351795,0,1138,scenario3
S1_reprodscen3_3,1000000,121038759936,374942,373440,0,1139,scenario3
S1_reprodscen3_3,1000000,121119087872,470078,468466,0,1140,scenario3
S1_reprodscen3_3,1000000,121133154304,405327,403760,0,1141,scenario3
S1_reprodscen3_3,1000000,121236582656,347682,346358,0,1142,scenario3
S1_reprodscen3_3,1000000,121259855872,343925,342492,0,1143,scenario3
S1_reprodscen3_3,1000000,121391984128,334450,333090,0,1144,scenario3
S1_reprodscen3_3,1000000,121409292032,397602,396052,0,1145,scenario3
S1_reprodscen3_3,1000000,121430401024,333376,331994,0,1146,scenario3
S1_reprodscen3_3,1000000,121444868096,371971,370483,0,1147,scenario3
S1_reprodscen3_3,1000000,121454888192,341311,339884,0,1148,scenario3
S1_reprodscen3_3,1000000,121506078976,334015,332620,0,1149,scenario3
S1_reprodscen3_3,1000000,121675504128,461171,459598,0,1150,scenario3
S1_reprodscen3_3,1000000,121747677952,332904,331537,0,1151,scenario3
S1_reprodscen3_3,1000000,121840882688,403340,401787,0,1152,scenario3
S1_reprodscen3_3,1000000,122018253312,487247,485700,0,1153,scenario3
S1_reprodscen3_3,1000000,122040189952,333749,332361,0,1154,scenario3
S1_reprodscen3_3,1000000,122052549888,362061,360650,0,1155,scenario3
S1_reprodscen3_3,1000000,122066903040,533681,531978,0,1156,scenario3
S1_reprodscen3_3,1000000,122099977216,378314,376833,0,1157,scenario3
S1_reprodscen3_3,1000000,122117209600,334109,332687,0,1158,scenario3
S1_reprodscen3_3,1000000,122138357504,335128,333772,0,1159,scenario3
S1_reprodscen3_3,1000000,122151739136,438834,437122,0,1160,scenario3
S1_reprodscen3_3,1000000,122323864320,337794,336418,0,1161,scenario3
S1_reprodscen3_3,1000000,122593200640,333494,332142,0,1162,scenario3
S1_reprodscen3_3,1000000,122646551296,333020,331581,0,1163,scenario3
S1_reprodscen3_3,1000000,122678848768,434945,433325,0,1164,scenario3
S1_reprodscen3_3,1000000,122767081728,419417,417807,0,1165,scenario3
S1_reprodscen3_3,1000000,122795476992,387250,385831,0,1166,scenario3
S1_reprodscen3_3,1000000,122799606272,379609,378082,0,1167,scenario3
S1_reprodscen3_3,1000000,122850876416,333025,331598,0,1168,scenario3
S1_reprodscen3_3,1000000,122879200768,458878,457180,0,1169,scenario3
S1_reprodscen3_3,1000000,123005319168,334971,332847,0,1170,scenario3
S1_reprodscen3_3,1000000,123024548608,334811,333448,0,1171,scenario3
S1_reprodscen3_3,1000000,123051987712,368929,367441,0,1172,scenario3
S1_reprodscen3_3,1000000,123084116480,334885,333579,0,1173,scenario3
S1_reprodscen3_3,1000000,123113351168,347470,346106,0,1174,scenario3
S1_reprodscen3_3,1000000,123136615424,430672,429100,0,1175,scenario3
S1_reprodscen3_3,1000000,123369839104,433405,431381,0,1176,scenario3
S1_reprodscen3_3,1000000,123404169216,375476,373989,0,1177,scenario3
S1_reprodscen3_3,1000000,123462473472,339412,338060,0,1178,scenario3
S1_reprodscen3_3,1000000,123464596736,420328,418696,0,1179,scenario3
S1_reprodscen3_3,1000000,123481801216,422731,420805,0,1180,scenario3
S1_reprodscen3_3,1000000,123602072832,378505,375518,0,1181,scenario3
S1_reprodscen3_3,1000000,123690265344,334224,332900,0,1182,scenario3
S1_reprodscen3_3,1000000,123691507712,444566,442942,0,1183,scenario3
S1_reprodscen3_3,1000000,123692695808,430515,428916,0,1184,scenario3
S1_reprodscen3_3,1000000,123725449728,585226,582357,0,1185,scenario3
S1_reprodscen3_3,1000000,123748239104,420582,417780,0,1186,scenario3
S1_reprodscen3_3,1000000,123881482496,446146,444674,0,1187,scenario3
S1_reprodscen3_3,1000000,124050911232,542587,540481,0,1188,scenario3
S1_reprodscen3_3,1000000,124057859840,459120,457508,0,1189,scenario3
S1_reprodscen3_3,1000000,124072116224,352106,350639,0,1190,scenario3
S1_reprodscen3_3,1000000,124085523456,334267,332835,0,1191,scenario3
S1_reprodscen3_3,1000000,124097751808,332137,330700,0,1192,scenario3
S1_reprodscen3_3,1000000,124115979520,354221,351424,0,1193,scenario3
S1_reprodscen3_3,1000000,124210209280,400150,398516,0,1194,scenario3
S1_reprodscen3_3,1000000,124256660736,358407,356978,0,1195,scenario3
S1_reprodscen3_3,1000000,124334851072,350477,347732,0,1196,scenario3
S1_reprodscen3_3,1000000,124469097216,385310,383704,0,1197,scenario3
S1_reprodscen3_3,1000000,124520398080,336587,335244,0,1198,scenario3
S1_reprodscen3_3,1000000,124567651072,402516,400993,0,1199,scenario3
S1_reprodscen3_3,1000000,124621864704,418379,416709,0,1200,scenario3
S1_reprodscen3_3,1000000,124725115392,344272,342888,0,1201,scenario3
S1_reprodscen3_3,1000000,124727374848,424741,421863,0,1202,scenario3
S1_reprodscen3_3,1000000,124744599296,333437,332070,0,1203,scenario3
S1_reprodscen3_3,1000000,124865931008,333705,332368,0,1204,scenario3
S1_reprodscen3_3,1000000,124891119360,418298,416621,0,1205,scenario3
S1_reprodscen3_3,1000000,125042402304,333290,331925,0,1206,scenario3
S1_reprodscen3_3,1000000,125063642880,332590,331234,0,1207,scenario3
S1_reprodscen3_3,1000000,125120048640,333049,331689,0,1208,scenario3
S1_reprodscen3_3,1000000,125193134336,400671,399030,0,1209,scenario3
S1_reprodscen3_3,1000000,125269430528,380137,378620,0,1210,scenario3
S1_reprodscen3_3,1000000,125270738688,529502,527681,0,1211,scenario3
S1_reprodscen3_3,1000000,125277983232,464818,462973,0,1212,scenario3
S1_reprodscen3_3,1000000,125468153344,521482,519670,0,1213,scenario3
S1_reprodscen3_3,1000000,125532365824,392952,390119,0,1214,scenario3
S1_reprodscen3_3,1000000,125536468992,333311,331934,0,1215,scenario3
S1_reprodscen3_3,1000000,125556762624,413976,412382,0,1216,scenario3
S1_reprodscen3_3,1000000,125568982528,396630,395113,0,1217,scenario3
S1_reprodscen3_3,1000000,125641688576,552627,549798,0,1218,scenario3
S1_reprodscen3_3,1000000,125675619840,336585,335278,0,1219,scenario3
S1_reprodscen3_3,1000000,125688020480,332919,331509,0,1220,scenario3
S1_reprodscen3_3,1000000,125704369152,430680,429192,0,1221,scenario3
S1_reprodscen3_3,1000000,125789533440,397751,396244,0,1222,scenario3
S1_reprodscen3_3,1000000,125900969728,433979,432490,0,1223,scenario3
S1_reprodscen3_3,1000000,125901955840,472817,471485,0,1224,scenario3
S1_reprodscen3_3,1000000,126156288256,482897,481163,0,1225,scenario3
S1_reprodscen3_3,1000000,126186503168,392093,390554,0,1226,scenario3
S1_reprodscen3_3,1000000,126228833792,344420,342962,0,1227,scenario3
S1_reprodscen3_3,1000000,126300135424,391305,389819,0,1228,scenario3
S1_reprodscen3_3,1000000,126311584256,433098,406502,0,1229,scenario3
S1_reprodscen3_3,1000000,126330547712,367933,366233,0,1230,scenario3
S1_reprodscen3_3,1000000,126372812544,346156,344684,0,1231,scenario3
S1_reprodscen3_3,1000000,126396086528,343675,337100,0,1232,scenario3
S1_reprodscen3_3,1000000,126424390144,404580,403012,0,1233,scenario3
S1_reprodscen3_3,1000000,126437710336,333620,332241,0,1234,scenario3
S1_reprodscen3_3,1000000,126527026944,419317,417681,0,1235,scenario3
S1_reprodscen3_3,1000000,126588184320,364359,362940,0,1236,scenario3
S1_reprodscen3_3,1000000,126677390080,408306,406692,0,1237,scenario3
S1_reprodscen3_3,1000000,126693644288,373709,360004,0,1238,scenario3
S1_reprodscen3_3,1000000,126714937856,333111,331734,0,1239,scenario3
S1_reprodscen3_3,1000000,126755132928,446487,443515,0,1240,scenario3
S1_reprodscen3_3,1000000,126784678400,566600,563800,0,1241,scenario3
S1_reprodscen3_3,1000000,126823571712,343738,342341,0,1242,scenario3
S1_reprodscen3_3,1000000,126845773312,392904,391239,0,1243,scenario3
S1_reprodscen3_3,1000000,127058100480,406860,405263,0,1244,scenario3
S1_reprodscen3_3,1000000,127139309568,369354,367916,0,1245,scenario3
S1_reprodscen3_3,1000000,127167574272,490749,488867,0,1246,scenario3
S1_reprodscen3_3,1000000,127211741184,427927,426378,0,1247,scenario3
S1_reprodscen3_3,1000000,127219935232,411941,410348,0,1248,scenario3
S1_reprodscen3_3,1000000,127246415360,359533,358104,0,1249,scenario3
S1_reprodscen3_3,1000000,127250503936,358733,357293,0,1250,scenario3
S1_reprodscen3_3,1000000,127352926720,407620,406057,0,1251,scenario3
S1_reprodscen3_3,1000000,127369124608,408893,407261,0,1252,scenario3
S1_reprodscen3_3,1000000,127417455360,333356,332022,0,1253,scenario3
S1_reprodscen3_3,1000000,127422887424,521321,519746,0,1254,scenario3
S1_reprodscen3_3,1000000,127425884672,392020,390573,0,1255,scenario3
S1_reprodscen3_3,1000000,127448248832,391702,390157,0,1256,scenario3
S1_reprodscen3_3,1000000,127467390976,453566,451923,0,1257,scenario3
S1_reprodscen3_3,1000000,127632579840,467798,466297,0,1258,scenario3
S1_reprodscen3_3,1000000,127667860224,390756,389242,0,1259,scenario3
S1_reprodscen3_3,1000000,127678121728,401114,399548,0,1260,scenario3
S1_reprodscen3_3,1000000,127723480064,453528,450751,0,1261,scenario3
S1_reprodscen3_3,1000000,127769584640,398740,397179,0,1262,scenario3
S1_reprodscen3_3,1000000,127833867264,400881,399366,0,1263,scenario3
S1_reprodscen3_3,1000000,128054330112,431577,430058,0,1264,scenario3
S1_reprodscen3_3,1000000,128062532608,396965,395325,0,1265,scenario3
S1_reprodscen3_3,1000000,128078855424,333385,331990,0,1266,scenario3
S1_reprodscen3_3,1000000,128141153536,373347,371843,0,1267,scenario3
S1_reprodscen3_3,1000000,128151687936,401663,400068,0,1268,scenario3
S1_reprodscen3_3,1000000,128183760896,414219,412577,0,1269,scenario3
S1_reprodscen3_3,1000000,128236924928,392690,391088,0,1270,scenario3
S1_reprodscen3_3,1000000,128258375936,368471,365480,0,1271,scenario3
S1_reprodscen3_3,1000000,128449650176,458082,456483,0,1272,scenario3
S1_reprodscen3_3,1000000,128594809856,411538,409875,0,1273,scenario3
S1_reprodscen3_3,1000000,128621135360,538248,535100,0,1274,scenario3
S1_reprodscen3_3,1000000,128623192576,442764,440928,0,1275,scenario3
S1_reprodscen3_3,1000000,128628449536,374045,372498,0,1276,scenario3
S1_reprodscen3_3,1000000,128643863296,334355,332879,0,1277,scenario3
S1_reprodscen3_3,1000000,128666048256,347545,346127,0,1278,scenario3
S1_reprodscen3_3,1000000,128748250368,400936,399259,0,1279,scenario3
S1_reprodscen3_3,1000000,128795626240,332871,331498,0,1280,scenario3
S1_reprodscen3_3,1000000,128796256000,476374,475135,0,1280,scenario3
S1_reprodscen3_3,1000000,128806886400,381426,367679,0,1282,scenario3
S1_reprodscen3_3,1000000,128825146624,359772,358296,0,1283,scenario3
S1_reprodscen3_3,1000000,129037360128,332851,331434,0,1284,scenario3
S1_reprodscen3_3,1000000,129043696128,388442,386943,0,1285,scenario3
S1_reprodscen3_3,1000000,129066950144,369926,368173,0,1286,scenario3
S1_reprodscen3_3,1000000,129083326720,383756,382133,0,1287,scenario3
S1_reprodscen3_3,1000000,129099518720,377161,375576,0,1288,scenario3
S1_reprodscen3_3,1000000,129131761920,427096,425409,0,1289,scenario3
S1_reprodscen3_3,1000000,129145146624,367575,366063,0,1290,scenario3
S1_reprodscen3_3,1000000,129157461248,406715,404909,0,1291,scenario3
S1_reprodscen3_3,1000000,129179820544,351501,349978,0,1292,scenario3
S1_reprodscen3_3,1000000,129257956096,333935,332481,0,1293,scenario3
S1_reprodscen3_3,1000000,129321462528,447223,445606,0,1294,scenario3
S1_reprodscen3_3,1000000,129332465408,415298,413567,0,1295,scenario3
S1_reprodscen3_3,1000000,129513918720,341531,340005,0,1296,scenario3
S1_reprodscen3_3,1000000,129600213248,455786,453887,0,1297,scenario3
S1_reprodscen3_3,1000000,129684416256,419656,417979,0,1298,scenario3
S1_reprodscen3_3,1000000,129687643136,434355,432710,0,1299,scenario3
S1_reprodscen3_3,1000000,129749912832,333362,331907,0,1300,scenario3
S1_reprodscen3_3,1000000,129753213696,410865,407920,0,1301,scenario3
S1_reprodscen3_3,1000000,129771490304,461762,460241,0,1302,scenario3
S1_reprodscen3_3,1000000,129839725312,334097,332677,0,1303,scenario3
S1_reprodscen3_3,1000000,130065036288,397179,394274,0,1304,scenario3
S1_reprodscen3_3,1000000,130192388096,355982,354418,0,1305,scenario3
S1_reprodscen3_3,1000000,130354588160,454572,452687,0,1306,scenario3
S1_reprodscen3_3,1000000,130402790912,431084,429406,0,1307,scenario3
S1_reprodscen3_3,1000000,130411018240,404197,402522,0,1308,scenario3
S1_reprodscen3_3,1000000,130416128768,452374,450627,0,1309,scenario3
S1_reprodscen3_3,1000000,130459598080,349559,347932,0,1310,scenario3
S1_reprodscen3_3,1000000,130486855424,385586,384023,0,1311,scenario3
S1_reprodscen3_3,1000000,130504040960,347913,346311,0,1312,scenario3
S1_reprodscen3_3,1000000,130533627648,454522,452755,0,1313,scenario3
S1_reprodscen3_3,1000000,130556879872,399856,398234,0,1314,scenario3
S1_reprodscen3_3,1000000,130585039872,363672,362149,0,1315,scenario3
S1_reprodscen3_3,1000000,130604303104,395285,393708,0,1316,scenario3
S1_reprodscen3_3,1000000,130635679744,407969,406279,0,1317,scenario3
S1_reprodscen3_3,1000000,130721946368,438892,437295,0,1318,scenario3
S1_reprodscen3_3,1000000,130730312192,386444,384939,0,1319,scenario3
S1_reprodscen3_3,1000000,130778585088,374886,373351,0,1320,scenario3
S1_reprodscen3_3,1000000,130803902208,334083,332666,0,1321,scenario3
S1_reprodscen3_3,1000000,130810243328,367650,366141,0,1322,scenario3
S1_reprodscen3_3,1000000,130810839296,450183,448706,0,1322,scenario3
S1_reprodscen3_3,1000000,130900664320,334355,332906,0,1324,scenario3
S1_reprodscen3_3,1000000,131099890432,457996,456340,0,1325,scenario3
S1_reprodscen3_3,1000000,131145984000,369200,367547,0,1326,scenario3
S1_reprodscen3_3,1000000,131172497408,451018,449266,0,1327,scenario3
S1_reprodscen3_3,1000000,131222572800,349399,347816,0,1328,scenario3
S1_reprodscen3_3,1000000,131286918912,350105,348527,0,1329,scenario3
S1_reprodscen3_3,1000000,131372166400,421707,419954,0,1330,scenario3
S1_reprodscen3_3,1000000,131438281984,336312,334799,0,1331,scenario3
S1_reprodscen3_3,1000000,131595657728,338388,336878,0,1332,scenario3
S1_reprodscen3_3,1000000,131603869184,409967,408285,0,1333,scenario3
S1_reprodscen3_3,1000000,131654077696,400049,398274,0,1334,scenario3
S1_reprodscen3_3,1000000,131693347072,337500,335981,0,1335,scenario3
S1_reprodscen3_3,1000000,131703866368,424001,422311,0,1336,scenario3
S1_reprodscen3_3,1000000,131712094720,358166,356514,0,1337,scenario3
S1_reprodscen3_3,1000000,131713239552,468095,466411,0,1338,scenario3
S1_reprodscen3_3,1000000,131714440704,454945,453350,0,1339,scenario3
S1_reprodscen3_3,1000000,131716677376,407559,406118,0,1340,scenario3
S1_reprodscen3_3,1000000,131742302720,395135,393414,0,1341,scenario3
S1_reprodscen3_3,1000000,131785422336,377293,375685,0,1342,scenario3
S1_reprodscen3_3,1000000,131813738752,333744,332219,0,1343,scenario3
S1_reprodscen3_3,1000000,131892006912,337230,335738,0,1344,scenario3
S1_reprodscen3_3,1000000,131927358720,472254,470363,0,1345,scenario3
S1_reprodscen3_3,1000000,132049761280,417494,414960,0,1346,scenario3
S1_reprodscen3_3,1000000,132072157440,336790,335153,0,1347,scenario3
S1_reprodscen3_3,1000000,132077337600,463168,461410,0,1348,scenario3
S1_reprodscen3_3,1000000,132121518848,412849,410846,0,1349,scenario3
S1_reprodscen3_3,1000000,132146741248,374022,372355,0,1350,scenario3
S1_reprodscen3_3,1000000,132178012672,400265,398562,0,1351,scenario3
S1_reprodscen3_3,1000000,132290677504,519115,515944,0,1352,scenario3
S1_reprodscen3_3,1000000,132314868736,544097,540968,0,1353,scenario3
S1_reprodscen3_3,1000000,132353004544,481622,479820,0,1354,scenario3
S1_reprodscen3_3,1000000,132368177664,457262,455367,0,1355,scenario3
S1_reprodscen3_3,1000000,132483650048,442507,439577,0,1356,scenario3
S1_reprodscen3_3,1000000,132574051584,595808,592876,0,1357,scenario3
S1_reprodscen3_3,1000000,132582012160,390624,388991,0,1358,scenario3
S1_reprodscen3_3,1000000,132652282112,335366,333829,0,1359,scenario3
S1_reprodscen3_3,1000000,132675545600,397946,396146,0,1360,scenario3
S1_reprodscen3_3,1000000,132741006592,340505,338932,0,1361,scenario3
S1_reprodscen3_3,1000000,132835196672,346624,344889,0,1362,scenario3
S1_reprodscen3_3,1000000,132839431168,425795,423837,0,1363,scenario3
S1_reprodscen3_3,1000000,132861642752,384537,382706,0,1364,scenario3
S1_reprodscen3_3,1000000,132880060672,404764,403111,0,1365,scenario3
S1_reprodscen3_3,1000000,132890242048,422780,420907,0,1366,scenario3
S1_reprodscen3_3,1000000,133064445696,416722,414948,0,1367,scenario3
S1_reprodscen3_3,1000000,133121816320,335246,333667,0,1368,scenario3
S1_reprodscen3_3,1000000,133134546688,565338,562160,0,1369,scenario3
S1_reprodscen3_3,1000000,133206407936,498741,496945,0,1370,scenario3
S1_reprodscen3_3,1000000,133218520576,406946,405095,0,1371,scenario3
S1_reprodscen3_3,1000000,133282937600,386435,384638,0,1372,scenario3
S1_reprodscen3_3,1000000,133291110656,418882,416847,0,1373,scenario3
S1_reprodscen3_3,1000000,133374490880,352423,350820,0,1374,scenario3
S1_reprodscen3_3,1000000,133390861056,351915,350295,0,1375,scenario3
S1_reprodscen3_3,1000000,133409150208,338437,332840,0,1376,scenario3
S1_reprodscen3_3,1000000,133450464512,339440,337881,0,1377,scenario3
S1_reprodscen3_3,1000000,133455799296,564179,562495,0,1378,scenario3
S1_reprodscen3_3,1000000,133469117440,396960,393995,0,1379,scenario3
S1_reprodscen3_3,1000000,133502316544,334770,333165,0,1380,scenario3
S1_reprodscen3_3,1000000,133516743424,422391,420340,0,1381,scenario3
S1_reprodscen3_3,1000000,133627977472,412684,410862,0,1382,scenario3
S1_reprodscen3_3,1000000,133629021952,428719,427190,0,1383,scenario3
S1_reprodscen3_3,1000000,133736313856,445670,444049,0,1384,scenario3
S1_reprodscen3_3,1000000,133765458944,400501,398934,0,1385,scenario3
S1_reprodscen3_3,1000000,133834891776,495446,492640,0,1386,scenario3
S1_reprodscen3_3,1000000,133857916928,332434,331109,0,1387,scenario3
S1_reprodscen3_3,1000000,133956306176,453588,451840,0,1388,scenario3
S1_reprodscen3_3,1000000,134116553728,357126,355734,0,1389,scenario3
S1_reprodscen3_3,1000000,134140876544,362437,360961,0,1390,scenario3
S1_reprodscen3_3,1000000,134159108096,414121,412519,0,1391,scenario3
S1_reprodscen3_3,1000000,134185424128,506043,504391,0,1392,scenario3
S1_reprodscen3_3,1000000,134226474752,333532,332149,0,1393,scenario3
S1_reprodscen3_3,1000000,134233769728,424448,422841,0,1394,scenario3
S1_reprodscen3_3,1000000,134307138048,518254,516377,0,1395,scenario3
S1_reprodscen3_3,1000000,134329170944,412742,411145,0,1396,scenario3
S1_reprodscen3_3,1000000,134384380160,426874,425272,0,1397,scenario3
S1_reprodscen3_3,1000000,134403650304,401003,399442,0,1398,scenario3
S1_reprodscen3_3,1000000,134408931584,457555,455568,0,1399,scenario3
S1_reprodscen3_3,1000000,134497215488,343677,342329,0,1400,scenario3
S1_reprodscen3_3,1000000,134543564032,520630,518974,0,1401,scenario3
S1_reprodscen3_3,1000000,134573723136,401670,400139,0,1402,scenario3
S1_reprodscen3_3,1000000,134598086912,343565,342137,0,1403,scenario3
S1_reprodscen3_3,1000000,134624261120,333190,331847,0,1404,scenario3
S1_reprodscen3_3,1000000,134662588672,397972,385660,0,1405,scenario3
S1_reprodscen3_3,1000000,134814994176,357097,355649,0,1406,scenario3
S1_reprodscen3_3,1000000,134902211072,403570,401960,0,1407,scenario3
S1_reprodscen3_3,1000000,134906474496,434794,433139,0,1408,scenario3
S1_reprodscen3_3,1000000,134953880320,347749,346290,0,1409,scenario3
S1_reprodscen3_3,1000000,134963180800,365237,363739,0,1410,scenario3
S1_reprodscen3_3,1000000,135064501504,377242,375794,0,1411,scenario3
S1_reprodscen3_3,1000000,135071701504,366860,365391,0,1412,scenario3
S1_reprodscen3_3,1000000,135155965440,343394,341963,0,1413,scenario3
S1_reprodscen3_3,1000000,135255239168,421371,419719,0,1414,scenario3
S1_reprodscen3_3,1000000,135264425728,398415,396926,0,1415,scenario3
S1_reprodscen3_3,1000000,135292695808,363870,362357,0,1416,scenario3
S1_reprodscen3_3,1000000,135311955968,348896,343313,0,1417,scenario3
S1_reprodscen3_3,1000000,135319191552,472550,470777,0,1418,scenario3
S1_reprodscen3_3,1000000,135326511104,398644,397326,0,1419,scenario3
S1_reprodscen3_3,1000000,135343085312,487809,485643,0,1420,scenario3
S1_reprodscen3_3,1000000,135343979520,435233,433524,0,1421,scenario3
S1_reprodscen3_3,1000000,135356360192,382155,380622,0,1422,scenario3
S1_reprodscen3_3,1000000,135457919744,555797,552882,0,1423,scenario3
S1_reprodscen3_3,1000000,135466991616,336949,335603,0,1424,scenario3
S1_reprodscen3_3,1000000,135510146560,332498,331203,0,1425,scenario3
S1_reprodscen3_3,1000000,135603609344,378805,377372,0,1426,scenario3
S1_reprodscen3_3,1000000,135738883840,332614,331255,0,1427,scenario3
S1_reprodscen3_3,1000000,135818092544,351507,350062,0,1428,scenario3
S1_reprodscen3_3,1000000,135823331328,457291,455612,0,1429,scenario3
S1_reprodscen3_3,1000000,135899609088,417805,416192,0,1430,scenario3
S1_reprodscen3_3,1000000,135922784512,332573,331190,0,1431,scenario3
S1_reprodscen3_3,1000000,135940143360,350626,347766,0,1432,scenario3
S1_reprodscen3_3,1000000,136073435648,342050,340582,0,1433,scenario3
S1_reprodscen3_3,1000000,136074046464,479779,478139,0,1433,scenario3
S1_reprodscen3_3,1000000,136120824064,399301,397660,0,1435,scenario3
S1_reprodscen3_3,1000000,136135118336,332616,331231,0,1436,scenario3
S1_reprodscen3_3,1000000,136170328832,333264,331918,0,1437,scenario3
S1_reprodscen3_3,1000000,136242651136,373379,371953,0,1438,scenario3
S1_reprodscen3_3,1000000,136267024896,442818,441153,0,1439,scenario3
S1_reprodscen3_3,1000000,136277139712,347739,342227,0,1440,scenario3
S1_reprodscen3_3,1000000,136384587776,333554,332107,0,1441,scenario3
S1_reprodscen3_3,1000000,136446912256,527278,524401,0,1442,scenario3
S1_reprodscen3_3,1000000,136478101760,375220,373717,0,1443,scenario3
S1_reprodscen3_3,1000000,136512489216,333321,331947,0,1444,scenario3
S1_reprodscen3_3,1000000,136563664896,458826,457161,0,1445,scenario3
S1_reprodscen3_3,1000000,136592923136,352673,351198,0,1446,scenario3
S1_reprodscen3_3,1000000,136604253952,418592,416948,0,1447,scenario3
S1_reprodscen3_3,1000000,136627520000,454823,453177,0,1448,scenario3
S1_reprodscen3_3,1000000,136674684928,364846,363476,0,1449,scenario3
S1_reprodscen3_3,1000000,136765086208,348574,347155,0,1450,scenario3
S1_reprodscen3_3,1000000,136825239296,391359,389814,0,1451,scenario3
S1_reprodscen3_3,1000000,136838592000,428947,427369,0,1452,scenario3
S1_reprodscen3_3,1000000,136870658048,332831,331473,0,1453,scenario3
S1_reprodscen3_3,1000000,136912030208,336742,335428,0,1454,scenario3
S1_reprodscen3_3,1000000,136954229760,381084,379545,0,1455,scenario3
S1_reprodscen3_3,1000000,137128597504,337319,335947,0,1456,scenario3
S1_reprodscen3_3,1000000,137192756480,380285,378786,0,1457,scenario3
S1_reprodscen3_3,1000000,137204375040,350273,349133,0,1458,scenario3
S1_reprodscen3_3,1000000,137250114048,362793,361397,0,1459,scenario3
S1_reprodscen3_3,1000000,137275507456,325482,324116,0,1460,scenario3
S1_reprodscen3_3,1000000,137345929984,373420,372014,0,1461,scenario3
S1_reprodscen3_3,1000000,137360073728,396011,394476,0,1462,scenario3
S1_reprodscen3_3,1000000,137435703808,594161,592774,0,1463,scenario3
S1_reprodscen3_3,1000000,137436713984,339389,338128,0,1464,scenario3
S1_reprodscen3_3,1000000,137500867840,436873,435364,0,1465,scenario3
S1_reprodscen3_3,1000000,137531554816,606348,603472,0,1466,scenario3
S1_reprodscen3_3,1000000,137627425280,434021,432414,0,1467,scenario3
S1_reprodscen3_3,1000000,137698735616,453242,451639,0,1468,scenario3
S1_reprodscen3_3,1000000,137718922240,332967,331668,0,1469,scenario3
S1_reprodscen3_3,1000000,137726175488,358394,355581,0,1470,scenario3
S1_reprodscen3_3,1000000,137743531520,463011,461406,0,1471,scenario3
S1_reprodscen3_3,1000000,137842769920,332790,331473,0,1472,scenario3
S1_reprodscen3_3,1000000,137845966336,333104,331740,0,1473,scenario3
S1_reprodscen3_3,1000000,137884224000,332934,331596,0,1474,scenario3
S1_reprodscen3_3,1000000,137895560960,348386,347005,0,1475,scenario3
S1_reprodscen3_3,1000000,137927873792,354877,352112,0,1476,scenario3
S1_reprodscen3_3,1000000,137942076160,456226,453457,0,1477,scenario3
S1_reprodscen3_3,1000000,137981355008,427219,425631,0,1478,scenario3
S1_reprodscen3_3,1000000,138139544064,470813,469143,0,1479,scenario3
S1_reprodscen3_3,1000000,138211862016,332816,331490,0,1480,scenario3
S1_reprodscen3_3,1000000,138213097472,389636,388044,0,1481,scenario3
S1_reprodscen3_3,1000000,138224236800,355744,354377,0,1482,scenario3
S1_reprodscen3_3,1000000,138237777664,342890,341458,0,1483,scenario3
S1_reprodscen3_3,1000000,138262147584,558057,555258,0,1484,scenario3
S1_reprodscen3_3,1000000,138289079040,417194,415574,0,1485,scenario3
S1_reprodscen3_3,1000000,138306341632,344129,342734,0,1486,scenario3
S1_reprodscen3_3,1000000,138338831616,348470,347008,0,1487,scenario3
S1_reprodscen3_3,1000000,138379092736,357548,356149,0,1488,scenario3
S1_reprodscen3_3,1000000,138435296000,413747,412275,0,1489,scenario3
S1_reprodscen3_3,1000000,138569605120,346471,345160,0,1490,scenario3
S1_reprodscen3_3,1000000,138581907712,341264,339865,0,1491,scenario3
S1_reprodscen3_3,1000000,138590259200,445743,444168,0,1492,scenario3
S1_reprodscen3_3,1000000,138606579200,332705,331403,0,1493,scenario3
S1_reprodscen3_3,1000000,138618987008,337342,336004,0,1494,scenario3
S1_reprodscen3_3,1000000,138660299776,332445,331133,0,1495,scenario3
S1_reprodscen3_3,1000000,138681554944,417566,414773,0,1496,scenario3
S1_reprodscen3_3,1000000,138684560640,351859,350385,0,1497,scenario3
S1_reprodscen3_3,1000000,138695139584,600365,597469,0,1498,scenario3
S1_reprodscen3_3,1000000,138852197376,366599,365249,0,1499,scenario3
S1_reprodscen3_3,1000000,138899481344,389481,388144,0,1500,scenario3
S1_reprodscen3_3,1000000,138913630464,378435,375498,0,1501,scenario3
S1_reprodscen3_3,1000000,139139106048,333414,331948,0,1502,scenario3
S1_reprodscen3_3,1000000,139209331200,332824,331530,0,1503,scenario3
S1_reprodscen3_3,1000000,139284471552,374469,373027,0,1504,scenario3
S1_reprodscen3_3,1000000,139329842944,474124,472376,0,1505,scenario3
S1_reprodscen3_3,1000000,139359031552,350884,349452,0,1506,scenario3
S1_reprodscen3_3,1000000,139463294720,391467,390095,0,1507,scenario3
S1_reprodscen3_3,1000000,139515528192,445017,443566,0,1508,scenario3
S1_reprodscen3_3,1000000,139532702976,342527,341233,0,1509,scenario3
S1_reprodscen3_3,1000000,139574074880,333504,332125,0,1510,scenario3
S1_reprodscen3_3,1000000,139595400704,393634,392193,0,1511,scenario3
S1_reprodscen3_3,1000000,139600465920,445652,444028,0,1512,scenario3
S1_reprodscen3_3,1000000,139624740864,384130,382612,0,1513,scenario3
S1_reprodscen3_3,1000000,139652155136,548314,545550,0,1514,scenario3
S1_reprodscen3_3,1000000,139668166400,414881,413243,0,1515,scenario3
S1_reprodscen3_3,1000000,139704328448,399020,397505,0,1516,scenario3
S1_reprodscen3_3,1000000,139782648064,381913,380471,0,1517,scenario3
S1_reprodscen3_3,1000000,139833200128,505899,503010,0,1518,scenario3
S1_reprodscen3_3,1000000,139870574080,558800,556084,0,1519,scenario3
S1_reprodscen3_3,1000000,139871268096,506785,505222,0,1519,scenario3
S1_reprodscen3_3,1000000,139888494080,344700,343299,0,1521,scenario3
S1_reprodscen3_3,1000000,139889602048,426773,425304,0,1522,scenario3
S1_reprodscen3_3,1000000,139950028032,348954,347564,0,1523,scenario3
S1_reprodscen3_3,1000000,139979330304,382925,381433,0,1524,scenario3
S1_reprodscen3_3,1000000,140149617152,333110,331823,0,1525,scenario3
S1_reprodscen3_3,1000000,140158842880,425466,423876,0,1526,scenario3
S1_reprodscen3_3,1000000,140291108608,344547,343171,0,1527,scenario3
S1_reprodscen3_3,1000000,140335370752,383382,381885,0,1528,scenario3
S1_reprodscen3_3,1000000,140363855872,479821,477026,0,1529,scenario3
S1_reprodscen3_3,1000000,140368648960,402566,401069,0,1530,scenario3
S1_reprodscen3_3,1000000,140400988160,333390,332063,0,1531,scenario3
S1_reprodscen3_3,1000000,140425138432,353328,350511,0,1532,scenario3
S1_reprodscen3_3,1000000,140530419200,334330,332985,0,1533,scenario3
S1_reprodscen3_3,1000000,140608659200,360178,358770,0,1534,scenario3
S1_reprodscen3_3,1000000,140623240960,592112,589137,0,1535,scenario3
S1_reprodscen3_3,1000000,140710063104,373014,371597,0,1536,scenario3
S1_reprodscen3_3,1000000,140787459072,398232,396812,0,1537,scenario3
S1_reprodscen3_3,1000000,140792483840,455153,453177,0,1538,scenario3
S1_reprodscen3_3,1000000,140807905024,361921,360521,0,1539,scenario3
S1_reprodscen3_3,1000000,140856197632,407030,405489,0,1540,scenario3
S1_reprodscen3_3,1000000,140857464576,418532,415706,0,1541,scenario3
S1_reprodscen3_3,1000000,140906652928,443908,442438,0,1542,scenario3
S1_reprodscen3_3,1000000,140912725504,350170,348753,0,1543,scenario3
S1_reprodscen3_3,1000000,140925038848,347995,346534,0,1544,scenario3
S1_reprodscen3_3,1000000,140956233728,411881,410295,0,1545,scenario3
S1_reprodscen3_3,1000000,140977396224,333173,331770,0,1546,scenario3
S1_reprodscen3_3,1000000,140978597120,422485,420880,0,1547,scenario3
S1_reprodscen3_3,1000000,140993917184,519774,517639,0,1548,scenario3
S1_reprodscen3_3,1000000,141150044672,382185,380735,0,1549,scenario3
S1_reprodscen3_3,1000000,141188275456,386553,385019,0,1550,scenario3
S1_reprodscen3_3,1000000,141214725120,349288,347859,0,1551,scenario3
S1_reprodscen3_3,1000000,141216756992,381985,380447,0,1552,scenario3
S1_reprodscen3_3,1000000,141265973248,332237,330939,0,1553,scenario3
S1_reprodscen3_3,1000000,141284137216,333415,331986,0,1554,scenario3
S1_reprodscen3_3,1000000,141301401856,333309,331906,0,1555,scenario3
S1_reprodscen3_3,1000000,141309623552,334272,332889,0,1556,scenario3
S1_reprodscen3_3,1000000,141381888256,333272,331920,0,1557,scenario3
S1_reprodscen3_3,1000000,141406131712,378666,377165,0,1558,scenario3
S1_reprodscen3_3,1000000,141418568704,334506,333129,0,1559,scenario3
S1_reprodscen3_3,1000000,141463858944,410692,409157,0,1560,scenario3
S1_reprodscen3_3,1000000,141484145152,546003,543217,0,1561,scenario3
S1_reprodscen3_3,1000000,141554371584,490724,489126,0,1562,scenario3
S1_reprodscen3_3,1000000,141577554432,351012,349638,0,1563,scenario3
S1_reprodscen3_3,1000000,141591854848,332944,331557,0,1564,scenario3
S1_reprodscen3_3,1000000,141607002112,361284,359858,0,1565,scenario3
S1_reprodscen3_3,1000000,141641307648,371073,369574,0,1566,scenario3
S1_reprodscen3_3,1000000,141824458496,343785,342380,0,1567,scenario3
S1_reprodscen3_3,1000000,141845703168,333185,331855,0,1568,scenario3
S1_reprodscen3_3,1000000,141886231296,473657,470855,0,1569,scenario3
S1_reprodscen3_3,1000000,141930459648,476854,473900,0,1570,scenario3
S1_reprodscen3_3,1000000,141960346368,377446,376007,0,1571,scenario3
S1_reprodscen3_3,1000000,141975833600,525296,522500,0,1572,scenario3
S1_reprodscen3_3,1000000,142148819456,333228,331857,0,1573,scenario3
S1_reprodscen3_3,1000000,142149821952,371579,358193,0,1574,scenario3
S1_reprodscen3_3,1000000,142169229056,493544,491837,0,1575,scenario3
S1_reprodscen3_3,1000000,142198377728,333135,331808,0,1576,scenario3
S1_reprodscen3_3,1000000,142207570944,441460,439834,0,1577,scenario3
S1_reprodscen3_3,1000000,142296760832,358281,356839,0,1578,scenario3
S1_reprodscen3_3,1000000,142343938560,402717,401115,0,1579,scenario3
S1_reprodscen3_3,1000000,142410534144,546024,542589,0,1580,scenario3
S1_reprodscen3_3,1000000,142454663168,481878,480372,0,1581,scenario3
S1_reprodscen3_3,1000000,142465576448,389536,388045,0,1582,scenario3
S1_reprodscen3_3,1000000,142486872832,333597,332208,0,1583,scenario3
S1_reprodscen3_3,1000000,142554073856,376564,375122,0,1584,scenario3
S1_reprodscen3_3,1000000,142649378048,556316,553537,0,1585,scenario3
S1_reprodscen3_3,1000000,142686451712,334085,332777,0,1586,scenario3
S1_reprodscen3_3,1000000,142687051264,464353,462769,0,1586,scenario3
S1_reprodscen3_3,1000000,142687673856,418763,417394,0,1587,scenario3
S1_reprodscen3_3,1000000,142698914048,483259,481560,0,1589,scenario3
S1_reprodscen3_3,1000000,142718181376,332597,331285,0,1590,scenario3
S1_reprodscen3_3,1000000,142760604160,393692,392112,0,1591,scenario3
S1_reprodscen3_3,1000000,142780756992,335058,333613,0,1592,scenario3
S1_reprodscen3_3,1000000,142819863552,413632,412085,0,1593,scenario3
S1_reprodscen3_3,1000000,142863305472,363549,362162,0,1594,scenario3
S1_reprodscen3_3,1000000,142903609088,360129,358712,0,1595,scenario3
S1_reprodscen3_3,1000000,142999767296,380934,379142,0,1596,scenario3
S1_reprodscen3_3,1000000,143147089408,520385,518580,0,1597,scenario3
S1_reprodscen3_3,1000000,143158313728,454429,452800,0,1598,scenario3
S1_reprodscen3_3,1000000,143164729344,365160,363716,0,1599,scenario3
S1_reprodscen3_3,1000000,143165955840,358169,356716,0,1600,scenario3
S1_reprodscen3_3,1000000,143198121984,508563,506112,0,1601,scenario3
S1_reprodscen3_3,1000000,143253367808,346429,345039,0,1602,scenario3
S1_reprodscen3_3,1000000,143271674112,456438,454918,0,1603,scenario3
S1_reprodscen3_3,1000000,143275764736,445406,443831,0,1604,scenario3
S1_reprodscen3_3,1000000,143338080256,344729,343313,0,1605,scenario3
S1_reprodscen3_3,1000000,143372389888,429976,428363,0,1606,scenario3
S1_reprodscen3_3,1000000,143458101504,509356,506484,0,1607,scenario3
S1_reprodscen3_3,1000000,143459069696,413794,412464,0,1608,scenario3
S1_reprodscen3_3,1000000,143489122560,360235,358805,0,1609,scenario3
S1_reprodscen3_3,1000000,143524782080,360710,359302,0,1610,scenario3
S1_reprodscen3_3,1000000,143614817792,352303,350845,0,1611,scenario3
S1_reprodscen3_3,1000000,143628076800,351233,349824,0,1612,scenario3
S1_reprodscen3_3,1000000,143717441024,333649,332233,0,1613,scenario3
S1_reprodscen3_3,1000000,143775769344,334781,333385,0,1614,scenario3
S1_reprodscen3_3,1000000,143889075456,475868,474331,0,1615,scenario3
S1_reprodscen3_3,1000000,143906105088,344431,343010,0,1616,scenario3
S1_reprodscen3_3,1000000,143928449792,333859,332492,0,1617,scenario3
S1_reprodscen3_3,1000000,143949564928,333560,332139,0,1618,scenario3
S1_reprodscen3_3,1000000,143971860224,399921,398346,0,1619,scenario3
S1_reprodscen3_3,1000000,144010144768,351475,350056,0,1620,scenario3
S1_reprodscen3_3,1000000,144172471552,519257,517272,0,1621,scenario3
S1_reprodscen3_3,1000000,144175680512,348015,346633,0,1622,scenario3
S1_reprodscen3_3,1000000,144205034496,471329,469404,0,1623,scenario3
S1_reprodscen3_3,1000000,144211046912,419038,417435,0,1624,scenario3
S1_reprodscen3_3,1000000,144260760576,534236,531511,0,1625,scenario3
S1_reprodscen3_3,1000000,144270673664,414097,412432,0,1626,scenario3
S1_reprodscen3_3,1000000,144319019776,337936,336606,0,1627,scenario3
S1_reprodscen3_3,1000000,144334305280,333417,332080,0,1628,scenario3
S1_reprodscen3_3,1000000,144352483072,427367,425522,0,1629,scenario3
S1_reprodscen3_3,1000000,144366675456,404227,402656,0,1630,scenario3
S1_reprodscen3_3,1000000,144381987584,590398,587578,0,1631,scenario3
S1_reprodscen3_3,1000000,144401202688,333486,332124,0,1632,scenario3
S1_reprodscen3_3,1000000,144402342912,364011,362704,0,1633,scenario3
S1_reprodscen3_3,1000000,144417522432,531420,529584,0,1634,scenario3
S1_reprodscen3_3,1000000,144617723392,333995,332584,0,1635,scenario3
S1_reprodscen3_3,1000000,144648980736,364860,363365,0,1636,scenario3
S1_reprodscen3_3,1000000,144698309888,333287,331914,0,1637,scenario3
S1_reprodscen3_3,1000000,144746469120,333641,332221,0,1638,scenario3
S1_reprodscen3_3,1000000,144801686528,333441,332112,0,1639,scenario3
S1_reprodscen3_3,1000000,144819918592,390518,388867,0,1640,scenario3
S1_reprodscen3_3,1000000,144859667968,529559,526727,0,1641,scenario3
S1_reprodscen3_3,1000000,144881589760,387905,386402,0,1642,scenario3
S1_reprodscen3_3,1000000,144959792640,333270,331918,0,1643,scenario3
S1_reprodscen3_3,1000000,144991316480,365624,364134,0,1644,scenario3
S1_reprodscen3_3,1000000,145170349312,412608,411036,0,1645,scenario3
S1_reprodscen3_3,1000000,145203628032,405232,403646,0,1646,scenario3
S1_reprodscen3_3,1000000,145211881984,346489,345094,0,1647,scenario3
S1_reprodscen3_3,1000000,145212488448,471405,469736,0,1647,scenario3
S1_reprodscen3_3,1000000,145241121280,333432,332067,0,1649,scenario3
S1_reprodscen3_3,1000000,145372408832,356704,355288,0,1650,scenario3
S1_reprodscen3_3,1000000,145466650880,430829,429109,0,1651,scenario3
S1_reprodscen3_3,1000000,145470998784,520502,518248,0,1652,scenario3
S1_reprodscen3_3,1000000,145473075200,437844,436282,0,1653,scenario3
S1_reprodscen3_3,1000000,145536431360,428072,426517,0,1654,scenario3
S1_reprodscen3_3,1000000,145564741376,339519,332305,0,1655,scenario3
S1_reprodscen3_3,1000000,145586130432,405736,404085,0,1656,scenario3
S1_reprodscen3_3,1000000,145604288256,333308,331922,0,1657,scenario3
S1_reprodscen3_3,1000000,145695801600,348429,346981,0,1658,scenario3
S1_reprodscen3_3,1000000,145696820992,333186,331857,0,1659,scenario3
S1_reprodscen3_3,1000000,145706109440,448936,447253,0,1660,scenario3
S1_reprodscen3_3,1000000,145746361344,362894,361438,0,1661,scenario3
S1_reprodscen3_3,1000000,145757809152,343221,341775,0,1662,scenario3
S1_reprodscen3_3,1000000,145876244480,411368,409866,0,1663,scenario3
S1_reprodscen3_3,1000000,145926299136,422169,420654,0,1664,scenario3
S1_reprodscen3_3,1000000,145948654592,380255,378535,0,1665,scenario3
S1_reprodscen3_3,1000000,145950810112,357710,356337,0,1666,scenario3
S1_reprodscen3_3,1000000,145965101568,333763,332452,0,1667,scenario3
S1_reprodscen3_3,1000000,145979299584,440358,438790,0,1668,scenario3
S1_reprodscen3_3,1000000,146129496832,333463,332079,0,1669,scenario3
S1_reprodscen3_3,1000000,146155863552,409645,407686,0,1670,scenario3
S1_reprodscen3_3,1000000,146170021120,364800,363285,0,1671,scenario3
S1_reprodscen3_3,1000000,146216338944,436010,434467,0,1672,scenario3
S1_reprodscen3_3,1000000,146241586944,370885,369400,0,1673,scenario3
S1_reprodscen3_3,1000000,146315057408,399051,397674,0,1674,scenario3
S1_reprodscen3_3,1000000,146396245504,512654,510721,0,1675,scenario3
S1_reprodscen3_3,1000000,146486444032,397611,396083,0,1676,scenario3
S1_reprodscen3_3,1000000,146523963136,604105,601222,0,1677,scenario3
S1_reprodscen3_3,1000000,146524990976,379487,378017,0,1678,scenario3
S1_reprodscen3_3,1000000,146535176448,478598,476919,0,1679,scenario3
S1_reprodscen3_3,1000000,146566435840,333504,332126,0,1680,scenario3
S1_reprodscen3_3,1000000,146568588544,332660,331256,0,1681,scenario3
S1_reprodscen3_3,1000000,146580076288,496397,493545,0,1682,scenario3
S1_reprodscen3_3,1000000,146613117952,373340,371872,0,1683,scenario3
S1_reprodscen3_3,1000000,146622450176,378317,376788,0,1684,scenario3
S1_reprodscen3_3,1000000,146634507776,413243,411599,0,1685,scenario3
S1_reprodscen3_3,1000000,146757937920,346865,345395,0,1686,scenario3
S1_reprodscen3_3,1000000,146792089856,392774,391246,0,1687,scenario3
S1_reprodscen3_3,1000000,146800336384,387328,385823,0,1688,scenario3
S1_reprodscen3_3,1000000,146843736320,439081,437501,0,1689,scenario3
S1_reprodscen3_3,1000000,146883051776,333496,332153,0,1690,scenario3
S1_reprodscen3_3,1000000,146955476736,437379,435344,0,1691,scenario3
S1_reprodscen3_3,1000000,147026550784,346647,345235,0,1692,scenario3
S1_reprodscen3_3,1000000,147221911040,372158,370711,0,1693,scenario3
S1_reprodscen3_3,1000000,147362041600,402174,400621,0,1694,scenario3
S1_reprodscen3_3,1000000,147392429568,481673,479493,0,1695,scenario3
S1_reprodscen3_3,1000000,147413685760,332913,331583,0,1696,scenario3
S1_reprodscen3_3,1000000,147508970752,360647,359244,0,1697,scenario3
S1_reprodscen3_3,1000000,147552016640,383367,381844,0,1698,scenario3
S1_reprodscen3_3,1000000,147576219904,332823,331425,0,1699,scenario3
S1_reprodscen3_3,1000000,147604545536,344435,342982,0,1700,scenario3
S1_reprodscen3_3,1000000,147627665152,412444,410888,0,1701,scenario3
S1_reprodscen3_3,1000000,147652983808,348044,346360,0,1702,scenario3
S1_reprodscen3_3,1000000,147660153344,416602,414990,0,1703,scenario3
S1_reprodscen3_3,1000000,147667851776,511156,508362,0,1704,scenario3
S1_reprodscen3_3,1000000,147670660096,417975,416492,0,1705,scenario3
S1_reprodscen3_3,1000000,147671909632,434068,432671,0,1706,scenario3
S1_reprodscen3_3,1000000,147677154816,480745,479022,0,1707,scenario3
S1_reprodscen3_3,1000000,147685527040,455859,454299,0,1708,scenario3
S1_reprodscen3_3,1000000,147755601408,461142,459583,0,1709,scenario3
S1_reprodscen3_3,1000000,147801875456,358653,357260,0,1710,scenario3
S1_reprodscen3_3,1000000,147814135296,349080,347647,0,1711,scenario3
S1_reprodscen3_3,1000000,147816372224,416578,414974,0,1712,scenario3
S1_reprodscen3_3,1000000,147821583360,375667,373929,0,1713,scenario3
S1_reprodscen3_3,1000000,147880812288,374721,373209,0,1714,scenario3
S1_reprodscen3_3,1000000,147998291200,371257,369822,0,1715,scenario3
S1_reprodscen3_3,1000000,148033328128,390326,388787,0,1716,scenario3
S1_reprodscen3_3,1000000,148145562112,336193,334780,0,1717,scenario3
S1_reprodscen3_3,1000000,148148692736,419146,417543,0,1718,scenario3
S1_reprodscen3_3,1000000,148199340544,524578,521750,0,1719,scenario3
S1_reprodscen3_3,1000000,148204223744,459480,457711,0,1720,scenario3
S1_reprodscen3_3,1000000,148269475840,333057,331627,0,1721,scenario3
S1_reprodscen3_3,1000000,148303639296,334051,332612,0,1722,scenario3
S1_reprodscen3_3,1000000,148366750208,394000,392368,0,1723,scenario3
S1_reprodscen3_3,1000000,148393063680,398060,396546,0,1724,scenario3
S1_reprodscen3_3,1000000,148418410752,418031,416537,0,1725,scenario3
S1_reprodscen3_3,1000000,148496608512,391416,389880,0,1726,scenario3
S1_reprodscen3_3,1000000,148587946240,402719,401065,0,1727,scenario3
S1_reprodscen3_3,1000000,148632058880,484399,482802,0,1728,scenario3
S1_reprodscen3_3,1000000,148634117120,414482,412787,0,1729,scenario3
S1_reprodscen3_3,1000000,148663377664,448804,447081,0,1730,scenario3
S1_reprodscen3_3,1000000,148673847808,469662,467248,0,1731,scenario3
S1_reprodscen3_3,1000000,148693880832,431896,429783,0,1732,scenario3
S1_reprodscen3_3,1000000,148716009728,423588,421969,0,1733,scenario3
S1_reprodscen3_3,1000000,148746282752,377790,376306,0,1734,scenario3
S1_reprodscen3_3,1000000,148848572672,381959,380465,0,1735,scenario3
S1_reprodscen3_3,1000000,148908791040,382536,381026,0,1736,scenario3
S1_reprodscen3_3,1000000,148917975040,435658,433887,0,1737,scenario3
S1_reprodscen3_3,1000000,148954411776,356511,354983,0,1738,scenario3
S1_reprodscen3_3,1000000,149012922112,473169,469688,0,1739,scenario3
S1_reprodscen3_3,1000000,149018617600,434839,433144,0,1740,scenario3
S1_reprodscen3_3,1000000,149181848064,426571,424917,0,1741,scenario3
S1_reprodscen3_3,1000000,149188067840,410078,408488,0,1742,scenario3
S1_reprodscen3_3,1000000,149205482496,384501,383025,0,1743,scenario3
S1_reprodscen3_3,1000000,149218648064,382977,381305,0,1744,scenario3
S1_reprodscen3_3,1000000,149221736704,420568,418926,0,1745,scenario3
S1_reprodscen3_3,1000000,149313984000,357199,355664,0,1746,scenario3
S1_reprodscen3_3,1000000,149328659968,514134,511327,0,1747,scenario3
S1_reprodscen3_3,1000000,149332382464,415860,414191,0,1748,scenario3
S1_reprodscen3_3,1000000,149413830400,343889,342447,0,1749,scenario3
S1_reprodscen3_3,1000000,149429200640,382397,380727,0,1750,scenario3
S1_reprodscen3_3,1000000,149462343168,360821,359281,0,1751,scenario3
S1_reprodscen3_3,1000000,149508542720,412353,410560,0,1752,scenario3
S1_reprodscen3_3,1000000,149512770048,460289,458594,0,1753,scenario3
S1_reprodscen3_3,1000000,149545087488,364969,363499,0,1754,scenario3
S1_reprodscen3_3,1000000,149573199616,386329,384849,0,1755,scenario3
S1_reprodscen3_3,1000000,149591485952,412656,411031,0,1756,scenario3
S1_reprodscen3_3,1000000,149601706752,447972,446368,0,1757,scenario3
S1_reprodscen3_3,1000000,149672859392,417249,415514,0,1758,scenario3
S1_reprodscen3_3,1000000,149804302848,332504,331169,0,1759,scenario3
S1_reprodscen3_3,1000000,149861421312,394714,393137,0,1760,scenario3
S1_reprodscen3_3,1000000,149898858752,332553,331215,0,1761,scenario3
S1_reprodscen3_3,1000000,149937025536,332610,331208,0,1762,scenario3
S1_reprodscen3_3,1000000,149985507840,333198,331783,0,1763,scenario3
S1_reprodscen3_3,1000000,149999652096,396159,394547,0,1764,scenario3
S1_reprodscen3_3,1000000,150169890816,333209,331813,0,1765,scenario3
S1_reprodscen3_3,1000000,150299139072,344186,342667,0,1766,scenario3
S1_reprodscen3_3,1000000,150315293440,472797,471087,0,1767,scenario3
S1_reprodscen3_3,1000000,150321466624,423683,422050,0,1768,scenario3
S1_reprodscen3_3,1000000,150337936640,344047,342646,0,1769,scenario3
S1_reprodscen3_3,1000000,150357033216,396592,394889,0,1770,scenario3
S1_reprodscen3_3,1000000,150438242048,406168,404642,0,1771,scenario3
S1_reprodscen3_3,1000000,150449668608,438775,437216,0,1772,scenario3
S1_reprodscen3_3,1000000,150454931200,468666,466813,0,1773,scenario3
S1_reprodscen3_3,1000000,150465203200,332910,331496,0,1774,scenario3
S1_reprodscen3_3,1000000,150513585664,480638,478701,0,1775,scenario3
S1_reprodscen3_3,1000000,150518654208,486876,484520,0,1776,scenario3
S1_reprodscen3_3,1000000,150597845760,413894,412224,0,1777,scenario3
S1_reprodscen3_3,1000000,150635065344,421450,419864,0,1778,scenario3
S1_reprodscen3_3,1000000,150648341504,389171,387644,0,1779,scenario3
S1_reprodscen3_3,1000000,150656739584,382280,380735,0,1780,scenario3
S1_reprodscen3_3,1000000,150673056768,433758,432083,0,1781,scenario3
S1_reprodscen3_3,1000000,150709323776,470194,468306,0,1782,scenario3
S1_reprodscen3_3,1000000,150727629312,418318,416719,0,1783,scenario3
S1_reprodscen3_3,1000000,150893791488,420501,418670,0,1784,scenario3
S1_reprodscen3_3,1000000,150917053440,343935,342449,0,1785,scenario3
S1_reprodscen3_3,1000000,150953388800,454582,453138,0,1786,scenario3
S1_reprodscen3_3,1000000,151005542144,410329,408687,0,1787,scenario3
S1_reprodscen3_3,1000000,151047873792,344347,342857,0,1788,scenario3
S1_reprodscen3_3,1000000,151189113600,371215,369790,0,1789,scenario3
S1_reprodscen3_3,1000000,151264246784,422397,420794,0,1790,scenario3
S1_reprodscen3_3,1000000,151288515072,397868,396387,0,1791,scenario3
S1_reprodscen3_3,1000000,151303713280,414113,412495,0,1792,scenario3
S1_reprodscen3_3,1000000,151304333824,471750,470496,0,1792,scenario3
S1_reprodscen3_3,1000000,151324051968,408268,406670,0,1794,scenario3
S1_reprodscen3_3,1000000,151334447872,391529,390027,0,1795,scenario3
S1_reprodscen3_3,1000000,151414612224,349073,347530,0,1796,scenario3
S1_reprodscen3_3,1000000,151448680704,415032,413381,0,1797,scenario3
S1_reprodscen3_3,1000000,151463034880,348426,346905,0,1798,scenario3
S1_reprodscen3_3,1000000,151521358080,362383,360873,0,1799,scenario3
S1_reprodscen3_3,1000000,151563536896,489422,487757,0,1800,scenario3
S1_reprodscen3_3,1000000,151643814912,344420,342999,0,1801,scenario3
S1_reprodscen3_3,1000000,151664267264,419405,417750,0,1802,scenario3
S1_reprodscen3_3,1000000,151720706048,410713,409099,0,1803,scenario3
S1_reprodscen3_3,1000000,151724651008,435226,433561,0,1804,scenario3
S1_reprodscen3_3,1000000,151730833920,425263,423693,0,1805,scenario3
S1_reprodscen3_3,1000000,151862017024,358564,357070,0,1806,scenario3
S1_reprodscen3_3,1000000,151897476352,403609,402077,0,1807,scenario3
S1_reprodscen3_3,1000000,151913585152,344927,343405,0,1808,scenario3
S1_reprodscen3_3,1000000,151916789504,406908,405266,0,1809,scenario3
S1_reprodscen3_3,1000000,151936236800,358858,357342,0,1810,scenario3
S1_reprodscen3_3,1000000,151985978624,463344,461621,0,1811,scenario3
S1_reprodscen3_3,1000000,151992671744,420957,419266,0,1812,scenario3
S1_reprodscen3_3,1000000,152243022080,348181,346785,0,1813,scenario3
S1_reprodscen3_3,1000000,152279339008,405162,403479,0,1814,scenario3
S1_reprodscen3_3,1000000,152283404032,454857,453182,0,1815,scenario3
S1_reprodscen3_3,1000000,152377866240,468114,466171,0,1816,scenario3
S1_reprodscen3_3,1000000,152415253504,371958,370511,0,1817,scenario3
S1_reprodscen3_3,1000000,152512308736,388161,386578,0,1818,scenario3
S1_reprodscen3_3,1000000,152561469696,421972,420366,0,1819,scenario3
S1_reprodscen3_3,1000000,152635830784,372540,371010,0,1820,scenario3
S1_reprodscen3_3,1000000,152666123520,361208,359672,0,1821,scenario3
S1_reprodscen3_3,1000000,152672397312,392258,390662,0,1822,scenario3
S1_reprodscen3_3,1000000,152673480192,418568,417220,0,1823,scenario3
S1_reprodscen3_3,1000000,152675829760,476967,475186,0,1824,scenario3
S1_reprodscen3_3,1000000,152677913600,416301,414695,0,1825,scenario3
S1_reprodscen3_3,1000000,152688258048,483833,482295,0,1826,scenario3
S1_reprodscen3_3,1000000,152704397056,343879,342491,0,1827,scenario3
S1_reprodscen3_3,1000000,152778700032,396058,394622,0,1828,scenario3
S1_reprodscen3_3,1000000,152813911040,343242,341857,0,1829,scenario3
S1_reprodscen3_3,1000000,152830237696,345220,343440,0,1830,scenario3
S1_reprodscen3_3,1000000,152844499968,547823,545458,0,1831,scenario3
S1_reprodscen3_3,1000000,152872857600,372459,370925,0,1832,scenario3
S1_reprodscen3_3,1000000,152875117824,467633,465756,0,1833,scenario3
S1_reprodscen3_3,1000000,152965301760,348867,347464,0,1834,scenario3
S1_reprodscen3_3,1000000,153034689536,375990,374535,0,1835,scenario3
S1_reprodscen3_3,1000000,153047937792,343665,342238,0,1836,scenario3
S1_reprodscen3_3,1000000,153176058880,373667,372223,0,1837,scenario3
S1_reprodscen3_3,1000000,153215258624,454600,452888,0,1838,scenario3
S1_reprodscen3_3,1000000,153250639616,388608,387140,0,1839,scenario3
S1_reprodscen3_3,1000000,153251738112,378880,377539,0,1840,scenario3
S1_reprodscen3_3,1000000,153307979008,382985,381555,0,1841,scenario3
S1_reprodscen3_3,1000000,153371463424,471162,469549,0,1842,scenario3
S1_reprodscen3_3,1000000,153372595456,414341,412674,0,1843,scenario3
S1_reprodscen3_3,1000000,153495828480,357836,356429,0,1844,scenario3
S1_reprodscen3_3,1000000,153501934080,364633,363170,0,1845,scenario3
S1_reprodscen3_3,1000000,153507285248,513163,511136,0,1846,scenario3
S1_reprodscen3_3,1000000,153535621632,361490,360039,0,1847,scenario3
S1_reprodscen3_3,1000000,153580643072,423243,421399,0,1848,scenario3
S1_reprodscen3_3,1000000,153596039424,392383,390804,0,1849,scenario3
S1_reprodscen3_3,1000000,153704141056,416663,415077,0,1850,scenario3
S1_reprodscen3_3,1000000,153766416640,382422,380962,0,1851,scenario3
S1_reprodscen3_3,1000000,153784702464,441377,439822,0,1852,scenario3
S1_reprodscen3_3,1000000,153806164224,453222,451510,0,1853,scenario3
S1_reprodscen3_3,1000000,153841379328,343994,342525,0,1854,scenario3
S1_reprodscen3_3,1000000,153849621760,397670,396114,0,1855,scenario3
S1_reprodscen3_3,1000000,153856867328,371091,369584,0,1856,scenario3
S1_reprodscen3_3,1000000,153894060544,344128,342644,0,1857,scenario3
S1_reprodscen3_3,1000000,153919495424,494299,492423,0,1858,scenario3
S1_reprodscen3_3,1000000,153985495040,344182,342735,0,1859,scenario3
S1_reprodscen3_3,1000000,154049936384,344274,342777,0,1860,scenario3
S1_reprodscen3_3,1000000,154190979840,456375,454643,0,1861,scenario3
S1_reprodscen3_3,1000000,154193212160,424153,422565,0,1862,scenario3
S1_reprodscen3_3,1000000,154287811328,469178,467671,0,1863,scenario3
S1_reprodscen3_3,1000000,154288453120,478799,477604,0,1863,scenario3
S1_reprodscen3_3,1000000,154308881408,358956,357498,0,1865,scenario3
S1_reprodscen3_3,1000000,154317199104,391124,389655,0,1866,scenario3
S1_reprodscen3_3,1000000,154325425664,425087,423490,0,1867,scenario3
S1_reprodscen3_3,1000000,154326482176,428363,426827,0,1868,scenario3
S1_reprodscen3_3,1000000,154448813568,412525,411002,0,1869,scenario3
S1_reprodscen3_3,1000000,154454081536,434619,433014,0,1870,scenario3
S1_reprodscen3_3,1000000,154470445568,385321,371903,0,1871,scenario3
S1_reprodscen3_3,1000000,154476764416,375484,373981,0,1872,scenario3
S1_reprodscen3_3,1000000,154515058176,392321,390862,0,1873,scenario3
S1_reprodscen3_3,1000000,154578440960,461024,459402,0,1874,scenario3
S1_reprodscen3_3,1000000,154613861888,345094,343639,0,1875,scenario3
S1_reprodscen3_3,1000000,154799979008,397779,396224,0,1876,scenario3
S1_reprodscen3_3,1000000,154808302080,450768,448940,0,1877,scenario3
S1_reprodscen3_3,1000000,154828388096,428439,426801,0,1878,scenario3
S1_reprodscen3_3,1000000,154841655040,431434,429794,0,1879,scenario3
S1_reprodscen3_3,1000000,154852085248,371293,369865,0,1880,scenario3
S1_reprodscen3_3,1000000,154899437056,414644,413156,0,1881,scenario3
S1_reprodscen3_3,1000000,154930616064,393109,391535,0,1882,scenario3
S1_reprodscen3_3,1000000,155024815616,359661,358202,0,1883,scenario3
S1_reprodscen3_3,1000000,155035222016,538359,536041,0,1884,scenario3
S1_reprodscen3_3,1000000,155199541760,424260,422730,0,1885,scenario3
S1_reprodscen3_3,1000000,155214056448,477250,474378,0,1886,scenario3
S1_reprodscen3_3,1000000,155222892032,343920,342460,0,1887,scenario3
S1_reprodscen3_3,1000000,155386320128,398352,396849,0,1888,scenario3
S1_reprodscen3_3,1000000,155397573632,357572,356062,0,1889,scenario3
S1_reprodscen3_3,1000000,155399623936,410054,408452,0,1890,scenario3
S1_reprodscen3_3,1000000,155403020288,414772,413207,0,1891,scenario3
S1_reprodscen3_3,1000000,155404984320,405132,403506,0,1892,scenario3
S1_reprodscen3_3,1000000,155421463808,344214,342716,0,1893,scenario3
S1_reprodscen3_3,1000000,155437632768,357187,355444,0,1894,scenario3
S1_reprodscen3_3,1000000,155485875200,344512,343019,0,1895,scenario3
S1_reprodscen3_3,1000000,155536070400,409171,407570,0,1896,scenario3
S1_reprodscen3_3,1000000,155576803584,474239,471467,0,1897,scenario3
S1_reprodscen3_3,1000000,155616564224,426626,424999,0,1898,scenario3
S1_reprodscen3_3,1000000,155641118464,405349,403288,0,1899,scenario3
S1_reprodscen3_3,1000000,155670044672,417207,415592,0,1900,scenario3
S1_reprodscen3_3,1000000,155763320832,449478,447803,0,1901,scenario3
S1_reprodscen3_3,1000000,155814710784,358669,357148,0,1902,scenario3
S1_reprodscen3_3,1000000,155882685696,426730,425063,0,1903,scenario3
S1_reprodscen3_3,1000000,156041962496,402875,401291,0,1904,scenario3
S1_reprodscen3_3,1000000,156047506944,479917,477084,0,1905,scenario3
S1_reprodscen3_3,1000000,156056447744,425230,423595,0,1906,scenario3
S1_reprodscen3_3,1000000,156065766656,366746,365280,0,1907,scenario3
S1_reprodscen3_3,1000000,156071906560,471901,469550,0,1908,scenario3
S1_reprodscen3_3,1000000,156200099328,426606,425002,0,1909,scenario3
S1_reprodscen3_3,1000000,156249317632,409883,408274,0,1910,scenario3
S1_reprodscen3_3,1000000,156279708160,377266,375756,0,1911,scenario3
S1_reprodscen3_3,1000000,156309929216,382436,366822,0,1912,scenario3
S1_reprodscen3_3,1000000,156326254080,434168,432543,0,1913,scenario3
S1_reprodscen3_3,1000000,156330754304,455509,453898,0,1914,scenario3
S1_reprodscen3_3,1000000,156391860992,430446,428789,0,1915,scenario3
S1_reprodscen3_3,1000000,156436045824,398249,396576,0,1916,scenario3
S1_reprodscen3_3,1000000,156438330112,372323,370826,0,1917,scenario3
S1_reprodscen3_3,1000000,156504543744,424145,422489,0,1918,scenario3
S1_reprodscen3_3,1000000,156512139520,372320,370789,0,1919,scenario3
S1_reprodscen3_3,1000000,156512750592,479743,478510,0,1919,scenario3
S1_reprodscen3_3,1000000,156529129984,399269,397659,0,1921,scenario3
S1_reprodscen3_3,1000000,156582362880,417363,404480,0,1922,scenario3
S1_reprodscen3_3,1000000,156698530816,425336,423677,0,1923,scenario3
S1_reprodscen3_3,1000000,156707299072,587680,584657,0,1924,scenario3
S1_reprodscen3_3,1000000,156792092160,433585,431965,0,1925,scenario3
S1_reprodscen3_3,1000000,156825575680,358808,357385,0,1926,scenario3
S1_reprodscen3_3,1000000,156880908544,501579,500072,0,1927,scenario3
S1_reprodscen3_3,1000000,156901177856,427103,425140,0,1928,scenario3
S1_reprodscen3_3,1000000,156903367936,463597,462006,0,1929,scenario3
S1_reprodscen3_3,1000000,156971655168,343034,341627,0,1930,scenario3
S1_reprodscen3_3,1000000,156980914432,393203,391593,0,1931,scenario3
S1_reprodscen3_3,1000000,157035260160,401455,399992,0,1932,scenario3
S1_reprodscen3_3,1000000,157197461248,411377,409746,0,1933,scenario3
S1_reprodscen3_3,1000000,157198794240,420651,419052,0,1934,scenario3
S1_reprodscen3_3,1000000,157249242880,355934,354444,0,1935,scenario3
S1_reprodscen3_3,1000000,157300429312,360861,359469,0,1936,scenario3
S1_reprodscen3_3,1000000,157301428224,414396,401935,0,1937,scenario3
S1_reprodscen3_3,1000000,157329716480,345033,343558,0,1938,scenario3
S1_reprodscen3_3,1000000,157377975808,404761,403211,0,1939,scenario3
S1_reprodscen3_3,1000000,157412396288,360436,358949,0,1940,scenario3
S1_reprodscen3_3,1000000,157439689216,487054,485535,0,1941,scenario3
S1_reprodscen3_3,1000000,157501857024,422940,421326,0,1942,scenario3
S1_reprodscen3_3,1000000,157528228352,420824,419156,0,1943,scenario3
S1_reprodscen3_3,1000000,157557886976,412797,411228,0,1944,scenario3
S1_reprodscen3_3,1000000,157651759616,345380,343965,0,1945,scenario3
S1_reprodscen3_3,1000000,157678886400,409202,407655,0,1946,scenario3
S1_reprodscen3_3,1000000,157723193856,434176,432523,0,1947,scenario3
S1_reprodscen3_3,1000000,157766518784,364960,363475,0,1948,scenario3
S1_reprodscen3_3,1000000,157836841216,365025,363594,0,1949,scenario3
S1_reprodscen3_3,1000000,157877926144,418060,416480,0,1950,scenario3
S1_reprodscen3_3,1000000,157889492224,355568,354120,0,1951,scenario3
S1_reprodscen3_3,1000000,157912635392,360503,359063,0,1952,scenario3
S1_reprodscen3_3,1000000,157983945984,332927,331606,0,1953,scenario3
S1_reprodscen3_3,1000000,158033360896,367367,365875,0,1954,scenario3
S1_reprodscen3_3,1000000,158033920768,423016,421734,0,1954,scenario3
S1_reprodscen3_3,1000000,158076614912,358642,357200,0,1956,scenario3
S1_reprodscen3_3,1000000,158225760512,344391,343001,0,1957,scenario3
S1_reprodscen3_3,1000000,158244270848,387765,386123,0,1958,scenario3
S1_reprodscen3_3,1000000,158291581696,395800,394279,0,1959,scenario3
S1_reprodscen3_3,1000000,158302828800,390856,389356,0,1960,scenario3
S1_reprodscen3_3,1000000,158371829504,405491,403867,0,1961,scenario3
S1_reprodscen3_3,1000000,158389205504,523995,521054,0,1962,scenario3
S1_reprodscen3_3,1000000,158398507520,387673,386075,0,1963,scenario3
S1_reprodscen3_3,1000000,158428814592,476828,475304,0,1964,scenario3
S1_reprodscen3_3,1000000,158481033984,349008,347612,0,1965,scenario3
S1_reprodscen3_3,1000000,158571218432,467426,465738,0,1966,scenario3
S1_reprodscen3_3,1000000,158591402496,444161,442408,0,1967,scenario3
S1_reprodscen3_3,1000000,158601600256,418176,416613,0,1968,scenario3
S1_reprodscen3_3,1000000,158684208640,426961,425418,0,1969,scenario3
S1_reprodscen3_3,1000000,158686105856,477228,475643,0,1970,scenario3
S1_reprodscen3_3,1000000,158692221184,422009,420459,0,1971,scenario3
S1_reprodscen3_3,1000000,158732518656,444282,442760,0,1972,scenario3
S1_reprodscen3_3,1000000,158769852160,425969,424414,0,1973,scenario3
S1_reprodscen3_3,1000000,158777133312,371897,370369,0,1974,scenario3
S1_reprodscen3_3,1000000,158801421312,476559,474830,0,1975,scenario3
S1_reprodscen3_3,1000000,158893983232,533815,531075,0,1976,scenario3
S1_reprodscen3_3,1000000,158942803712,425471,423878,0,1977,scenario3
S1_reprodscen3_3,1000000,158981127424,345187,343725,0,1978,scenario3
S1_reprodscen3_3,1000000,158984319488,416832,415257,0,1979,scenario3
S1_reprodscen3_3,1000000,159037541120,344174,342706,0,1980,scenario3
S1_reprodscen3_3,1000000,159212307712,528803,526062,0,1981,scenario3
S1_reprodscen3_3,1000000,159374087680,409855,408290,0,1982,scenario3
S1_reprodscen3_3,1000000,159402485248,344382,342874,0,1983,scenario3
S1_reprodscen3_3,1000000,159446803456,409485,407956,0,1984,scenario3
S1_reprodscen3_3,1000000,159473110272,360777,359279,0,1985,scenario3
S1_reprodscen3_3,1000000,159524099840,359916,358466,0,1986,scenario3
S1_reprodscen3_3,1000000,159554347520,401703,400187,0,1987,scenario3
S1_reprodscen3_3,1000000,159576675328,365469,363989,0,1988,scenario3
S1_reprodscen3_3,1000000,159613870336,417603,416066,0,1989,scenario3
S1_reprodscen3_3,1000000,159682193664,396754,384376,0,1990,scenario3
S1_reprodscen3_3,1000000,159706479360,423175,421599,0,1991,scenario3
S1_reprodscen3_3,1000000,159720716800,389541,388004,0,1992,scenario3
S1_reprodscen3_3,1000000,159830962688,459850,458216,0,1993,scenario3
S1_reprodscen3_3,1000000,159939300096,404369,402890,0,1994,scenario3
S1_reprodscen3_3,1000000,159952480512,344279,342843,0,1995,scenario3
S1_reprodscen3_3,1000000,159976767744,443067,441392,0,1996,scenario3
S1_reprodscen3_3,1000000,160009955840,420741,419170,0,1997,scenario3
S1_reprodscen3_3,1000000,160024280320,356489,355069,0,1998,scenario3
S1_reprodscen3_3,1000000,160027486208,481764,480165,0,1999,scenario3
S1_reprodscen3_3,1000000,160032648192,418844,417161,0,2000,scenario3
S1_reprodscen3_3,1000000,160041872640,344150,342683,0,2001,scenario3
S1_reprodscen3_3,1000000,160042999040,406639,405194,0,2002,scenario3
S1_reprodscen3_3,1000000,160072470784,376109,374631,0,2003,scenario3
S1_reprodscen3_3,1000000,160083743744,374079,372540,0,2004,scenario3
S1_reprodscen3_3,1000000,160250120192,512154,510484,0,2005,scenario3
S1_reprodscen3_3,1000000,160275288832,452718,451126,0,2006,scenario3
S1_reprodscen3_3,1000000,160294443264,409636,408070,0,2007,scenario3
S1_reprodscen3_3,1000000,160301828352,361104,359643,0,2008,scenario3
S1_reprodscen3_3,1000000,160377421056,545660,543338,0,2009,scenario3
S1_reprodscen3_3,1000000,160381103616,422403,420747,0,2010,scenario3
S1_reprodscen3_3,1000000,160401692928,373270,371797,0,2011,scenario3
S1_reprodscen3_3,1000000,160431705088,426956,425390,0,2012,scenario3
S1_reprodscen3_3,1000000,160441045248,417080,415584,0,2013,scenario3
S1_reprodscen3_3,1000000,160442235904,436590,435096,0,2014,scenario3
S1_reprodscen3_3,1000000,160451460864,443618,442077,0,2015,scenario3
S1_reprodscen3_3,1000000,160463665152,397265,395756,0,2016,scenario3
S1_reprodscen3_3,1000000,160482057216,360691,359308,0,2017,scenario3
S1_reprodscen3_3,1000000,160485210880,344919,343403,0,2018,scenario3
S1_reprodscen3_3,1000000,160586578432,404994,403446,0,2019,scenario3
S1_reprodscen3_3,1000000,160754799360,359743,358255,0,2020,scenario3
S1_reprodscen3_3,1000000,160756001792,381892,380499,0,2021,scenario3
S1_reprodscen3_3,1000000,160766164224,433872,432099,0,2022,scenario3
S1_reprodscen3_3,1000000,160771463168,452864,451152,0,2023,scenario3
S1_reprodscen3_3,1000000,160782620416,424011,422371,0,2024,scenario3
S1_reprodscen3_3,1000000,160805070080,381128,379688,0,2025,scenario3
S1_reprodscen3_3,1000000,160903195904,440341,438853,0,2026,scenario3
S1_reprodscen3_3,1000000,161074421504,344763,343281,0,2027,scenario3
S1_reprodscen3_3,1000000,161309907200,507092,505580,0,2028,scenario3
S1_reprodscen3_3,1000000,161358998016,411833,410264,0,2029,scenario3
S1_reprodscen3_3,1000000,161388132352,462305,460583,0,2030,scenario3
S1_reprodscen3_3,1000000,161420389888,367990,366437,0,2031,scenario3
S1_reprodscen3_3,1000000,161451795456,386902,385372,0,2032,scenario3
S1_reprodscen3_3,1000000,161531984128,393596,392051,0,2033,scenario3
S1_reprodscen3_3,1000000,161622246912,378167,376716,0,2034,scenario3
S1_reprodscen3_3,1000000,161639414784,462713,460890,0,2035,scenario3
S1_reprodscen3_3,1000000,161643676672,406080,404475,0,2036,scenario3
S1_reprodscen3_3,1000000,161654911232,448966,447363,0,2037,scenario3
S1_reprodscen3_3,1000000,161660173824,469687,468067,0,2038,scenario3
S1_reprodscen3_3,1000000,161710579200,361470,360100,0,2039,scenario3
S1_reprodscen3_3,1000000,161738592768,344998,343517,0,2040,scenario3
S1_reprodscen3_3,1000000,161770379776,521372,518621,0,2041,scenario3
S1_reprodscen3_3,1000000,161783355904,483902,482350,0,2042,scenario3
S1_reprodscen3_3,1000000,161846440960,344524,343113,0,2043,scenario3
S1_reprodscen3_3,1000000,161952724992,412730,411192,0,2044,scenario3
S1_reprodscen3_3,1000000,161992986112,364140,362631,0,2045,scenario3
S1_reprodscen3_3,1000000,162002392064,413965,412387,0,2046,scenario3
S1_reprodscen3_3,1000000,162046084864,585922,583105,0,2047,scenario3
S1_reprodscen3_3,1000000,162080042752,344587,343110,0,2048,scenario3
S1_reprodscen3_3,1000000,162107286528,560118,558416,0,2049,scenario3
S1_reprodscen3_3,1000000,162119533824,440435,438695,0,2050,scenario3
S1_reprodscen3_3,1000000,162269759232,332696,331389,0,2051,scenario3
S1_reprodscen3_3,1000000,162349121280,400243,398656,0,2052,scenario3
S1_reprodscen3_3,1000000,162367548928,422227,420775,0,2053,scenario3
S1_reprodscen3_3,1000000,162414895104,357860,356473,0,2054,scenario3
S1_reprodscen3_3,1000000,162431124736,404544,402883,0,2055,scenario3
S1_reprodscen3_3,1000000,162443312384,476312,474550,0,2056,scenario3
S1_reprodscen3_3,1000000,162487543040,447677,446072,0,2057,scenario3
S1_reprodscen3_3,1000000,162571869696,346489,345033,0,2058,scenario3
S1_reprodscen3_3,1000000,162635206656,436122,434505,0,2059,scenario3
S1_reprodscen3_3,1000000,162636311552,417255,415671,0,2060,scenario3
S1_reprodscen3_3,1000000,162653753088,445574,443952,0,2061,scenario3
S1_reprodscen3_3,1000000,162776223488,569483,566680,0,2062,scenario3
S1_reprodscen3_3,1000000,162793105152,408579,406977,0,2063,scenario3
S1_reprodscen3_3,1000000,162846423296,459166,457513,0,2064,scenario3
S1_reprodscen3_3,1000000,162883692800,343954,342595,0,2065,scenario3
S1_reprodscen3_3,1000000,162897919232,398269,396704,0,2066,scenario3
S1_reprodscen3_3,1000000,162902219776,459632,458095,0,2067,scenario3
S1_reprodscen3_3,1000000,162910357248,450164,448469,0,2068,scenario3
S1_reprodscen3_3,1000000,162961046272,432177,429452,0,2069,scenario3
S1_reprodscen3_3,1000000,162989040384,439473,437789,0,2070,scenario3
S1_reprodscen3_3,1000000,163003446528,404754,403242,0,2071,scenario3
S1_reprodscen3_3,1000000,163043040768,525330,522538,0,2072,scenario3
S1_reprodscen3_3,1000000,163089864448,410010,408400,0,2073,scenario3
S1_reprodscen3_3,1000000,163249351424,344858,343420,0,2074,scenario3
S1_reprodscen3_3,1000000,163271749120,420173,418645,0,2075,scenario3
S1_reprodscen3_3,1000000,163324084224,445869,444275,0,2076,scenario3
S1_reprodscen3_3,1000000,163329365760,533241,531683,0,2077,scenario3
S1_reprodscen3_3,1000000,163350406144,345476,343984,0,2078,scenario3
S1_reprodscen3_3,1000000,163400913664,359428,357941,0,2079,scenario3
S1_reprodscen3_3,1000000,163477540096,446798,444022,0,2080,scenario3
S1_reprodscen3_3,1000000,163505505792,434944,433287,0,2081,scenario3
S1_reprodscen3_3,1000000,163520922880,344385,342792,0,2082,scenario3
S1_reprodscen3_3,1000000,163605009664,435118,432803,0,2083,scenario3
S1_reprodscen3_3,1000000,163689215232,415080,413325,0,2084,scenario3
S1_reprodscen3_3,1000000,163799525888,482968,481289,0,2085,scenario3
S1_reprodscen3_3,1000000,163808774400,394926,393251,0,2086,scenario3
S1_reprodscen3_3,1000000,163940913920,428449,426898,0,2087,scenario3
S1_reprodscen3_3,1000000,164013231104,410909,409330,0,2088,scenario3
S1_reprodscen3_3,1000000,164017005568,414919,413293,0,2089,scenario3
S1_reprodscen3_3,1000000,164033349120,359799,358342,0,2090,scenario3
S1_reprodscen3_3,1000000,164034444800,379710,378216,0,2091,scenario3
S1_reprodscen3_3,1000000,164056581632,454460,441507,0,2092,scenario3
S1_reprodscen3_3,1000000,164069714432,431974,430367,0,2093,scenario3
S1_reprodscen3_3,1000000,164076028160,413709,412031,0,2094,scenario3
S1_reprodscen3_3,1000000,164082293504,413589,411921,0,2095,scenario3
S1_reprodscen3_3,1000000,164108695040,359636,358199,0,2096,scenario3
S1_reprodscen3_3,1000000,164239046656,344011,342624,0,2097,scenario3
S1_reprodscen3_3,1000000,164242145280,383657,382121,0,2098,scenario3
S1_reprodscen3_3,1000000,164248291840,418978,417345,0,2099,scenario3
S1_reprodscen3_3,1000000,164257789952,400198,398633,0,2100,scenario3
S1_reprodscen3_3,1000000,164372709376,417606,416031,0,2101,scenario3
S1_reprodscen3_3,1000000,164380052480,436782,434992,0,2102,scenario3
S1_reprodscen3_3,1000000,164500305920,442234,439965,0,2103,scenario3
S1_reprodscen3_3,1000000,164502350080,413275,411730,0,2104,scenario3
S1_reprodscen3_3,1000000,164553619968,343342,341920,0,2105,scenario3
S1_reprodscen3_3,1000000,164625890304,398842,397305,0,2106,scenario3
S1_reprodscen3_3,1000000,164674148864,396806,395278,0,2107,scenario3
S1_reprodscen3_3,1000000,164681349376,409229,407670,0,2108,scenario3
S1_reprodscen3_3,1000000,164690583296,495534,493724,0,2109,scenario3
S1_reprodscen3_3,1000000,164797200384,520145,517420,0,2110,scenario3
S1_reprodscen3_3,1000000,164854075648,343479,342098,0,2111,scenario3
S1_reprodscen3_3,1000000,164874511104,393645,392143,0,2112,scenario3
S1_reprodscen3_3,1000000,164890826240,381285,379761,0,2113,scenario3
S1_reprodscen3_3,1000000,164955821056,427845,426213,0,2114,scenario3
S1_reprodscen3_3,1000000,164983038464,360489,359068,0,2115,scenario3
S1_reprodscen3_3,1000000,164998448640,356572,355064,0,2116,scenario3
S1_reprodscen3_3,1000000,165124597504,396323,394755,0,2117,scenario3
S1_reprodscen3_3,1000000,165126919680,396618,395124,0,2118,scenario3
S1_reprodscen3_3,1000000,165289285888,332796,331403,0,2119,scenario3
S1_reprodscen3_3,1000000,165371561216,455560,453884,0,2120,scenario3
S1_reprodscen3_3,1000000,165373731072,418346,416728,0,2121,scenario3
S1_reprodscen3_3,1000000,165385033216,386312,384769,0,2122,scenario3
S1_reprodscen3_3,1000000,165392301568,417768,416229,0,2123,scenario3
S1_reprodscen3_3,1000000,165528416768,422889,421233,0,2124,scenario3
S1_reprodscen3_3,1000000,165533817344,475878,474014,0,2125,scenario3
S1_reprodscen3_3,1000000,165541989120,419648,418033,0,2126,scenario3
S1_reprodscen3_3,1000000,165556360960,343397,341999,0,2127,scenario3
S1_reprodscen3_3,1000000,165577871104,445950,443135,0,2128,scenario3
S1_reprodscen3_3,1000000,165643983104,333335,331990,0,2129,scenario3
S1_reprodscen3_3,1000000,165707129600,334072,332669,0,2130,scenario3
S1_reprodscen3_3,1000000,165867497216,415105,413445,0,2131,scenario3
S1_reprodscen3_3,1000000,165887873024,406880,405295,0,2132,scenario3
S1_reprodscen3_3,1000000,165961199872,343415,342027,0,2133,scenario3
S1_reprodscen3_3,1000000,166025843200,517879,515006,0,2134,scenario3
S1_reprodscen3_3,1000000,166029733120,371000,369614,0,2135,scenario3
S1_reprodscen3_3,1000000,166040102656,364368,362953,0,2136,scenario3
S1_reprodscen3_3,1000000,166044335616,459926,457636,0,2137,scenario3
S1_reprodscen3_3,1000000,166066704896,360026,358566,0,2138,scenario3
S1_reprodscen3_3,1000000,166112772864,364469,362937,0,2139,scenario3
S1_reprodscen3_3,1000000,166145154560,496963,494634,0,2140,scenario3
S1_reprodscen3_3,1000000,166303417344,505244,503507,0,2141,scenario3
S1_reprodscen3_3,1000000,166341530112,426294,424677,0,2142,scenario3
S1_reprodscen3_3,1000000,166357764608,413334,411697,0,2143,scenario3
S1_reprodscen3_3,1000000,166390513152,498539,495761,0,2144,scenario3
S1_reprodscen3_3,1000000,166431753216,517056,514347,0,2145,scenario3
S1_reprodscen3_3,1000000,166489699072,360196,358701,0,2146,scenario3
S1_reprodscen3_3,1000000,166558937856,453096,451517,0,2147,scenario3
S1_reprodscen3_3,1000000,166600258304,444363,442772,0,2148,scenario3
S1_reprodscen3_3,1000000,166611539968,396953,395349,0,2149,scenario3
S1_reprodscen3_3,1000000,166714864640,511933,509106,0,2150,scenario3
S1_reprodscen3_3,1000000,166716757248,407103,405588,0,2151,scenario3
S1_reprodscen3_3,1000000,166744064256,425040,423420,0,2152,scenario3
S1_reprodscen3_3,1000000,166746324224,415027,413402,0,2153,scenario3
S1_reprodscen3_3,1000000,166793608704,412664,411096,0,2154,scenario3
S1_reprodscen3_3,1000000,166834039552,361381,359884,0,2155,scenario3
S1_reprodscen3_3,1000000,166854354944,383312,381806,0,2156,scenario3
S1_reprodscen3_3,1000000,166956571904,410137,408536,0,2157,scenario3
S1_reprodscen3_3,1000000,166966830592,424006,422205,0,2158,scenario3
S1_reprodscen3_3,1000000,167001550336,521661,518809,0,2159,scenario3
S1_reprodscen3_3,1000000,167018488320,367567,366013,0,2160,scenario3
S1_reprodscen3_3,1000000,167061854720,377954,376442,0,2161,scenario3
S1_reprodscen3_3,1000000,167115064832,399424,397863,0,2162,scenario3
S1_reprodscen3_3,1000000,167387573248,447201,445614,0,2163,scenario3
S1_reprodscen3_3,1000000,167391782912,367884,366344,0,2164,scenario3
S1_reprodscen3_3,1000000,167505191168,495026,493028,0,2165,scenario3
S1_reprodscen3_3,1000000,167543308544,384844,383119,0,2166,scenario3
S1_reprodscen3_3,1000000,167600761088,406137,404453,0,2167,scenario3
S1_reprodscen3_3,1000000,167671252224,508682,505677,0,2168,scenario3
S1_reprodscen3_3,1000000,167776429056,362456,360863,0,2169,scenario3
S1_reprodscen3_3,1000000,167784499456,360700,359014,0,2170,scenario3
S1_reprodscen3_3,1000000,167796764160,412461,410572,0,2171,scenario3
S1_reprodscen3_3,1000000,167807240704,419826,417910,0,2172,scenario3
S1_reprodscen3_3,1000000,167821417984,421943,420165,0,2173,scenario3
S1_reprodscen3_3,1000000,167827404800,443802,441990,0,2174,scenario3
S1_reprodscen3_3,1000000,167869649152,430219,428438,0,2175,scenario3
S1_reprodscen3_3,1000000,167883216128,405574,403830,0,2176,scenario3
S1_reprodscen3_3,1000000,167942378496,361555,360018,0,2177,scenario3
S1_reprodscen3_3,1000000,167960463616,412111,410402,0,2178,scenario3
S1_reprodscen3_3,1000000,167993802240,350248,348597,0,2179,scenario3
S1_reprodscen3_3,1000000,168041273856,386907,385357,0,2180,scenario3
S1_reprodscen3_3,1000000,168101550592,360933,359318,0,2181,scenario3
S1_reprodscen3_3,1000000,168102708224,381367,379722,0,2182,scenario3
S1_reprodscen3_3,1000000,168145246976,573752,570911,0,2183,scenario3
S1_reprodscen3_3,1000000,168323723776,585057,582069,0,2184,scenario3
S1_reprodscen3_3,1000000,168333434368,413621,411874,0,2185,scenario3
S1_reprodscen3_3,1000000,168422865408,405501,403782,0,2186,scenario3
S1_reprodscen3_3,1000000,168443023360,385562,383972,0,2187,scenario3
S1_reprodscen3_3,1000000,168636488192,350226,348637,0,2188,scenario3
S1_reprodscen3_3,1000000,168650619904,368410,366694,0,2189,scenario3
S1_reprodscen3_3,1000000,168674092544,463471,460487,0,2190,scenario3
S1_reprodscen3_3,1000000,168714376448,360407,358830,0,2191,scenario3
S1_reprodscen3_3,1000000,168726483712,391617,389942,0,2192,scenario3
S1_reprodscen3_3,1000000,168742257664,474050,472264,0,2193,scenario3
S1_reprodscen3_3,1000000,168745184256,399878,398086,0,2194,scenario3
S1_reprodscen3_3,1000000,168813530624,419888,418107,0,2195,scenario3
S1_reprodscen3_3,1000000,168816816128,400436,398575,0,2196,scenario3
S1_reprodscen3_3,1000000,168831182080,455261,453363,0,2197,scenario3
S1_reprodscen3_3,1000000,168854285312,413011,411337,0,2198,scenario3
S1_reprodscen3_3,1000000,168870590464,433344,431668,0,2199,scenario3
S1_reprodscen3_3,1000000,168915950080,360113,358454,0,2200,scenario3
S1_reprodscen3_3,1000000,169070247936,351566,349801,0,2201,scenario3
S1_reprodscen3_3,1000000,169086795008,460647,457377,0,2202,scenario3
S1_reprodscen3_3,1000000,169099089920,601553,597770,0,2203,scenario3
S1_reprodscen3_3,1000000,169100183040,368868,366974,0,2204,scenario3
S1_reprodscen3_3,1000000,169389317376,363565,361812,0,2205,scenario3
S1_reprodscen3_3,1000000,169418782208,392404,390683,0,2206,scenario3
S1_reprodscen3_3,1000000,169598999808,402465,400582,0,2207,scenario3
S1_reprodscen3_3,1000000,169622528768,464861,461766,0,2208,scenario3
S1_reprodscen3_3,1000000,169648590080,361446,359748,0,2209,scenario3
S1_reprodscen3_3,1000000,169709942016,387614,385724,0,2210,scenario3
S1_reprodscen3_3,1000000,169728436480,495190,493173,0,2211,scenario3
S1_reprodscen3_3,1000000,169733979136,450564,448561,0,2212,scenario3
S1_reprodscen3_3,1000000,169735654144,434511,432423,0,2213,scenario3
S1_reprodscen3_3,1000000,169817909504,393694,391765,0,2214,scenario3
S1_reprodscen3_3,1000000,169828558848,387201,384207,0,2215,scenario3
S1_reprodscen3_3,1000000,169865598976,381685,379860,0,2216,scenario3
S1_reprodscen3_3,1000000,169947902720,359418,357394,0,2217,scenario3
S1_reprodscen3_3,1000000,169962460928,489548,487243,0,2218,scenario3
S1_reprodscen3_3,1000000,170005645824,372130,370254,0,2219,scenario3
S1_reprodscen3_3,1000000,170037164032,546417,542597,0,2220,scenario3
S1_reprodscen3_3,1000000,170063235328,377205,375244,0,2221,scenario3
S1_reprodscen3_3,1000000,170073503488,351428,349501,0,2222,scenario3
S1_reprodscen3_3,1000000,170108876032,363183,361411,0,2223,scenario3
S1_reprodscen3_3,1000000,170122190336,397080,395191,0,2224,scenario3
S1_reprodscen3_3,1000000,170136365056,418759,416830,0,2225,scenario3
S1_reprodscen3_3,1000000,170296696832,400663,398798,0,2226,scenario3
S1_reprodscen3_3,1000000,170319909632,383006,381050,0,2227,scenario3
S1_reprodscen3_3,1000000,170325268480,450719,448869,0,2228,scenario3
S1_reprodscen3_3,1000000,170373534464,367853,366017,0,2229,scenario3
S1_reprodscen3_3,1000000,170497013504,437047,435229,0,2230,scenario3
S1_reprodscen3_3,1000000,170585362176,400654,398938,0,2231,scenario3
S1_reprodscen3_3,1000000,170649712384,363502,361697,0,2232,scenario3
S1_reprodscen3_3,1000000,170697046528,369423,367637,0,2233,scenario3
S1_reprodscen3_3,1000000,170762593280,449493,446499,0,2234,scenario3
S1_reprodscen3_3,1000000,170841866496,507018,503835,0,2235,scenario3
S1_reprodscen3_3,1000000,170847552768,754728,750757,0,2236,scenario3
S1_reprodscen3_3,1000000,170861275392,447686,445801,0,2237,scenario3
S1_reprodscen3_3,1000000,170945523456,352295,350649,0,2238,scenario3
S1_reprodscen3_3,1000000,170948720384,433724,431892,0,2239,scenario3
S1_reprodscen3_3,1000000,170983158784,370493,368820,0,2240,scenario3
S1_reprodscen3_3,1000000,171022539520,335489,334012,0,2241,scenario3
S1_reprodscen3_3,1000000,171023732480,396416,394698,0,2242,scenario3
S1_reprodscen3_3,1000000,171074991872,333757,332148,0,2243,scenario3
S1_reprodscen3_3,1000000,171078196224,368780,367085,0,2244,scenario3
S1_reprodscen3_3,1000000,171099707904,395527,393749,0,2245,scenario3
S1_reprodscen3_3,1000000,171281366784,510842,507903,0,2246,scenario3
S1_reprodscen3_3,1000000,171314388736,348749,347139,0,2247,scenario3
S1_reprodscen3_3,1000000,171316766464,470907,467820,0,2248,scenario3
S1_reprodscen3_3,1000000,171358964224,470396,468461,0,2249,scenario3
S1_reprodscen3_3,1000000,171362107392,462930,461126,0,2250,scenario3
S1_reprodscen3_3,1000000,171366383616,393011,391419,0,2251,scenario3
S1_reprodscen3_3,1000000,171387718656,419063,417347,0,2252,scenario3
S1_reprodscen3_3,1000000,171402102272,407597,405836,0,2253,scenario3
S1_reprodscen3_3,1000000,171463222784,390436,388710,0,2254,scenario3
S1_reprodscen3_3,1000000,171479668992,397813,396131,0,2255,scenario3
S1_reprodscen3_3,1000000,171494002688,362004,360292,0,2256,scenario3
S1_reprodscen3_3,1000000,171629266688,393750,392038,0,2257,scenario3
S1_reprodscen3_3,1000000,171788587264,511376,508445,0,2258,scenario3
S1_reprodscen3_3,1000000,171830802944,473092,470469,0,2259,scenario3
S1_reprodscen3_3,1000000,171923074816,409984,408226,0,2260,scenario3
S1_reprodscen3_3,1000000,172002444800,390179,388265,0,2261,scenario3
S1_reprodscen3_3,1000000,172083612416,417398,415530,0,2262,scenario3
S1_reprodscen3_3,1000000,172085048320,510323,508270,0,2263,scenario3
S1_reprodscen3_3,1000000,172086204672,432031,429981,0,2264,scenario3
S1_reprodscen3_3,1000000,172175327488,410714,408684,0,2265,scenario3
S1_reprodscen3_3,1000000,172287705088,436340,434420,0,2266,scenario3
S1_reprodscen3_3,1000000,172382965504,352106,350240,0,2267,scenario3
S1_reprodscen3_3,1000000,172387409664,436314,434450,0,2268,scenario3
S1_reprodscen3_3,1000000,172410792704,388925,386980,0,2269,scenario3
S1_reprodscen3_3,1000000,172487196416,421404,419579,0,2270,scenario3
S1_reprodscen3_3,1000000,172488434432,401869,399966,0,2271,scenario3
S1_reprodscen3_3,1000000,172530012160,514763,511626,0,2272,scenario3
S1_reprodscen3_3,1000000,172642986496,362100,360236,0,2273,scenario3
S1_reprodscen3_3,1000000,172679601664,491153,488095,0,2274,scenario3
S1_reprodscen3_3,1000000,172769956608,561466,558660,0,2275,scenario3
S1_reprodscen3_3,1000000,172834732800,376990,375493,0,2276,scenario3
S1_reprodscen3_3,1000000,172849203456,577584,574794,0,2277,scenario3
S1_reprodscen3_3,1000000,172942234368,344030,342483,0,2278,scenario3
S1_reprodscen3_3,1000000,172961632768,359812,358351,0,2279,scenario3
S1_reprodscen3_3,1000000,172972890368,381138,379610,0,2280,scenario3
S1_reprodscen3_3,1000000,172975992064,382236,380789,0,2281,scenario3
S1_reprodscen3_3,1000000,173012475648,389002,387603,0,2282,scenario3
S1_reprodscen3_3,1000000,173043549696,473948,471833,0,2283,scenario3
S1_reprodscen3_3,1000000,173175905536,360963,359475,0,2284,scenario3
S1_reprodscen3_3,1000000,173185298944,384129,382675,0,2285,scenario3
S1_reprodscen3_3,1000000,173292541440,385098,383635,0,2286,scenario3
S1_reprodscen3_3,1000000,173329696256,409088,407518,0,2287,scenario3
S1_reprodscen3_3,1000000,173468089856,363795,362340,0,2288,scenario3
S1_reprodscen3_3,1000000,173484457984,448210,446613,0,2289,scenario3
S1_reprodscen3_3,1000000,173503791360,518914,516928,0,2290,scenario3
S1_reprodscen3_3,1000000,173593684224,390318,388812,0,2291,scenario3
S1_reprodscen3_3,1000000,173594299904,474080,472878,0,2291,scenario3
S1_reprodscen3_3,1000000,173710086144,344936,343508,0,2293,scenario3
S1_reprodscen3_3,1000000,173712287744,401436,399884,0,2294,scenario3
S1_reprodscen3_3,1000000,173717449984,416870,415192,0,2295,scenario3
S1_reprodscen3_3,1000000,173774704128,418250,416635,0,2296,scenario3
S1_reprodscen3_3,1000000,173814272768,554851,552048,0,2297,scenario3
S1_reprodscen3_3,1000000,173896442112,359972,358558,0,2298,scenario3
S1_reprodscen3_3,1000000,173906597120,360643,359164,0,2299,scenario3
S1_reprodscen3_3,1000000,173960943616,344254,342820,0,2300,scenario3
S1_reprodscen3_3,1000000,173997156352,456633,454984,0,2301,scenario3
S1_reprodscen3_3,1000000,174006295296,423636,421972,0,2302,scenario3
S1_reprodscen3_3,1000000,174040732416,387274,385755,0,2303,scenario3
S1_reprodscen3_3,1000000,174099149056,359963,358504,0,2304,scenario3
S1_reprodscen3_3,1000000,174324268032,369684,368135,0,2305,scenario3
S1_reprodscen3_3,1000000,174343802368,538417,535518,0,2306,scenario3
S1_reprodscen3_3,1000000,174373971712,349042,343409,0,2307,scenario3
S1_reprodscen3_3,1000000,174408230400,417355,415659,0,2308,scenario3
S1_reprodscen3_3,1000000,174409421568,419104,417490,0,2309,scenario3
S1_reprodscen3_3,1000000,174446856960,386739,385115,0,2310,scenario3
S1_reprodscen3_3,1000000,174488854016,335919,334393,0,2311,scenario3
S1_reprodscen3_3,1000000,174498353920,367207,365658,0,2312,scenario3
S1_reprodscen3_3,1000000,174655391232,391472,390015,0,2313,scenario3
S1_reprodscen3_3,1000000,174719639808,421582,419942,0,2314,scenario3
S1_reprodscen3_3,1000000,174729836288,410070,408440,0,2315,scenario3
S1_reprodscen3_3,1000000,174762100480,423507,421903,0,2316,scenario3
S1_reprodscen3_3,1000000,174836306944,344681,343159,0,2317,scenario3
S1_reprodscen3_3,1000000,174872659968,344533,343095,0,2318,scenario3
S1_reprodscen3_3,1000000,174922032128,356806,355342,0,2319,scenario3
S1_reprodscen3_3,1000000,174964236288,416723,415080,0,2320,scenario3
S1_reprodscen3_3,1000000,175058630400,416132,399263,0,2321,scenario3
S1_reprodscen3_3,1000000,175102943488,332842,331435,0,2322,scenario3
S1_reprodscen3_3,1000000,175172257792,442807,441179,0,2323,scenario3
S1_reprodscen3_3,1000000,175306557184,388239,386644,0,2324,scenario3
S1_reprodscen3_3,1000000,175331728896,375775,374198,0,2325,scenario3
S1_reprodscen3_3,1000000,175543124224,350254,348732,0,2326,scenario3
S1_reprodscen3_3,1000000,175546261248,374903,373270,0,2327,scenario3
S1_reprodscen3_3,1000000,175551598336,496172,494209,0,2328,scenario3
S1_reprodscen3_3,1000000,175557051136,494356,492708,0,2329,scenario3
S1_reprodscen3_3,1000000,175710304512,346182,344676,0,2330,scenario3
S1_reprodscen3_3,1000000,175746439424,350942,349322,0,2331,scenario3
S1_reprodscen3_3,1000000,175925001472,400989,399382,0,2332,scenario3
S1_reprodscen3_3,1000000,175955205120,375799,373930,0,2333,scenario3
S1_reprodscen3_3,1000000,175961516288,366120,364442,0,2334,scenario3
S1_reprodscen3_3,1000000,176006822400,362784,361184,0,2335,scenario3
S1_reprodscen3_3,1000000,176008156928,392990,391188,0,2336,scenario3
S1_reprodscen3_3,1000000,176011067392,430126,428312,0,2337,scenario3
S1_reprodscen3_3,1000000,176079570432,351329,349732,0,2338,scenario3
S1_reprodscen3_3,1000000,176114990848,391140,389492,0,2339,scenario3
S1_reprodscen3_3,1000000,176115640320,453160,451583,0,2339,scenario3
S1_reprodscen3_3,1000000,176200194816,373437,371685,0,2341,scenario3
S1_reprodscen3_3,1000000,176372603648,371578,369866,0,2342,scenario3
S1_reprodscen3_3,1000000,176410964480,459862,457920,0,2343,scenario3
S1_reprodscen3_3,1000000,176525394432,351815,349945,0,2344,scenario3
S1_reprodscen3_3,1000000,176535793152,418976,417059,0,2345,scenario3
S1_reprodscen3_3,1000000,176544109312,378538,376795,0,2346,scenario3
S1_reprodscen3_3,1000000,176560427264,383128,381339,0,2347,scenario3
S1_reprodscen3_3,1000000,176573613056,471516,469322,0,2348,scenario3
S1_reprodscen3_3,1000000,176681948928,369646,367824,0,2349,scenario3
S1_reprodscen3_3,1000000,176724114688,392789,390969,0,2350,scenario3
S1_reprodscen3_3,1000000,176768575488,351446,349537,0,2351,scenario3
S1_reprodscen3_3,1000000,176837851136,389838,388018,0,2352,scenario3
S1_reprodscen3_3,1000000,176843409408,511388,508603,0,2353,scenario3
S1_reprodscen3_3,1000000,176859544576,415642,413672,0,2354,scenario3
S1_reprodscen3_3,1000000,176864869888,463126,461268,0,2355,scenario3
S1_reprodscen3_3,1000000,176894004736,406084,404078,0,2356,scenario3
S1_reprodscen3_3,1000000,176970215680,469144,467168,0,2357,scenario3
S1_reprodscen3_3,1000000,177167765504,532775,529733,0,2358,scenario3
S1_reprodscen3_3,1000000,177195842304,351233,349329,0,2359,scenario3
S1_reprodscen3_3,1000000,177350108416,361979,360082,0,2360,scenario3
S1_reprodscen3_3,1000000,177371585536,436234,434263,0,2361,scenario3
S1_reprodscen3_3,1000000,177423931648,432741,430823,0,2362,scenario3
S1_reprodscen3_3,1000000,177467097088,361093,359286,0,2363,scenario3
S1_reprodscen3_3,1000000,177569403392,352971,351180,0,2364,scenario3
S1_reprodscen3_3,1000000,177654791168,362714,360892,0,2365,scenario3
S1_reprodscen3_3,1000000,177704487680,535847,532706,0,2366,scenario3
S1_reprodscen3_3,1000000,177743875840,560644,556635,0,2367,scenario3
S1_reprodscen3_3,1000000,177744929792,406317,404286,0,2368,scenario3
S1_reprodscen3_3,1000000,177948972288,431804,430078,0,2369,scenario3
S1_reprodscen3_3,1000000,177964336896,387203,385429,0,2370,scenario3
S1_reprodscen3_3,1000000,178057719296,350910,349140,0,2371,scenario3
S1_reprodscen3_3,1000000,178102012672,368237,366291,0,2372,scenario3
S1_reprodscen3_3,1000000,178137320448,402216,400306,0,2373,scenario3
S1_reprodscen3_3,1000000,178157673216,386746,384828,0,2374,scenario3
S1_reprodscen3_3,1000000,178177336576,459372,456257,0,2375,scenario3
S1_reprodscen3_3,1000000,178177985792,471935,470404,0,2375,scenario3
S1_reprodscen3_3,1000000,178354654976,490623,487453,0,2377,scenario3
S1_reprodscen3_3,1000000,178414825728,351204,349403,0,2378,scenario3
S1_reprodscen3_3,1000000,178535076096,373012,371115,0,2379,scenario3
S1_reprodscen3_3,1000000,178656385024,477616,474276,0,2380,scenario3
S1_reprodscen3_3,1000000,178657399040,387418,385828,0,2381,scenario3
S1_reprodscen3_3,1000000,178659667968,441343,439608,0,2382,scenario3
S1_reprodscen3_3,1000000,178691959040,439683,438023,0,2383,scenario3
S1_reprodscen3_3,1000000,178697056000,437996,436234,0,2384,scenario3
S1_reprodscen3_3,1000000,178705203712,418523,416826,0,2385,scenario3
S1_reprodscen3_3,1000000,178890443776,420469,418432,0,2386,scenario3
S1_reprodscen3_3,1000000,178917652736,406930,404974,0,2387,scenario3
S1_reprodscen3_3,1000000,178977932032,407348,405436,0,2388,scenario3
S1_reprodscen3_3,1000000,179006098176,401025,399259,0,2389,scenario3
S1_reprodscen3_3,1000000,179065476352,378512,376570,0,2390,scenario3
S1_reprodscen3_3,1000000,179100821760,375658,374180,0,2391,scenario3
S1_reprodscen3_3,1000000,179111089152,384897,383344,0,2392,scenario3
S1_reprodscen3_3,1000000,179127386624,430503,428773,0,2393,scenario3
S1_reprodscen3_3,1000000,179357640704,333619,332135,0,2394,scenario3
S1_reprodscen3_3,1000000,179362977280,421271,419667,0,2395,scenario3
S1_reprodscen3_3,1000000,179434358784,414432,412811,0,2396,scenario3
S1_reprodscen3_3,1000000,179472738048,417992,416477,0,2397,scenario3
S1_reprodscen3_3,1000000,179494244096,422777,421202,0,2398,scenario3
S1_reprodscen3_3,1000000,179778479616,408386,406871,0,2399,scenario3
S1_reprodscen3_3,1000000,179821664256,413464,411853,0,2400,scenario3
S1_reprodscen3_3,1000000,179898909184,360382,358903,0,2401,scenario3
S1_reprodscen3_3,1000000,179923339776,422309,420669,0,2402,scenario3
S1_reprodscen3_3,1000000,179925492224,418496,416942,0,2403,scenario3
S1_reprodscen3_3,1000000,179942891520,353959,352463,0,2404,scenario3
S1_reprodscen3_3,1000000,179950306560,567573,564632,0,2405,scenario3
S1_reprodscen3_3,1000000,179955537664,517076,515432,0,2406,scenario3
S1_reprodscen3_3,1000000,180052653056,332502,331145,0,2407,scenario3
S1_reprodscen3_3,1000000,180204005632,412803,411107,0,2408,scenario3
S1_reprodscen3_3,1000000,180217546752,573934,570978,0,2409,scenario3
S1_reprodscen3_3,1000000,180445584896,368433,366955,0,2410,scenario3
S1_reprodscen3_3,1000000,180637876480,480894,479272,0,2411,scenario3
S1_reprodscen3_3,1000000,180646072576,386127,384596,0,2412,scenario3
S1_reprodscen3_3,1000000,180744278784,403766,402110,0,2413,scenario3
S1_reprodscen3_3,1000000,180781742336,364799,363322,0,2414,scenario3
S1_reprodscen3_3,1000000,180796990208,348383,346896,0,2415,scenario3
S1_reprodscen3_3,1000000,180804234496,378467,376790,0,2416,scenario3
S1_reprodscen3_3,1000000,180865363456,386569,384965,0,2417,scenario3
S1_reprodscen3_3,1000000,180869511680,395358,393713,0,2418,scenario3
S1_reprodscen3_3,1000000,180925980160,365157,363730,0,2419,scenario3
S1_reprodscen3_3,1000000,180966071296,392730,391064,0,2420,scenario3
S1_reprodscen3_3,1000000,180971588352,517785,516144,0,2421,scenario3
S1_reprodscen3_3,1000000,181001698816,468491,466490,0,2422,scenario3
S1_reprodscen3_3,1000000,181032153600,458267,456629,0,2423,scenario3
S1_reprodscen3_3,1000000,181171659008,567627,560605,0,2424,scenario3
S1_reprodscen3_3,1000000,181189483520,372541,370977,0,2425,scenario3
S1_reprodscen3_3,1000000,181452721664,332822,331333,0,2426,scenario3
S1_reprodscen3_3,1000000,181524937472,392306,390762,0,2427,scenario3
S1_reprodscen3_3,1000000,181572359424,476260,474200,0,2428,scenario3
S1_reprodscen3_3,1000000,181608684800,344686,343139,0,2429,scenario3
S1_reprodscen3_3,1000000,181623978496,389396,387884,0,2430,scenario3
S1_reprodscen3_3,1000000,181672464896,444299,442588,0,2431,scenario3
S1_reprodscen3_3,1000000,181675258368,451929,450185,0,2432,scenario3
S1_reprodscen3_3,1000000,181726839040,426655,423697,0,2433,scenario3
S1_reprodscen3_3,1000000,181731916032,418625,416992,0,2434,scenario3
S1_reprodscen3_3,1000000,181928367360,394685,393023,0,2435,scenario3
S1_reprodscen3_3,1000000,181956738304,400883,399102,0,2436,scenario3
S1_reprodscen3_3,1000000,181963764224,404977,403362,0,2437,scenario3
S1_reprodscen3_3,1000000,182026151168,381794,380146,0,2438,scenario3
S1_reprodscen3_3,1000000,182046231040,386911,385355,0,2439,scenario3
S1_reprodscen3_3,1000000,182179659776,384565,382938,0,2440,scenario3
S1_reprodscen3_3,1000000,182227938560,377676,375988,0,2441,scenario3
S1_reprodscen3_3,1000000,182341437184,345975,344366,0,2442,scenario3
S1_reprodscen3_3,1000000,182571676672,398839,397148,0,2443,scenario3
S1_reprodscen3_3,1000000,182645004032,361207,359527,0,2444,scenario3
S1_reprodscen3_3,1000000,182746118400,465810,464090,0,2445,scenario3
S1_reprodscen3_3,1000000,182879529728,386259,384576,0,2446,scenario3
S1_reprodscen3_3,1000000,182926694656,428778,426937,0,2447,scenario3
S1_reprodscen3_3,1000000,182938395392,541309,538338,0,2448,scenario3
S1_reprodscen3_3,1000000,182942240512,350250,348700,0,2449,scenario3
S1_reprodscen3_3,1000000,182968742400,360290,358639,0,2450,scenario3
S1_reprodscen3_3,1000000,183039125248,364140,362380,0,2451,scenario3
S1_reprodscen3_3,1000000,183125305088,374950,373323,0,2452,scenario3
S1_reprodscen3_3,1000000,183133646592,390055,388448,0,2453,scenario3
S1_reprodscen3_3,1000000,183216040704,443022,441065,0,2454,scenario3
S1_reprodscen3_3,1000000,183218103296,424090,422194,0,2455,scenario3
S1_reprodscen3_3,1000000,183227641856,414396,412617,0,2456,scenario3
S1_reprodscen3_3,1000000,183351292416,568176,565027,0,2457,scenario3
S1_reprodscen3_3,1000000,183418349568,403878,401904,0,2458,scenario3
S1_reprodscen3_3,1000000,183511567360,362925,361113,0,2459,scenario3
S1_reprodscen3_3,1000000,183526932992,381564,379707,0,2460,scenario3
S1_reprodscen3_3,1000000,183574085888,382048,380279,0,2461,scenario3
S1_reprodscen3_3,1000000,183652587008,365460,363534,0,2462,scenario3
S1_reprodscen3_3,1000000,183849873664,389847,387966,0,2463,scenario3
S1_reprodscen3_3,1000000,183960345600,456621,453469,0,2464,scenario3
S1_reprodscen3_3,1000000,183982430720,352189,350273,0,2465,scenario3
S1_reprodscen3_3,1000000,184016787968,371334,369401,0,2466,scenario3
S1_reprodscen3_3,1000000,184044032000,410701,408751,0,2467,scenario3
S1_reprodscen3_3,1000000,184134426112,363358,361564,0,2468,scenario3
S1_reprodscen3_3,1000000,184165886976,465152,462023,0,2469,scenario3
S1_reprodscen3_3,1000000,184174969344,372006,369959,0,2470,scenario3
S1_reprodscen3_3,1000000,184241234688,361699,359893,0,2471,scenario3
S1_reprodscen3_3,1000000,184375462144,433720,431853,0,2472,scenario3
S1_reprodscen3_3,1000000,184381606656,439534,437464,0,2473,scenario3
S1_reprodscen3_3,1000000,184432785152,462469,460514,0,2474,scenario3
S1_reprodscen3_3,1000000,184529229312,398671,396853,0,2475,scenario3
S1_reprodscen3_3,1000000,184529867264,454518,452857,0,2475,scenario3
S1_reprodscen3_3,1000000,184559794688,505689,502559,0,2477,scenario3
S1_reprodscen3_3,1000000,184570863872,376333,374455,0,2478,scenario3
S1_reprodscen3_3,1000000,184641120000,468592,466206,0,2479,scenario3
S1_reprodscen3_3,1000000,184678512896,351130,349206,0,2480,scenario3
S1_reprodscen3_3,1000000,184737093120,540449,537269,0,2481,scenario3
S1_reprodscen3_3,1000000,184775002624,362379,360192,0,2482,scenario3
S1_reprodscen3_3,1000000,184848302592,376164,374292,0,2483,scenario3
S1_reprodscen3_3,1000000,184950708480,405598,403691,0,2484,scenario3
S1_reprodscen3_3,1000000,185130074624,348810,342756,0,2485,scenario3
S1_reprodscen3_3,1000000,185446409216,341493,339643,0,2486,scenario3
S1_reprodscen3_3,1000000,185486728960,338971,336801,0,2487,scenario3
S1_reprodscen3_3,1000000,185531116288,361165,358919,0,2488,scenario3
S1_reprodscen3_3,1000000,185544297472,366868,364977,0,2489,scenario3
S1_reprodscen3_3,1000000,185661751040,370539,368452,0,2490,scenario3
S1_reprodscen3_3,1000000,185681127936,388223,386144,0,2491,scenario3
S1_reprodscen3_3,1000000,185770331392,438455,436048,0,2492,scenario3
S1_reprodscen3_3,1000000,185964558336,343333,341504,0,2493,scenario3
S1_reprodscen3_3,1000000,186039071232,374965,372937,0,2494,scenario3
S1_reprodscen3_3,1000000,186068491264,353687,351659,0,2495,scenario3
S1_reprodscen3_3,1000000,186071684096,363842,362059,0,2496,scenario3
S1_reprodscen3_3,1000000,186123056640,328397,326653,0,2497,scenario3
S1_reprodscen3_3,1000000,186176754944,541981,539064,0,2498,scenario3
S1_reprodscen3_3,1000000,186198861568,367556,365787,0,2499,scenario3
S1_reprodscen3_3,1000000,186384323072,468612,465529,0,2500,scenario3
S1_reprodscen3_3,1000000,186412432384,512183,510328,0,2501,scenario3
S1_reprodscen3_3,1000000,186471555072,381555,379724,0,2502,scenario3
S1_reprodscen3_3,1000000,186494997760,362020,360210,0,2503,scenario3
S1_reprodscen3_3,1000000,186556292864,343664,341840,0,2504,scenario3
S1_reprodscen3_3,1000000,186637587968,389041,387161,0,2505,scenario3
S1_reprodscen3_3,1000000,186710963968,353895,351633,0,2506,scenario3
S1_reprodscen3_3,1000000,186788312576,364144,361632,0,2507,scenario3
S1_reprodscen3_3,1000000,186844870144,385570,383459,0,2508,scenario3
S1_reprodscen3_3,1000000,186875983872,374151,372372,0,2509,scenario3
S1_reprodscen3_3,1000000,187034241024,366077,363700,0,2510,scenario3
S1_reprodscen3_3,1000000,187103731712,364949,362538,0,2511,scenario3
S1_reprodscen3_3,1000000,187238945280,362901,360860,0,2512,scenario3
S1_reprodscen3_3,1000000,187379197440,374661,372394,0,2513,scenario3
S1_reprodscen3_3,1000000,187395628800,382507,380088,0,2514,scenario3
S1_reprodscen3_3,1000000,187458311680,547934,543843,0,2515,scenario3
S1_reprodscen3_3,1000000,187518208000,361952,348550,0,2516,scenario3
S1_reprodscen3_3,1000000,187640647168,428924,426498,0,2517,scenario3
S1_reprodscen3_3,1000000,187677229568,528986,522186,0,2518,scenario3
S1_reprodscen3_3,1000000,187758345472,450607,448527,0,2519,scenario3
S1_reprodscen3_3,1000000,187773536256,426753,395710,0,2520,scenario3
S1_reprodscen3_3,1000000,187871827200,362255,360692,0,2521,scenario3
S1_reprodscen3_3,1000000,187889236736,393951,392228,0,2522,scenario3
S1_reprodscen3_3,1000000,187946673920,367003,365493,0,2523,scenario3
S1_reprodscen3_3,1000000,188196870656,398302,396289,0,2524,scenario3
S1_reprodscen3_3,1000000,188243300608,375376,373612,0,2525,scenario3
S1_reprodscen3_3,1000000,188399482624,487317,485632,0,2526,scenario3
S1_reprodscen3_3,1000000,188413701632,347700,346180,0,2527,scenario3
S1_reprodscen3_3,1000000,188637027072,334504,332940,0,2528,scenario3
S1_reprodscen3_3,1000000,188658376448,360377,358685,0,2529,scenario3
S1_reprodscen3_3,1000000,188864611840,352763,351025,0,2530,scenario3
S1_reprodscen3_3,1000000,188927579648,608803,605750,0,2531,scenario3
S1_reprodscen3_3,1000000,189036546304,409666,407792,0,2532,scenario3
S1_reprodscen3_3,1000000,189078874368,375237,360512,0,2533,scenario3
S1_reprodscen3_3,1000000,189133284096,378938,377105,0,2534,scenario3
S1_reprodscen3_3,1000000,189136367104,379008,377085,0,2535,scenario3
S1_reprodscen3_3,1000000,189185774080,363713,361866,0,2536,scenario3
S1_reprodscen3_3,1000000,189210035200,351574,349641,0,2537,scenario3
S1_reprodscen3_3,1000000,189384623360,532311,529285,0,2538,scenario3
S1_reprodscen3_3,1000000,189517746688,352099,350356,0,2539,scenario3
S1_reprodscen3_3,1000000,189636185856,407151,399866,0,2540,scenario3
S1_reprodscen3_3,1000000,189664457216,371443,369607,0,2541,scenario3
S1_reprodscen3_3,1000000,189688833792,418868,416739,0,2542,scenario3
S1_reprodscen3_3,1000000,189724114176,357123,355186,0,2543,scenario3
S1_reprodscen3_3,1000000,189789757952,471938,468074,0,2544,scenario3
S1_reprodscen3_3,1000000,189895807232,362673,360429,0,2545,scenario3
S1_reprodscen3_3,1000000,189905043968,387703,385640,0,2546,scenario3
S1_reprodscen3_3,1000000,189938329088,373503,371533,0,2547,scenario3
S1_reprodscen3_3,1000000,189969714688,352457,350549,0,2548,scenario3
S1_reprodscen3_3,1000000,190193944064,351187,349389,0,2549,scenario3
S1_reprodscen3_3,1000000,190452406784,368506,366584,0,2550,scenario3
S1_reprodscen3_3,1000000,190461877248,380932,379021,0,2551,scenario3
S1_reprodscen3_3,1000000,190463127040,400695,398582,0,2552,scenario3
S1_reprodscen3_3,1000000,190529384448,363430,361698,0,2553,scenario3
S1_reprodscen3_3,1000000,190593877760,386226,384165,0,2554,scenario3
S1_reprodscen3_3,1000000,190793176064,351591,349706,0,2555,scenario3
S1_reprodscen3_3,1000000,190796683264,394349,392506,0,2556,scenario3
S1_reprodscen3_3,1000000,190872840448,437039,435189,0,2557,scenario3
S1_reprodscen3_3,1000000,190897058816,390527,388847,0,2558,scenario3
S1_reprodscen3_3,1000000,191088392704,365173,363265,0,2559,scenario3
S1_reprodscen3_3,1000000,191154936064,366382,364650,0,2560,scenario3
S1_reprodscen3_3,1000000,191600096768,351632,349802,0,2561,scenario3
S1_reprodscen3_3,1000000,191742434816,363057,361339,0,2562,scenario3
S1_reprodscen3_3,1000000,191818906624,384522,382638,0,2563,scenario3
S1_reprodscen3_3,1000000,191856113664,391000,389185,0,2564,scenario3
S1_reprodscen3_3,1000000,191942701568,400160,397076,0,2565,scenario3
S1_reprodscen3_3,1000000,191976960512,364358,362327,0,2566,scenario3
S1_reprodscen3_3,1000000,192013289728,367340,365443,0,2567,scenario3
S1_reprodscen3_3,1000000,192048791040,363380,361523,0,2568,scenario3
S1_reprodscen3_3,1000000,192141013760,367724,365800,0,2569,scenario3
S1_reprodscen3_3,1000000,192152320512,380440,378588,0,2570,scenario3
S1_reprodscen3_3,1000000,192180755200,384280,382351,0,2571,scenario3
S1_reprodscen3_3,1000000,192389189376,490390,487369,0,2572,scenario3
S1_reprodscen3_3,1000000,192545303552,364148,362350,0,2573,scenario3
S1_reprodscen3_3,1000000,192623936512,542523,539246,0,2574,scenario3
S1_reprodscen3_3,1000000,192649184768,386510,383350,0,2575,scenario3
S1_reprodscen3_3,1000000,192793291520,364077,362227,0,2576,scenario3
S1_reprodscen3_3,1000000,192872670720,363066,361285,0,2577,scenario3
S1_reprodscen3_3,1000000,192903005952,363610,361603,0,2578,scenario3
S1_reprodscen3_3,1000000,193099336704,371289,369441,0,2579,scenario3
S1_reprodscen3_3,1000000,193128842496,363437,361639,0,2580,scenario3
S1_reprodscen3_3,1000000,193206092032,363084,361166,0,2581,scenario3
S1_reprodscen3_3,1000000,193280469504,351816,349967,0,2582,scenario3
S1_reprodscen3_3,1000000,193384190464,442637,439545,0,2583,scenario3
S1_reprodscen3_3,1000000,193571149312,539845,536480,0,2584,scenario3
S1_reprodscen3_3,1000000,193633217024,394526,392778,0,2585,scenario3
S1_reprodscen3_3,1000000,193802378752,414102,412468,0,2586,scenario3
S1_reprodscen3_3,1000000,193803504896,449359,447799,0,2587,scenario3
S1_reprodscen3_3,1000000,193863802624,422732,421123,0,2588,scenario3
S1_reprodscen3_3,1000000,193923999488,419252,417676,0,2589,scenario3
S1_reprodscen3_3,1000000,193974324992,344417,342955,0,2590,scenario3
S1_reprodscen3_3,1000000,194105523456,562183,559328,0,2591,scenario3
S1_reprodscen3_3,1000000,194205014272,369750,368225,0,2592,scenario3
S1_reprodscen3_3,1000000,194418144512,343248,341879,0,2593,scenario3
S1_reprodscen3_3,1000000,194591755008,512486,509680,0,2594,scenario3
S1_reprodscen3_3,1000000,194777817856,386072,384526,0,2595,scenario3
S1_reprodscen3_3,1000000,194843873024,350634,348890,0,2596,scenario3
S1_reprodscen3_3,1000000,194908216832,365450,363960,0,2597,scenario3
S1_reprodscen3_3,1000000,194938709504,514366,511951,0,2598,scenario3
S1_reprodscen3_3,1000000,194944837376,393551,391974,0,2599,scenario3
S1_reprodscen3_3,1000000,195120251648,526026,523174,0,2600,scenario3
S1_reprodscen3_3,1000000,195178363392,333324,331894,0,2601,scenario3
S1_reprodscen3_3,1000000,195199067392,535413,532471,0,2602,scenario3
S1_reprodscen3_3,1000000,195388056064,333280,331825,0,2603,scenario3
S1_reprodscen3_3,1000000,195389278208,359324,357839,0,2604,scenario3
S1_reprodscen3_3,1000000,195653757952,334637,333051,0,2605,scenario3
S1_reprodscen3_3,1000000,195706115584,358861,357135,0,2606,scenario3
S1_reprodscen3_3,1000000,195849347840,334305,332702,0,2607,scenario3
S1_reprodscen3_3,1000000,195866835968,378495,376688,0,2608,scenario3
S1_reprodscen3_3,1000000,195950113536,334907,333259,0,2609,scenario3
S1_reprodscen3_3,1000000,196222545152,358459,356609,0,2610,scenario3
S1_reprodscen3_3,1000000,196281281024,568190,565106,0,2611,scenario3
S1_reprodscen3_3,1000000,196393225216,514403,511989,0,2612,scenario3
S1_reprodscen3_3,1000000,196489855488,422298,419257,0,2613,scenario3
S1_reprodscen3_3,1000000,196567922688,334933,333135,0,2614,scenario3
S1_reprodscen3_3,1000000,196602377984,469076,467334,0,2615,scenario3
S1_reprodscen3_3,1000000,196726593536,510338,507442,0,2616,scenario3
S1_reprodscen3_3,1000000,196761936640,335080,333390,0,2617,scenario3
S1_reprodscen3_3,1000000,196863335168,402064,400221,0,2618,scenario3
S1_reprodscen3_3,1000000,197106568704,386715,384911,0,2619,scenario3
S1_reprodscen3_3,1000000,197200893952,340527,338810,0,2620,scenario3
S1_reprodscen3_3,1000000,197458150912,356018,354309,0,2621,scenario3
S1_reprodscen3_3,1000000,197469675264,349999,348212,0,2622,scenario3
S1_reprodscen3_3,1000000,197511371520,572339,569217,0,2623,scenario3
S1_reprodscen3_3,1000000,197754497024,336454,334738,0,2624,scenario3
S1_reprodscen3_3,1000000,197895879424,335047,333390,0,2625,scenario3
S1_reprodscen3_3,1000000,197940038400,335735,333958,0,2626,scenario3
S1_reprodscen3_3,1000000,198096630528,371992,370254,0,2627,scenario3
S1_reprodscen3_3,1000000,198261874688,369916,367955,0,2628,scenario3
S1_reprodscen3_3,1000000,198283409920,346311,344518,0,2629,scenario3
S1_reprodscen3_3,1000000,198403003392,385453,383379,0,2630,scenario3
S1_reprodscen3_3,1000000,198562184960,376449,374636,0,2631,scenario3
S1_reprodscen3_3,1000000,198622342912,336360,334511,0,2632,scenario3
S1_reprodscen3_3,1000000,198749601280,335723,334084,0,2633,scenario3
S1_reprodscen3_3,1000000,198816130304,542749,540647,0,2634,scenario3
S1_reprodscen3_3,1000000,198847397632,466118,463581,0,2635,scenario3
S1_reprodscen3_3,1000000,199020994560,485465,482274,0,2636,scenario3
S1_reprodscen3_3,1000000,199284971520,366785,365410,0,2637,scenario3
S1_reprodscen3_3,1000000,199491169024,364321,362703,0,2638,scenario3
S1_reprodscen3_3,1000000,199506456064,332839,331492,0,2639,scenario3
S1_reprodscen3_3,1000000,199609825792,332896,331465,0,2640,scenario3
S1_reprodscen3_3,1000000,199710090752,333905,332495,0,2641,scenario3
S1_reprodscen3_3,1000000,199865477120,333202,331439,0,2642,scenario3
S1_reprodscen3_3,1000000,199877616384,332780,331406,0,2643,scenario3
S1_reprodscen3_3,1000000,200014040320,332898,331483,0,2644,scenario3
S1_reprodscen3_3,1000000,200037651968,501716,498853,0,2645,scenario3
S1_reprodscen3_3,1000000,200551581184,379968,378281,0,2646,scenario3
S1_reprodscen3_3,1000000,200602814720,333680,332170,0,2647,scenario3
S1_reprodscen3_3,1000000,200748185856,334772,333140,0,2648,scenario3
S1_reprodscen3_3,1000000,200853642752,365453,363799,0,2649,scenario3
S1_reprodscen3_3,1000000,200898841856,408787,406906,0,2650,scenario3
S1_reprodscen3_3,1000000,201017253376,351125,349477,0,2651,scenario3
S1_reprodscen3_3,1000000,201295633408,368908,366802,0,2652,scenario3
S1_reprodscen3_3,1000000,201430126592,359855,357996,0,2653,scenario3
S1_reprodscen3_3,1000000,201796437248,375303,373273,0,2654,scenario3
S1_reprodscen3_3,1000000,201841827840,458939,457090,0,2655,scenario3
S1_reprodscen3_3,1000000,201913368320,536893,533772,0,2656,scenario3
S1_reprodscen3_3,1000000,201917395456,403715,401697,0,2657,scenario3
S1_reprodscen3_3,1000000,202030787840,362113,360246,0,2658,scenario3
S1_reprodscen3_3,1000000,202264144640,367056,365233,0,2659,scenario3
S1_reprodscen3_3,1000000,202732622080,352719,350820,0,2660,scenario3
S1_reprodscen3_3,1000000,202739973888,361188,359382,0,2661,scenario3
S1_reprodscen3_3,1000000,202762098944,334650,332855,0,2662,scenario3
S1_reprodscen3_3,1000000,202899581952,387870,386193,0,2663,scenario3
S1_reprodscen3_3,1000000,202929900544,392753,390772,0,2664,scenario3
S1_reprodscen3_3,1000000,203018074368,335295,333685,0,2665,scenario3
S1_reprodscen3_3,1000000,203288606464,368802,367153,0,2666,scenario3
S1_reprodscen3_3,1000000,203420237568,504365,501418,0,2667,scenario3
S1_reprodscen3_3,1000000,203526560768,549101,545883,0,2668,scenario3
S1_reprodscen3_3,1000000,203624945920,469757,466732,0,2669,scenario3
S1_reprodscen3_3,1000000,204020987136,457198,454928,0,2670,scenario3
S1_reprodscen3_3,1000000,204036391168,370905,368999,0,2671,scenario3
S1_reprodscen3_3,1000000,204096760832,371227,369308,0,2672,scenario3
S1_reprodscen3_3,1000000,204265948672,377584,375739,0,2673,scenario3
S1_reprodscen3_3,1000000,204519459328,403114,401007,0,2674,scenario3
S1_reprodscen3_3,1000000,204588909568,405860,403847,0,2675,scenario3
S1_reprodscen3_3,1000000,204783021824,480730,478680,0,2676,scenario3
S1_reprodscen3_3,1000000,204858315008,369360,367435,0,2677,scenario3
S1_reprodscen3_3,1000000,204919581440,367255,365307,0,2678,scenario3
S1_reprodscen3_3,1000000,205118866432,364742,362940,0,2679,scenario3
S1_reprodscen3_3,1000000,205564182016,353854,351848,0,2680,scenario3
S1_reprodscen3_3,1000000,205610562816,363692,361931,0,2681,scenario3
S1_reprodscen3_3,1000000,205669866496,369457,367641,0,2682,scenario3
S1_reprodscen3_3,1000000,205733130752,352814,351041,0,2683,scenario3
S1_reprodscen3_3,1000000,205789621248,365179,363342,0,2684,scenario3
S1_reprodscen3_3,1000000,205968892928,362504,360691,0,2685,scenario3
S1_reprodscen3_3,1000000,206592345344,387746,385851,0,2686,scenario3
S1_reprodscen3_3,1000000,206616544768,390679,388784,0,2687,scenario3
S1_reprodscen3_3,1000000,206623762688,435857,433992,0,2688,scenario3
S1_reprodscen3_3,1000000,206723056896,389088,387165,0,2689,scenario3
S1_reprodscen3_3,1000000,207121378304,417571,415524,0,2690,scenario3
S1_reprodscen3_3,1000000,207166643456,351978,350067,0,2691,scenario3
S1_reprodscen3_3,1000000,207686930944,416620,414488,0,2692,scenario3
S1_reprodscen3_3,1000000,207765378560,364300,362407,0,2693,scenario3
S1_reprodscen3_3,1000000,207951627520,366259,364344,0,2694,scenario3
S1_reprodscen3_3,1000000,208088058880,363000,361129,0,2695,scenario3
S1_reprodscen3_3,1000000,208105330432,380073,378116,0,2696,scenario3
S1_reprodscen3_3,1000000,208263694080,385712,383921,0,2697,scenario3
S1_reprodscen3_3,1000000,208515971584,368217,366319,0,2698,scenario3
S1_reprodscen3_3,1000000,208850298368,388942,387209,0,2699,scenario3
S1_reprodscen3_3,1000000,208916364032,426725,425083,0,2700,scenario3
S1_reprodscen3_3,1000000,209220780800,458289,455879,0,2701,scenario3
S1_reprodscen3_3,1000000,209266910464,428492,426856,0,2702,scenario3
S1_reprodscen3_3,1000000,209500341760,371145,369729,0,2703,scenario3
S1_reprodscen3_3,1000000,209724722432,399647,398023,0,2704,scenario3
S1_reprodscen3_3,1000000,210147907072,359625,357938,0,2705,scenario3
S1_reprodscen3_3,1000000,210175087104,438106,436219,0,2706,scenario3
S1_reprodscen3_3,1000000,210281538560,349513,347856,0,2707,scenario3
S1_reprodscen3_3,1000000,210556124416,552821,550066,0,2708,scenario3
S1_reprodscen3_3,1000000,210571109632,344047,342568,0,2709,scenario3
S1_reprodscen3_3,1000000,210858341888,344461,342983,0,2710,scenario3
S1_reprodscen3_3,1000000,210992588288,421114,419540,0,2711,scenario3
S1_reprodscen3_3,1000000,211196062976,373152,371587,0,2712,scenario3
S1_reprodscen3_3,1000000,211466408448,344313,342871,0,2713,scenario3
S1_reprodscen3_3,1000000,211608682496,364540,362916,0,2714,scenario3
S1_reprodscen3_3,1000000,211684893184,368202,366649,0,2715,scenario3
S1_reprodscen3_3,1000000,212179285504,356780,354960,0,2716,scenario3
S1_reprodscen3_3,1000000,212305770496,380019,378411,0,2717,scenario3
S1_reprodscen3_3,1000000,212470934016,413387,411514,0,2718,scenario3
S1_reprodscen3_3,1000000,212599454720,415405,413457,0,2719,scenario3
S1_reprodscen3_3,1000000,213143775232,376889,374950,0,2720,scenario3
S1_reprodscen3_3,1000000,213182125056,374560,372674,0,2721,scenario3
S1_reprodscen3_3,1000000,213223563008,426826,424702,0,2722,scenario3
S1_reprodscen3_3,1000000,213518740224,380662,378479,0,2723,scenario3
S1_reprodscen3_3,1000000,213522968320,368606,366685,0,2724,scenario3
S1_reprodscen3_3,1000000,213633261312,351767,350087,0,2725,scenario3
S1_reprodscen3_3,1000000,213850697216,386443,384498,0,2726,scenario3
S1_reprodscen3_3,1000000,213930130944,371499,369611,0,2727,scenario3
S1_reprodscen3_3,1000000,214545285120,406215,404241,0,2728,scenario3
S1_reprodscen3_3,1000000,214548568320,381211,379368,0,2729,scenario3
S1_reprodscen3_3,1000000,214703353600,567165,564021,0,2730,scenario3
S1_reprodscen3_3,1000000,214817481984,362230,360392,0,2731,scenario3
S1_reprodscen3_3,1000000,215319891968,361979,360104,0,2732,scenario3
S1_reprodscen3_3,1000000,215498230784,351916,350198,0,2733,scenario3
S1_reprodscen3_3,1000000,215513584640,351741,349705,0,2734,scenario3
S1_reprodscen3_3,1000000,216093756928,376966,375161,0,2735,scenario3
S1_reprodscen3_3,1000000,216193315584,363535,361580,0,2736,scenario3
S1_reprodscen3_3,1000000,216220477952,351378,349520,0,2737,scenario3
S1_reprodscen3_3,1000000,216767926784,376175,374309,0,2738,scenario3
S1_reprodscen3_3,1000000,216852443648,536774,533672,0,2739,scenario3
S1_reprodscen3_3,1000000,216863806720,441092,438964,0,2740,scenario3
S1_reprodscen3_3,1000000,217165170176,556403,553352,0,2741,scenario3
S1_reprodscen3_3,1000000,217194452736,335485,333573,0,2742,scenario3
S1_reprodscen3_3,1000000,217664958720,571462,568381,0,2743,scenario3
S1_reprodscen3_3,1000000,217873938432,412464,410424,0,2744,scenario3
S1_reprodscen3_3,1000000,218011579648,517904,515843,0,2745,scenario3
S1_reprodscen3_3,1000000,218075740928,351829,349910,0,2746,scenario3
S1_reprodscen3_3,1000000,218086248192,408369,406352,0,2747,scenario3
S1_reprodscen3_3,1000000,218488560128,383961,382136,0,2748,scenario3
S1_reprodscen3_3,1000000,218733046528,367810,365979,0,2749,scenario3
S1_reprodscen3_3,1000000,218742351104,389825,387891,0,2750,scenario3
S1_reprodscen3_3,1000000,218785649152,362356,360526,0,2751,scenario3
S1_reprodscen3_3,1000000,219289055488,364347,362609,0,2752,scenario3
S1_reprodscen3_3,1000000,219670300672,360252,358478,0,2753,scenario3
S1_reprodscen3_3,1000000,219810747648,386365,384430,0,2754,scenario3
S1_reprodscen3_3,1000000,219927981824,374567,372762,0,2755,scenario3
S1_reprodscen3_3,1000000,219999472128,516391,513822,0,2756,scenario3
S1_reprodscen3_3,1000000,220080011520,362396,360527,0,2757,scenario3
S1_reprodscen3_3,1000000,221020390656,415465,413511,0,2758,scenario3
S1_reprodscen3_3,1000000,221031654656,429862,427986,0,2759,scenario3
S1_reprodscen3_3,1000000,221041276928,540799,537715,0,2760,scenario3
S1_reprodscen3_3,1000000,221163401216,376534,374614,0,2761,scenario3
S1_reprodscen3_3,1000000,221213711360,388143,386254,0,2762,scenario3
S1_reprodscen3_3,1000000,221568160768,352802,350764,0,2763,scenario3
S1_reprodscen3_3,1000000,221720503552,353764,351814,0,2764,scenario3
S1_reprodscen3_3,1000000,221942978048,547286,544940,0,2765,scenario3
S1_reprodscen3_3,1000000,222243257088,449893,448079,0,2766,scenario3
S1_reprodscen3_3,1000000,222243853824,448680,447262,0,2766,scenario3
S1_reprodscen3_3,1000000,222505644800,349124,343455,0,2768,scenario3
S1_reprodscen3_3,1000000,222789046528,416247,414420,0,2769,scenario3
S1_reprodscen3_3,1000000,222818361856,400518,398526,0,2770,scenario3
S1_reprodscen3_3,1000000,222942846464,348901,347178,0,2771,scenario3
S1_reprodscen3_3,1000000,223263076608,419888,417788,0,2772,scenario3
S1_reprodscen3_3,1000000,223734364928,399972,398187,0,2773,scenario3
S1_reprodscen3_3,1000000,224051569664,442541,440849,0,2774,scenario3
S1_reprodscen3_3,1000000,224121789184,434944,433317,0,2775,scenario3
S1_reprodscen3_3,1000000,224163082752,357788,356244,0,2776,scenario3
S1_reprodscen3_3,1000000,224186350848,377659,376035,0,2777,scenario3
S1_reprodscen3_3,1000000,224546697472,415367,413584,0,2778,scenario3
S1_reprodscen3_3,1000000,224574034688,333781,332343,0,2779,scenario3
S1_reprodscen3_3,1000000,224635435008,417960,416318,0,2780,scenario3
S1_reprodscen3_3,1000000,224830637312,355528,353963,0,2781,scenario3
S1_reprodscen3_3,1000000,225183964416,368854,367056,0,2782,scenario3
S1_reprodscen3_3,1000000,225451324928,347176,345369,0,2783,scenario3
S1_reprodscen3_3,1000000,225589539840,334802,332972,0,2784,scenario3
S1_reprodscen3_3,1000000,225770840320,334904,333100,0,2785,scenario3
S1_reprodscen3_3,1000000,225997247744,354268,352334,0,2786,scenario3
S1_reprodscen3_3,1000000,226234673664,403546,401472,0,2787,scenario3
S1_reprodscen3_3,1000000,226313918720,362712,360667,0,2788,scenario3
S1_reprodscen3_3,1000000,226955136768,383980,382021,0,2789,scenario3
S1_reprodscen3_3,1000000,227040320512,335595,333713,0,2790,scenario3
S1_reprodscen3_3,1000000,227126854400,339340,337513,0,2791,scenario3
S1_reprodscen3_3,1000000,227127792128,417997,415902,0,2791,scenario3
S1_reprodscen3_3,1000000,227146114048,335839,334093,0,2793,scenario3
S1_reprodscen3_3,1000000,227300272384,335375,333621,0,2794,scenario3
S1_reprodscen3_3,1000000,227472582912,338706,336966,0,2795,scenario3
S1_reprodscen3_3,1000000,227486936576,352782,350815,0,2796,scenario3
S1_reprodscen3_3,1000000,227564308480,370537,368632,0,2797,scenario3
S1_reprodscen3_3,1000000,227792718848,377227,375312,0,2798,scenario3
S1_reprodscen3_3,1000000,227920966144,381099,379230,0,2799,scenario3
S1_reprodscen3_3,1000000,228033363456,354781,352842,0,2800,scenario3
S1_reprodscen3_3,1000000,228467742720,471199,469204,0,2801,scenario3
S1_reprodscen3_3,1000000,228564078080,390983,388989,0,2802,scenario3
S1_reprodscen3_3,1000000,228613396480,352701,350949,0,2803,scenario3
S1_reprodscen3_3,1000000,228851698944,396369,394387,0,2804,scenario3
S1_reprodscen3_3,1000000,229055139072,401024,399208,0,2805,scenario3
S1_reprodscen3_3,1000000,229071446784,405289,399018,0,2806,scenario3
S1_reprodscen3_3,1000000,229467653120,387423,385587,0,2807,scenario3
S1_reprodscen3_3,1000000,229595945984,439312,437245,0,2808,scenario3
S1_reprodscen3_3,1000000,229751237888,386468,384488,0,2809,scenario3
S1_reprodscen3_3,1000000,229974328320,427026,424939,0,2810,scenario3
S1_reprodscen3_3,1000000,230135847424,352956,351084,0,2811,scenario3
S1_reprodscen3_3,1000000,230156116736,364754,362884,0,2812,scenario3
S1_reprodscen3_3,1000000,230220266752,429458,427535,0,2813,scenario3
S1_reprodscen3_3,1000000,230643619328,403112,401021,0,2814,scenario3
S1_reprodscen3_3,1000000,230707863552,422829,420868,0,2815,scenario3
S1_reprodscen3_3,1000000,230715338240,441081,439103,0,2816,scenario3
S1_reprodscen3_3,1000000,230863746560,479749,477314,0,2817,scenario3
S1_reprodscen3_3,1000000,231162880768,339583,329543,0,2818,scenario3
S1_reprodscen3_3,1000000,231164060928,382434,380762,0,2819,scenario3
S1_reprodscen3_3,1000000,231173289728,415552,413497,0,2820,scenario3
S1_reprodscen3_3,1000000,231549689088,378657,376720,0,2821,scenario3
S1_reprodscen3_3,1000000,231894009344,335556,333694,0,2822,scenario3
S1_reprodscen3_3,1000000,231950250496,397953,396053,0,2823,scenario3
S1_reprodscen3_3,1000000,231977607680,363696,361623,0,2824,scenario3
S1_reprodscen3_3,1000000,231984987136,388822,386963,0,2825,scenario3
S1_reprodscen3_3,1000000,232159338240,405510,403461,0,2826,scenario3
S1_reprodscen3_3,1000000,232169689088,334770,332933,0,2827,scenario3
S1_reprodscen3_3,1000000,232294949376,335856,333928,0,2828,scenario3
S1_reprodscen3_3,1000000,232524140544,384136,382185,0,2829,scenario3
S1_reprodscen3_3,1000000,232588589312,354800,352713,0,2830,scenario3
S1_reprodscen3_3,1000000,232699883008,335509,333753,0,2831,scenario3
S1_reprodscen3_3,1000000,232853132544,359011,357257,0,2832,scenario3
S1_reprodscen3_3,1000000,233105417216,400139,398468,0,2833,scenario3
S1_reprodscen3_3,1000000,233223677952,405564,403857,0,2834,scenario3
S1_reprodscen3_3,1000000,233334090752,389122,387548,0,2835,scenario3
S1_reprodscen3_3,1000000,233337489408,364836,363193,0,2836,scenario3
S1_reprodscen3_3,1000000,233584585728,332760,331346,0,2837,scenario3
S1_reprodscen3_3,1000000,233609015296,507672,505110,0,2838,scenario3
S1_reprodscen3_3,1000000,233643353344,425203,423576,0,2839,scenario3
S1_reprodscen3_3,1000000,233725506048,383264,370247,0,2840,scenario3
S1_reprodscen3_3,1000000,233912762112,434274,432447,0,2841,scenario3
S1_reprodscen3_3,1000000,234077018112,365309,363605,0,2842,scenario3
S1_reprodscen3_3,1000000,234101342464,333482,331981,0,2843,scenario3
S1_reprodscen3_3,1000000,234236747264,387605,385909,0,2844,scenario3
S1_reprodscen3_3,1000000,234550927872,333059,331589,0,2845,scenario3
S1_reprodscen3_3,1000000,234555286016,550598,548222,0,2846,scenario3
S1_reprodscen3_3,1000000,234598604032,353490,351910,0,2847,scenario3
S1_reprodscen3_3,1000000,234816960768,389665,387929,0,2848,scenario3
S1_reprodscen3_3,1000000,234829248512,377136,375355,0,2849,scenario3
S1_reprodscen3_3,1000000,234829790464,410792,409442,0,2849,scenario3
S1_reprodscen3_3,1000000,234835490304,510572,508808,0,2851,scenario3
S1_reprodscen3_3,1000000,234891740672,389297,387585,0,2852,scenario3
S1_reprodscen3_3,1000000,235087060224,363698,362111,0,2853,scenario3
S1_reprodscen3_3,1000000,235699421440,393529,391799,0,2854,scenario3
S1_reprodscen3_3,1000000,235763731456,439078,437287,0,2855,scenario3
S1_reprodscen3_3,1000000,235820067328,363437,361685,0,2856,scenario3
S1_reprodscen3_3,1000000,235934514944,362407,360757,0,2857,scenario3
S1_reprodscen3_3,1000000,235972746752,465029,451206,0,2858,scenario3
S1_reprodscen3_3,1000000,236000105216,430408,428643,0,2859,scenario3
S1_reprodscen3_3,1000000,236081474560,352609,350826,0,2860,scenario3
S1_reprodscen3_3,1000000,236103748608,469473,467401,0,2861,scenario3
S1_reprodscen3_3,1000000,236344068864,429015,427059,0,2862,scenario3
S1_reprodscen3_3,1000000,236563509504,426804,425049,0,2863,scenario3
S1_reprodscen3_3,1000000,236652818176,362660,360967,0,2864,scenario3
S1_reprodscen3_3,1000000,236680111104,407210,405518,0,2865,scenario3
S1_reprodscen3_3,1000000,236924393216,372767,370963,0,2866,scenario3
S1_reprodscen3_3,1000000,236957840384,363403,361638,0,2867,scenario3
S1_reprodscen3_3,1000000,237001085952,479801,477634,0,2868,scenario3
S1_reprodscen3_3,1000000,237025275904,373874,372107,0,2869,scenario3
S1_reprodscen3_3,1000000,237067743744,352874,350919,0,2870,scenario3
S1_reprodscen3_3,1000000,237136971520,389951,388062,0,2871,scenario3
S1_reprodscen3_3,1000000,237191360000,391849,389907,0,2872,scenario3
S1_reprodscen3_3,1000000,237734557184,438108,436118,0,2873,scenario3
S1_reprodscen3_3,1000000,237751952384,355860,354009,0,2874,scenario3
S1_reprodscen3_3,1000000,237809264896,369132,367231,0,2875,scenario3
S1_reprodscen3_3,1000000,237895773440,353284,351433,0,2876,scenario3
S1_reprodscen3_3,1000000,237934190848,389487,387348,0,2877,scenario3
S1_reprodscen3_3,1000000,238067482880,575672,573701,0,2878,scenario3
S1_reprodscen3_3,1000000,238077701888,348241,346636,0,2879,scenario3
S1_reprodscen3_3,1000000,238141004800,383781,382115,0,2880,scenario3
S1_reprodscen3_3,1000000,238250353920,350937,349364,0,2881,scenario3
S1_reprodscen3_3,1000000,238309735680,356379,354695,0,2882,scenario3
S1_reprodscen3_3,1000000,238335272448,466127,464052,0,2883,scenario3
S1_reprodscen3_3,1000000,238505508096,368202,366548,0,2884,scenario3
S1_reprodscen3_3,1000000,238649922560,387894,386025,0,2885,scenario3
S1_reprodscen3_3,1000000,238667049728,434145,432395,0,2886,scenario3
S1_reprodscen3_3,1000000,238672418048,429884,428153,0,2887,scenario3
S1_reprodscen3_3,1000000,238689547264,416429,414776,0,2888,scenario3
S1_reprodscen3_3,1000000,238770704384,374895,373290,0,2889,scenario3
S1_reprodscen3_3,1000000,238944020480,400106,398485,0,2890,scenario3
S1_reprodscen3_3,1000000,239212216576,405487,403804,0,2891,scenario3
S1_reprodscen3_3,1000000,239217458944,416615,414943,0,2892,scenario3
S1_reprodscen3_3,1000000,239269743360,409669,407931,0,2893,scenario3
S1_reprodscen3_3,1000000,239314022144,356965,355512,0,2894,scenario3
S1_reprodscen3_3,1000000,239557358848,332575,331157,0,2895,scenario3
S1_reprodscen3_3,1000000,239620670208,365440,363935,0,2896,scenario3
S1_reprodscen3_3,1000000,239703959296,333325,331888,0,2897,scenario3
S1_reprodscen3_3,1000000,239732296960,343220,341806,0,2898,scenario3
S1_reprodscen3_3,1000000,239870563072,401645,399944,0,2899,scenario3
S1_reprodscen3_3,1000000,239923939584,420285,418724,0,2900,scenario3
S1_reprodscen3_3,1000000,239941294080,367564,366060,0,2901,scenario3
S1_reprodscen3_3,1000000,239994480128,391304,389715,0,2902,scenario3
S1_reprodscen3_3,1000000,240063759872,393682,392053,0,2903,scenario3
S1_reprodscen3_3,1000000,240136965888,333214,331810,0,2904,scenario3
S1_reprodscen3_3,1000000,240164409088,360090,358544,0,2905,scenario3
S1_reprodscen3_3,1000000,240235732480,333053,331649,0,2906,scenario3
S1_reprodscen3_3,1000000,240568994816,346079,344600,0,2907,scenario3
S1_reprodscen3_3,1000000,240621299712,332908,331477,0,2908,scenario3
S1_reprodscen3_3,1000000,240758466304,417998,416286,0,2909,scenario3
S1_reprodscen3_3,1000000,240923847424,361077,359542,0,2910,scenario3
S1_reprodscen3_3,1000000,240958236928,332588,331161,0,2911,scenario3
S1_reprodscen3_3,1000000,241095479040,370831,369383,0,2912,scenario3
S1_reprodscen3_3,1000000,241107009024,388897,387429,0,2913,scenario3
S1_reprodscen3_3,1000000,241245091584,336731,335300,0,2914,scenario3
S1_reprodscen3_3,1000000,241274443520,358539,356950,0,2915,scenario3
S1_reprodscen3_3,1000000,241316814592,365254,363756,0,2916,scenario3
S1_reprodscen3_3,1000000,241360028416,420144,418509,0,2917,scenario3
S1_reprodscen3_3,1000000,241363357440,505841,503584,0,2918,scenario3
S1_reprodscen3_3,1000000,241664544512,449408,447778,0,2919,scenario3
S1_reprodscen3_3,1000000,241680721920,422380,420748,0,2920,scenario3
S1_reprodscen3_3,1000000,241727989504,375350,373666,0,2921,scenario3
S1_reprodscen3_3,1000000,241744301056,334189,332745,0,2922,scenario3
S1_reprodscen3_3,1000000,241781703680,461076,459294,0,2923,scenario3
S1_reprodscen3_3,1000000,241830983680,333675,332276,0,2924,scenario3
S1_reprodscen3_3,1000000,241849270272,334775,333319,0,2925,scenario3
S1_reprodscen3_3,1000000,241867541248,361990,360452,0,2926,scenario3
S1_reprodscen3_3,1000000,241871833856,356952,353394,0,2927,scenario3
S1_reprodscen3_3,1000000,241921983488,388766,387123,0,2928,scenario3
S1_reprodscen3_3,1000000,242285328896,469372,467717,0,2929,scenario3
S1_reprodscen3_3,1000000,242305537024,378002,363575,0,2930,scenario3
S1_reprodscen3_3,1000000,242344931328,408880,407252,0,2931,scenario3
S1_reprodscen3_3,1000000,242573291520,333721,332311,0,2932,scenario3
S1_reprodscen3_3,1000000,242574413312,343013,341667,0,2933,scenario3
S1_reprodscen3_3,1000000,242610819328,334329,332755,0,2934,scenario3
S1_reprodscen3_3,1000000,242674087680,333516,332064,0,2935,scenario3
S1_reprodscen3_3,1000000,242784416000,334113,332691,0,2936,scenario3
S1_reprodscen3_3,1000000,243095672064,350844,345290,0,2937,scenario3
S1_reprodscen3_3,1000000,243152960256,348775,347262,0,2938,scenario3
S1_reprodscen3_3,1000000,243165074944,446756,444939,0,2939,scenario3
S1_reprodscen3_3,1000000,243185428992,338733,337220,0,2940,scenario3
S1_reprodscen3_3,1000000,243186593536,389281,387766,0,2941,scenario3
S1_reprodscen3_3,1000000,243284080640,349145,347536,0,2942,scenario3
S1_reprodscen3_3,1000000,243327491840,391199,389527,0,2943,scenario3
S1_reprodscen3_3,1000000,243332520448,430579,428840,0,2944,scenario3
S1_reprodscen3_3,1000000,243385799424,351829,350188,0,2945,scenario3
S1_reprodscen3_3,1000000,243543081216,339919,338379,0,2946,scenario3
S1_reprodscen3_3,1000000,243592433408,349130,347572,0,2947,scenario3
S1_reprodscen3_3,1000000,243598826240,376886,375251,0,2948,scenario3
S1_reprodscen3_3,1000000,243668130304,334035,332457,0,2949,scenario3
S1_reprodscen3_3,1000000,243773426176,345679,344120,0,2950,scenario3
S1_reprodscen3_3,1000000,243854914304,334542,333071,0,2951,scenario3
S1_reprodscen3_3,1000000,243929083904,368476,366816,0,2952,scenario3
S1_reprodscen3_3,1000000,243941474560,369543,367897,0,2953,scenario3
S1_reprodscen3_3,1000000,244025725440,360086,358440,0,2954,scenario3
S1_reprodscen3_3,1000000,244166244096,478604,476855,0,2955,scenario3
S1_reprodscen3_3,1000000,244170378240,468011,465849,0,2956,scenario3
S1_reprodscen3_3,1000000,244217698560,354863,353227,0,2957,scenario3
S1_reprodscen3_3,1000000,244248016896,375059,373437,0,2958,scenario3
S1_reprodscen3_3,1000000,244289353984,352122,350535,0,2959,scenario3
S1_reprodscen3_3,1000000,244601587712,351651,350075,0,2960,scenario3
S1_reprodscen3_3,1000000,244839006464,351480,349874,0,2961,scenario3
S1_reprodscen3_3,1000000,244912266496,335441,333849,0,2962,scenario3
S1_reprodscen3_3,1000000,244963684608,335217,333588,0,2963,scenario3
S1_reprodscen3_3,1000000,245007989504,370054,368390,0,2964,scenario3
S1_reprodscen3_3,1000000,245055351296,402479,400699,0,2965,scenario3
S1_reprodscen3_3,1000000,245105499648,398918,397103,0,2966,scenario3
S1_reprodscen3_3,1000000,245121903616,363560,361847,0,2967,scenario3
S1_reprodscen3_3,1000000,245147220736,387060,385248,0,2968,scenario3
S1_reprodscen3_3,1000000,245198502144,442020,440245,0,2969,scenario3
S1_reprodscen3_3,1000000,245236691456,390926,389257,0,2970,scenario3
S1_reprodscen3_3,1000000,245238903552,372933,371150,0,2971,scenario3
S1_reprodscen3_3,1000000,245291203072,402993,401095,0,2972,scenario3
S1_reprodscen3_3,1000000,245298520832,387165,385308,0,2973,scenario3
S1_reprodscen3_3,1000000,245361756928,384133,382374,0,2974,scenario3
S1_reprodscen3_3,1000000,245519941632,394699,392947,0,2975,scenario3
S1_reprodscen3_3,1000000,245696214784,412037,410342,0,2976,scenario3
S1_reprodscen3_3,1000000,245816594432,415515,413776,0,2977,scenario3
S1_reprodscen3_3,1000000,245821790976,429003,427297,0,2978,scenario3
S1_reprodscen3_3,1000000,245917012224,429087,427321,0,2979,scenario3
S1_reprodscen3_3,1000000,245927418112,435026,433164,0,2980,scenario3
S1_reprodscen3_3,1000000,245929665792,428374,426577,0,2981,scenario3
S1_reprodscen3_3,1000000,245947100416,352275,350592,0,2982,scenario3
S1_reprodscen3_3,1000000,245992302848,335759,334103,0,2983,scenario3
S1_reprodscen3_3,1000000,245998930688,509860,507902,0,2984,scenario3
S1_reprodscen3_3,1000000,246032866560,408214,406487,0,2985,scenario3
S1_reprodscen3_3,1000000,246037171712,457128,455294,0,2986,scenario3
S1_reprodscen3_3,1000000,246057484800,334885,333292,0,2987,scenario3
S1_reprodscen3_3,1000000,246063874304,424639,422797,0,2988,scenario3
S1_reprodscen3_3,1000000,246264113408,426600,424830,0,2989,scenario3
S1_reprodscen3_3,1000000,246311757824,568943,567016,0,2990,scenario3
S1_reprodscen3_3,1000000,246513777920,445070,443148,0,2991,scenario3
S1_reprodscen3_3,1000000,246516078848,458923,457130,0,2992,scenario3
S1_reprodscen3_3,1000000,246690531840,483574,481940,0,2993,scenario3
S1_reprodscen3_3,1000000,246733770752,361020,359482,0,2994,scenario3
S1_reprodscen3_3,1000000,246743973632,415140,413371,0,2995,scenario3
S1_reprodscen3_3,1000000,246771344640,417411,415611,0,2996,scenario3
S1_reprodscen3_3,1000000,246813583872,333918,332393,0,2997,scenario3
S1_reprodscen3_3,1000000,246858910720,482845,481115,0,2998,scenario3
S1_reprodscen3_3,1000000,246934188032,386626,384997,0,2999,scenario3
S1_reprodscen3_3,1000000,246970608384,362705,361087,0,3000,scenario3
S1_reprodscen3_3,1000000,247056914432,404587,402902,0,3001,scenario3
S1_reprodscen3_3,1000000,247094122496,417947,415821,0,3002,scenario3
S1_reprodscen3_3,1000000,247110497280,334223,332697,0,3003,scenario3
S1_reprodscen3_3,1000000,247115750656,350227,348611,0,3004,scenario3
S1_reprodscen3_3,1000000,247116814336,412462,410858,0,3005,scenario3
S1_reprodscen3_3,1000000,247412076544,421600,415076,0,3006,scenario3
S1_reprodscen3_3,1000000,247537470464,419887,418049,0,3007,scenario3
S1_reprodscen3_3,1000000,247565899264,387724,385813,0,3008,scenario3
S1_reprodscen3_3,1000000,247625168640,386968,385137,0,3009,scenario3
S1_reprodscen3_3,1000000,247845492992,431094,429179,0,3010,scenario3
S1_reprodscen3_3,1000000,247877713408,408630,395051,0,3011,scenario3
S1_reprodscen3_3,1000000,247884957440,425961,424118,0,3012,scenario3
S1_reprodscen3_3,1000000,247955262208,439544,437604,0,3013,scenario3
S1_reprodscen3_3,1000000,247967586048,472499,470419,0,3014,scenario3
S1_reprodscen3_3,1000000,247984724736,440534,438571,0,3015,scenario3
S1_reprodscen3_3,1000000,247992028160,418594,416752,0,3016,scenario3
S1_reprodscen3_3,1000000,248135426560,448858,447010,0,3017,scenario3
S1_reprodscen3_3,1000000,248232652032,412338,410430,0,3018,scenario3
S1_reprodscen3_3,1000000,248265960192,334039,332318,0,3019,scenario3
S1_reprodscen3_3,1000000,248276330752,369279,367539,0,3020,scenario3
S1_reprodscen3_3,1000000,248304714752,349272,347475,0,3021,scenario3
S1_reprodscen3_3,1000000,248359030016,428705,426817,0,3022,scenario3
S1_reprodscen3_3,1000000,248399312896,346974,345129,0,3023,scenario3
S1_reprodscen3_3,1000000,248545751808,371490,369734,0,3024,scenario3
S1_reprodscen3_3,1000000,248551057408,513907,511693,0,3025,scenario3
S1_reprodscen3_3,1000000,248559466752,435242,433154,0,3026,scenario3
S1_reprodscen3_3,1000000,248750818560,386051,384232,0,3027,scenario3
S1_reprodscen3_3,1000000,248782143744,389523,387771,0,3028,scenario3
S1_reprodscen3_3,1000000,248786444032,389462,387621,0,3029,scenario3
S1_reprodscen3_3,1000000,248812706304,464063,462077,0,3030,scenario3
S1_reprodscen3_3,1000000,248958186752,363845,362026,0,3031,scenario3
S1_reprodscen3_3,1000000,249015599360,491651,488462,0,3032,scenario3
S1_reprodscen3_3,1000000,249040858112,362723,360910,0,3033,scenario3
S1_reprodscen3_3,1000000,249057023744,435553,433709,0,3034,scenario3
S1_reprodscen3_3,1000000,249094419712,368095,366229,0,3035,scenario3
S1_reprodscen3_3,1000000,249097738240,381548,379712,0,3036,scenario3
S1_reprodscen3_3,1000000,249159040512,339302,337580,0,3037,scenario3
S1_reprodscen3_3,1000000,249172288256,444081,442186,0,3038,scenario3
S1_reprodscen3_3,1000000,249284547584,369985,368272,0,3039,scenario3
S1_reprodscen3_3,1000000,249318912256,333936,332387,0,3040,scenario3
S1_reprodscen3_3,1000000,249345252352,523438,521013,0,3041,scenario3
S1_reprodscen3_3,1000000,249536521984,397118,395143,0,3042,scenario3
S1_reprodscen3_3,1000000,249570823424,423181,421144,0,3043,scenario3
S1_reprodscen3_3,1000000,249607132416,468328,465701,0,3044,scenario3
S1_reprodscen3_3,1000000,249648171776,378812,377109,0,3045,scenario3
S1_reprodscen3_3,1000000,249778597120,390524,388959,0,3046,scenario3
S1_reprodscen3_3,1000000,249790897920,368309,366612,0,3047,scenario3
S1_reprodscen3_3,1000000,249795184128,441662,439477,0,3048,scenario3
S1_reprodscen3_3,1000000,249822440704,378529,376870,0,3049,scenario3
S1_reprodscen3_3,1000000,249950824704,349961,348392,0,3050,scenario3
S1_reprodscen3_3,1000000,250013095168,371609,370035,0,3051,scenario3
S1_reprodscen3_3,1000000,250080547840,369122,367480,0,3052,scenario3
S1_reprodscen3_3,1000000,250103825152,388950,374565,0,3053,scenario3
S1_reprodscen3_3,1000000,250140044288,444532,442819,0,3054,scenario3
S1_reprodscen3_3,1000000,250177409024,351024,349432,0,3055,scenario3
S1_reprodscen3_3,1000000,250247760896,446220,444488,0,3056,scenario3
S1_reprodscen3_3,1000000,250263852800,403587,401910,0,3057,scenario3
S1_reprodscen3_3,1000000,250286237184,350582,349000,0,3058,scenario3
S1_reprodscen3_3,1000000,250423586560,392180,390539,0,3059,scenario3
S1_reprodscen3_3,1000000,250552736768,420993,419283,0,3060,scenario3
S1_reprodscen3_3,1000000,250680020992,431556,429524,0,3061,scenario3
S1_reprodscen3_3,1000000,250718360064,351068,349490,0,3062,scenario3
S1_reprodscen3_3,1000000,250722563840,421832,420281,0,3063,scenario3
S1_reprodscen3_3,1000000,250741981696,365249,363640,0,3064,scenario3
S1_reprodscen3_3,1000000,250800235008,378229,376576,0,3065,scenario3
S1_reprodscen3_3,1000000,250807647232,368272,366614,0,3066,scenario3
S1_reprodscen3_3,1000000,250848879104,344011,342579,0,3067,scenario3
S1_reprodscen3_3,1000000,250923215104,360394,358911,0,3068,scenario3
S1_reprodscen3_3,1000000,250981507840,396355,394723,0,3069,scenario3
S1_reprodscen3_3,1000000,250983691264,417917,416185,0,3070,scenario3
S1_reprodscen3_3,1000000,251025964032,380759,379201,0,3071,scenario3
S1_reprodscen3_3,1000000,251043294720,365689,364158,0,3072,scenario3
S1_reprodscen3_3,1000000,251049391104,419653,417975,0,3073,scenario3
S1_reprodscen3_3,1000000,251110566144,427558,425926,0,3074,scenario3
S1_reprodscen3_3,1000000,251214936064,400493,398885,0,3075,scenario3
S1_reprodscen3_3,1000000,251284329728,350994,344891,0,3076,scenario3
S1_reprodscen3_3,1000000,251355712768,349621,344047,0,3077,scenario3
S1_reprodscen3_3,1000000,251390853120,414234,412579,0,3078,scenario3
S1_reprodscen3_3,1000000,251564203008,345419,343935,0,3079,scenario3
S1_reprodscen3_3,1000000,251732550400,349256,347766,0,3080,scenario3
S1_reprodscen3_3,1000000,251810026752,461829,460204,0,3081,scenario3
S1_reprodscen3_3,1000000,251873975296,437855,436183,0,3082,scenario3
S1_reprodscen3_3,1000000,251903484416,424183,410201,0,3083,scenario3
S1_reprodscen3_3,1000000,251938734336,442970,441258,0,3084,scenario3
S1_reprodscen3_3,1000000,251969834240,415747,414180,0,3085,scenario3
S1_reprodscen3_3,1000000,252000091136,440759,439058,0,3086,scenario3
S1_reprodscen3_3,1000000,252097304576,421280,419571,0,3087,scenario3
S1_reprodscen3_3,1000000,252175631104,463055,461066,0,3088,scenario3
S1_reprodscen3_3,1000000,252179773952,425214,423533,0,3089,scenario3
S1_reprodscen3_3,1000000,252197996288,442907,441250,0,3090,scenario3
S1_reprodscen3_3,1000000,252224415744,370264,368758,0,3091,scenario3
S1_reprodscen3_3,1000000,252283724544,378042,376531,0,3092,scenario3
S1_reprodscen3_3,1000000,252284289792,441900,429075,0,3092,scenario3
S1_reprodscen3_3,1000000,252286910464,424748,423144,0,3094,scenario3
S1_reprodscen3_3,1000000,252294154240,425058,423445,0,3095,scenario3
S1_reprodscen3_3,1000000,252315406080,452190,450472,0,3096,scenario3
S1_reprodscen3_3,1000000,252321522688,450091,448412,0,3097,scenario3
S1_reprodscen3_3,1000000,252440783104,437529,435899,0,3098,scenario3
S1_reprodscen3_3,1000000,252711005696,430706,429044,0,3099,scenario3
S1_reprodscen3_3,1000000,252712306688,437471,435880,0,3100,scenario3
S1_reprodscen3_3,1000000,252713130240,586090,583840,0,3100,scenario3
S1_reprodscen3_3,1000000,252782573568,446316,444619,0,3102,scenario3
S1_reprodscen3_3,1000000,252812880384,332528,331137,0,3103,scenario3
S1_reprodscen3_3,1000000,252863073536,406178,404462,0,3104,scenario3
S1_reprodscen3_3,1000000,252952334848,377034,375512,0,3105,scenario3
S1_reprodscen3_3,1000000,252968844288,341765,340462,0,3106,scenario3
S1_reprodscen3_3,1000000,252976950272,405303,403678,0,3107,scenario3
S1_reprodscen3_3,1000000,253043407360,456906,442486,0,3108,scenario3
S1_reprodscen3_3,1000000,253044400896,425128,423612,0,3109,scenario3
S1_reprodscen3_3,1000000,253053678080,451644,449819,0,3110,scenario3
S1_reprodscen3_3,1000000,253136016640,345296,343843,0,3111,scenario3
S1_reprodscen3_3,1000000,253183277824,410187,408652,0,3112,scenario3
S1_reprodscen3_3,1000000,253206482944,420101,418457,0,3113,scenario3
S1_reprodscen3_3,1000000,253299895296,371815,370296,0,3114,scenario3
S1_reprodscen3_3,1000000,253338022912,411853,410182,0,3115,scenario3
S1_reprodscen3_3,1000000,253360301568,401602,399956,0,3116,scenario3
S1_reprodscen3_3,1000000,253382551296,347175,345627,0,3117,scenario3
S1_reprodscen3_3,1000000,253434853888,397290,395751,0,3118,scenario3
S1_reprodscen3_3,1000000,253566052864,399406,397816,0,3119,scenario3
S1_reprodscen3_3,1000000,253587404032,493332,490921,0,3120,scenario3
S1_reprodscen3_3,1000000,253670472704,414957,413185,0,3121,scenario3
S1_reprodscen3_3,1000000,253682681344,425023,423293,0,3122,scenario3
S1_reprodscen3_3,1000000,253693902080,441847,440042,0,3123,scenario3
S1_reprodscen3_3,1000000,253700018176,419048,417348,0,3124,scenario3
S1_reprodscen3_3,1000000,253705329664,426506,424712,0,3125,scenario3
S1_reprodscen3_3,1000000,253738464768,446772,445067,0,3126,scenario3
S1_reprodscen3_3,1000000,253788674560,457053,455271,0,3127,scenario3
S1_reprodscen3_3,1000000,253806810112,408691,407015,0,3128,scenario3
S1_reprodscen3_3,1000000,253877186304,332588,331167,0,3129,scenario3
S1_reprodscen3_3,1000000,254056395776,416849,415104,0,3130,scenario3
S1_reprodscen3_3,1000000,254075689216,428742,422808,0,3131,scenario3
S1_reprodscen3_3,1000000,254121230336,413285,411585,0,3132,scenario3
S1_reprodscen3_3,1000000,254128218112,433306,431578,0,3133,scenario3
S1_reprodscen3_3,1000000,254132347136,335968,334492,0,3134,scenario3
S1_reprodscen3_3,1000000,254221828352,370877,369276,0,3135,scenario3
S1_reprodscen3_3,1000000,254255999488,363875,362311,0,3136,scenario3
S1_reprodscen3_3,1000000,254384368896,363499,361925,0,3137,scenario3
S1_reprodscen3_3,1000000,254396672768,415353,413655,0,3138,scenario3
S1_reprodscen3_3,1000000,254401023488,351205,349668,0,3139,scenario3
S1_reprodscen3_3,1000000,254580220160,362606,361068,0,3140,scenario3
S1_reprodscen3_3,1000000,254582446848,454789,452926,0,3141,scenario3
S1_reprodscen3_3,1000000,254587567360,429535,427734,0,3142,scenario3
S1_reprodscen3_3,1000000,254654865664,344116,342587,0,3143,scenario3
S1_reprodscen3_3,1000000,254743204864,359814,358200,0,3144,scenario3
S1_reprodscen3_3,1000000,254761377024,369069,367481,0,3145,scenario3
S1_reprodscen3_3,1000000,254857508096,376693,375066,0,3146,scenario3
S1_reprodscen3_3,1000000,254938935552,443828,442193,0,3147,scenario3
S1_reprodscen3_3,1000000,254982078208,376037,374359,0,3148,scenario3
S1_reprodscen3_3,1000000,254986313216,364843,363312,0,3149,scenario3
S1_reprodscen3_3,1000000,254999790336,361460,359826,0,3150,scenario3
S1_reprodscen3_3,1000000,255018924288,333820,332331,0,3151,scenario3
S1_reprodscen3_3,1000000,255031311104,379943,378312,0,3152,scenario3
S1_reprodscen3_3,1000000,255056482304,380380,378821,0,3153,scenario3
S1_reprodscen3_3,1000000,255102708224,333455,331914,0,3154,scenario3
S1_reprodscen3_3,1000000,255150015488,362837,361335,0,3155,scenario3
S1_reprodscen3_3,1000000,255222169600,371054,369553,0,3156,scenario3
S1_reprodscen3_3,1000000,255296579584,333808,332458,0,3157,scenario3
S1_reprodscen3_3,1000000,255320736768,351374,349851,0,3158,scenario3
S1_reprodscen3_3,1000000,255407089152,385985,384361,0,3159,scenario3
S1_reprodscen3_3,1000000,255424249856,507765,505427,0,3160,scenario3
S1_reprodscen3_3,1000000,255436449024,338727,337317,0,3161,scenario3
S1_reprodscen3_3,1000000,255570612992,460859,458882,0,3162,scenario3
S1_reprodscen3_3,1000000,255637943040,524095,521971,0,3163,scenario3
S1_reprodscen3_3,1000000,255703267328,372330,370728,0,3164,scenario3
S1_reprodscen3_3,1000000,255712468736,372508,371009,0,3165,scenario3
S1_reprodscen3_3,1000000,255721746688,377864,376267,0,3166,scenario3
S1_reprodscen3_3,1000000,255781234944,333708,332340,0,3167,scenario3
S1_reprodscen3_3,1000000,255794601728,439175,437486,0,3168,scenario3
S1_reprodscen3_3,1000000,255799666688,465350,463713,0,3169,scenario3
S1_reprodscen3_3,1000000,255824884736,363673,362069,0,3170,scenario3
S1_reprodscen3_3,1000000,255826037504,438998,437562,0,3171,scenario3
S1_reprodscen3_3,1000000,255827038208,408166,406660,0,3172,scenario3
S1_reprodscen3_3,1000000,255865430016,401971,400374,0,3173,scenario3
S1_reprodscen3_3,1000000,255893726720,371522,369986,0,3174,scenario3
S1_reprodscen3_3,1000000,255948055040,333650,332276,0,3175,scenario3
S1_reprodscen3_3,1000000,256149335296,359720,358089,0,3176,scenario3
S1_reprodscen3_3,1000000,256243683072,333745,332429,0,3177,scenario3
S1_reprodscen3_3,1000000,256288777216,429234,427521,0,3178,scenario3
S1_reprodscen3_3,1000000,256333126400,348309,342627,0,3179,scenario3
S1_reprodscen3_3,1000000,256340283904,400251,398558,0,3180,scenario3
S1_reprodscen3_3,1000000,256342607360,373692,372115,0,3181,scenario3
S1_reprodscen3_3,1000000,256402939648,335839,334350,0,3182,scenario3
S1_reprodscen3_3,1000000,256459280896,450354,448681,0,3183,scenario3
S1_reprodscen3_3,1000000,256603636736,333534,332114,0,3184,scenario3
S1_reprodscen3_3,1000000,256607739392,376805,375266,0,3185,scenario3
S1_reprodscen3_3,1000000,256677168896,336546,335084,0,3186,scenario3
S1_reprodscen3_3,1000000,256677905408,596396,594342,0,3186,scenario3
S1_reprodscen3_3,1000000,256680248576,395930,394247,0,3188,scenario3
S1_reprodscen3_3,1000000,256682751488,485822,484151,0,3189,scenario3
S1_reprodscen3_3,1000000,256689796352,360766,359230,0,3190,scenario3
S1_reprodscen3_3,1000000,256719149056,334415,333015,0,3191,scenario3
S1_reprodscen3_3,1000000,256729426432,430811,429112,0,3192,scenario3
S1_reprodscen3_3,1000000,256738519808,385597,384029,0,3193,scenario3
S1_reprodscen3_3,1000000,256769766144,527445,525081,0,3194,scenario3
S1_reprodscen3_3,1000000,256844856320,391026,389422,0,3195,scenario3
S1_reprodscen3_3,1000000,256845951744,413186,411782,0,3196,scenario3
S1_reprodscen3_3,1000000,256921198080,394437,392851,0,3197,scenario3
S1_reprodscen3_3,1000000,256967467264,461804,459907,0,3198,scenario3
S1_reprodscen3_3,1000000,256971664384,460221,458707,0,3199,scenario3
S1_reprodscen3_3,1000000,256986836480,416428,414777,0,3200,scenario3
S1_reprodscen3_3,1000000,257032014336,399938,398320,0,3201,scenario3
S1_reprodscen3_3,1000000,257064401152,479718,472827,0,3202,scenario3
S1_reprodscen3_3,1000000,257135675648,333275,331826,0,3203,scenario3
S1_reprodscen3_3,1000000,257181816576,410949,409274,0,3204,scenario3
S1_reprodscen3_3,1000000,257292168704,345147,343700,0,3205,scenario3
S1_reprodscen3_3,1000000,257311456768,429021,427243,0,3206,scenario3
S1_reprodscen3_3,1000000,257577884928,487006,485305,0,3207,scenario3
S1_reprodscen3_3,1000000,257582888704,434252,432541,0,3208,scenario3
S1_reprodscen3_3,1000000,257660297984,400847,399224,0,3209,scenario3
S1_reprodscen3_3,1000000,257746551296,345147,343658,0,3210,scenario3
S1_reprodscen3_3,1000000,257764897792,379636,378030,0,3211,scenario3
S1_reprodscen3_3,1000000,257774101248,424134,417805,0,3212,scenario3
S1_reprodscen3_3,1000000,257835607040,435540,433764,0,3213,scenario3
S1_reprodscen3_3,1000000,257852621056,434946,433354,0,3214,scenario3
S1_reprodscen3_3,1000000,257909858048,447563,445905,0,3215,scenario3
S1_reprodscen3_3,1000000,257955157504,448189,446573,0,3216,scenario3
S1_reprodscen3_3,1000000,257969387776,422359,420720,0,3217,scenario3
S1_reprodscen3_3,1000000,257973808128,440567,438959,0,3218,scenario3
S1_reprodscen3_3,1000000,258043082752,371527,369966,0,3219,scenario3
S1_reprodscen3_3,1000000,258046302464,419766,418187,0,3220,scenario3
S1_reprodscen3_3,1000000,258062579456,398422,396760,0,3221,scenario3
S1_reprodscen3_3,1000000,258142878976,466506,464714,0,3222,scenario3
S1_reprodscen3_3,1000000,258158134272,349577,348086,0,3223,scenario3
S1_reprodscen3_3,1000000,258179462144,360366,358848,0,3224,scenario3
S1_reprodscen3_3,1000000,258281831424,361445,359921,0,3225,scenario3
S1_reprodscen3_3,1000000,258299105536,529361,527624,0,3226,scenario3
S1_reprodscen3_3,1000000,258304338176,489357,487582,0,3227,scenario3
S1_reprodscen3_3,1000000,258363544064,407272,405788,0,3228,scenario3
S1_reprodscen3_3,1000000,258396855808,397159,395554,0,3229,scenario3
S1_reprodscen3_3,1000000,258465129984,361309,359792,0,3230,scenario3
S1_reprodscen3_3,1000000,258592518912,363668,362168,0,3231,scenario3
S1_reprodscen3_3,1000000,258594817536,412087,410425,0,3232,scenario3
S1_reprodscen3_3,1000000,258599977728,453361,451540,0,3233,scenario3
S1_reprodscen3_3,1000000,258657378048,405140,403539,0,3234,scenario3
S1_reprodscen3_3,1000000,258666499072,446438,444773,0,3235,scenario3
S1_reprodscen3_3,1000000,258704811776,483679,481334,0,3236,scenario3
S1_reprodscen3_3,1000000,258710889728,444794,443138,0,3237,scenario3
S1_reprodscen3_3,1000000,258793140736,430757,429095,0,3238,scenario3
S1_reprodscen3_3,1000000,258806397952,448588,446583,0,3239,scenario3
S1_reprodscen3_3,1000000,258821646336,419976,418362,0,3240,scenario3
S1_reprodscen3_3,1000000,258832829440,419678,417999,0,3241,scenario3
S1_reprodscen3_3,1000000,258864150016,425652,424016,0,3242,scenario3
S1_reprodscen3_3,1000000,258878342912,393868,392299,0,3243,scenario3
S1_reprodscen3_3,1000000,258902537984,416497,414877,0,3244,scenario3
S1_reprodscen3_3,1000000,258984968448,372872,371379,0,3245,scenario3
S1_reprodscen3_3,1000000,258995176192,395463,393841,0,3246,scenario3
S1_reprodscen3_3,1000000,259012359680,418960,417279,0,3247,scenario3
S1_reprodscen3_3,1000000,259088756992,390434,388845,0,3248,scenario3
S1_reprodscen3_3,1000000,259108162048,456249,453651,0,3249,scenario3
S1_reprodscen3_3,1000000,259250299136,389408,387819,0,3250,scenario3
S1_reprodscen3_3,1000000,259306599936,384611,382923,0,3251,scenario3
S1_reprodscen3_3,1000000,259336815616,379266,377485,0,3252,scenario3
S1_reprodscen3_3,1000000,259364011008,438268,436516,0,3253,scenario3
S1_reprodscen3_3,1000000,259405261824,430978,429220,0,3254,scenario3
S1_reprodscen3_3,1000000,259581543168,370073,368232,0,3255,scenario3
S1_reprodscen3_3,1000000,259620763392,424547,422877,0,3256,scenario3
S1_reprodscen3_3,1000000,259644076032,344962,343510,0,3257,scenario3
S1_reprodscen3_3,1000000,259649438208,471777,470233,0,3258,scenario3
S1_reprodscen3_3,1000000,259724739584,528401,526676,0,3259,scenario3
S1_reprodscen3_3,1000000,259726807552,414804,413162,0,3260,scenario3
S1_reprodscen3_3,1000000,259774203904,406796,405258,0,3261,scenario3
S1_reprodscen3_3,1000000,259867398144,450386,448603,0,3262,scenario3
S1_reprodscen3_3,1000000,259931866112,360843,359364,0,3263,scenario3
S1_reprodscen3_3,1000000,259974897664,406683,405166,0,3264,scenario3
S1_reprodscen3_3,1000000,260069153536,407658,406041,0,3265,scenario3
S1_reprodscen3_3,1000000,260082300928,389478,387894,0,3266,scenario3
S1_reprodscen3_3,1000000,260124546560,344989,343492,0,3267,scenario3
S1_reprodscen3_3,1000000,260132739840,415272,413671,0,3268,scenario3
S1_reprodscen3_3,1000000,260188978176,449598,447966,0,3269,scenario3
S1_reprodscen3_3,1000000,260268219648,418783,417079,0,3270,scenario3
S1_reprodscen3_3,1000000,260270437632,419657,418004,0,3271,scenario3
S1_reprodscen3_3,1000000,260300847872,377132,375632,0,3272,scenario3
S1_reprodscen3_3,1000000,260306974464,390425,388892,0,3273,scenario3
S1_reprodscen3_3,1000000,260344243712,400620,399008,0,3274,scenario3
S1_reprodscen3_3,1000000,260354497024,480333,478388,0,3275,scenario3
S1_reprodscen3_3,1000000,260356663808,426109,424349,0,3276,scenario3
S1_reprodscen3_3,1000000,260364892928,415505,401890,0,3277,scenario3
S1_reprodscen3_3,1000000,260395120640,365829,364268,0,3278,scenario3
S1_reprodscen3_3,1000000,260408534272,454035,452424,0,3279,scenario3
S1_reprodscen3_3,1000000,260656778496,384557,382836,0,3280,scenario3
S1_reprodscen3_3,1000000,260661901568,413212,411595,0,3281,scenario3
S1_reprodscen3_3,1000000,260663073792,425196,423645,0,3282,scenario3
S1_reprodscen3_3,1000000,260701320960,419459,417775,0,3283,scenario3
S1_reprodscen3_3,1000000,260757683712,344991,343407,0,3284,scenario3
S1_reprodscen3_3,1000000,260759903232,406807,405221,0,3285,scenario3
S1_reprodscen3_3,1000000,260773221888,409329,407646,0,3286,scenario3
S1_reprodscen3_3,1000000,260779579648,397934,396339,0,3287,scenario3
S1_reprodscen3_3,1000000,260780170240,447302,445926,0,3287,scenario3
S1_reprodscen3_3,1000000,260882801920,390062,388469,0,3289,scenario3
S1_reprodscen3_3,1000000,260890083072,398618,396931,0,3290,scenario3
S1_reprodscen3_3,1000000,260890656000,428142,426865,0,3290,scenario3
S1_reprodscen3_3,1000000,260900271360,430123,428424,0,3292,scenario3
S1_reprodscen3_3,1000000,260921441280,428658,426980,0,3293,scenario3
S1_reprodscen3_3,1000000,261048743424,495958,494142,0,3294,scenario3
S1_reprodscen3_3,1000000,261050926848,380263,378733,0,3295,scenario3
S1_reprodscen3_3,1000000,261144164352,515280,513084,0,3296,scenario3
S1_reprodscen3_3,1000000,261162254336,423624,421961,0,3297,scenario3
S1_reprodscen3_3,1000000,261183547136,443785,442040,0,3298,scenario3
S1_reprodscen3_3,1000000,261191837696,483703,482007,0,3299,scenario3
S1_reprodscen3_3,1000000,261280993280,382845,381240,0,3300,scenario3
S1_reprodscen3_3,1000000,261300265216,332615,331187,0,3301,scenario3
S1_reprodscen3_3,1000000,261323617536,382413,380865,0,3302,scenario3
S1_reprodscen3_3,1000000,261393864704,433781,432144,0,3303,scenario3
S1_reprodscen3_3,1000000,261447224064,549990,548184,0,3304,scenario3
S1_reprodscen3_3,1000000,261465243392,465431,463747,0,3305,scenario3
S1_reprodscen3_3,1000000,261595592192,361963,360394,0,3306,scenario3
S1_reprodscen3_3,1000000,261609932800,345430,343944,0,3307,scenario3
S1_reprodscen3_3,1000000,261651181824,420591,418816,0,3308,scenario3
S1_reprodscen3_3,1000000,261681515520,345174,343634,0,3309,scenario3
S1_reprodscen3_3,1000000,261710757888,420346,418630,0,3310,scenario3
S1_reprodscen3_3,1000000,261732171008,369440,367867,0,3311,scenario3
S1_reprodscen3_3,1000000,261774293504,445019,443224,0,3312,scenario3
S1_reprodscen3_3,1000000,261784640256,345161,343665,0,3313,scenario3
S1_reprodscen3_3,1000000,261807922688,366891,365324,0,3314,scenario3
S1_reprodscen3_3,1000000,261866240768,345422,343955,0,3315,scenario3
S1_reprodscen3_3,1000000,261871497728,432454,430806,0,3316,scenario3
S1_reprodscen3_3,1000000,261877691648,416137,414492,0,3317,scenario3
S1_reprodscen3_3,1000000,261895913216,409529,407800,0,3318,scenario3
S1_reprodscen3_3,1000000,261925290752,359166,357704,0,3319,scenario3
S1_reprodscen3_3,1000000,261926344704,418307,416741,0,3320,scenario3
S1_reprodscen3_3,1000000,261950604288,417074,415368,0,3321,scenario3
S1_reprodscen3_3,1000000,261968898816,403627,401986,0,3322,scenario3
S1_reprodscen3_3,1000000,262046182912,361886,360330,0,3323,scenario3
S1_reprodscen3_3,1000000,262111512064,460435,458790,0,3324,scenario3
S1_reprodscen3_3,1000000,262116723200,456321,454659,0,3325,scenario3
S1_reprodscen3_3,1000000,262149997312,371436,369964,0,3326,scenario3
S1_reprodscen3_3,1000000,262160349952,525286,523417,0,3327,scenario3
S1_reprodscen3_3,1000000,262259391488,448936,447200,0,3328,scenario3
S1_reprodscen3_3,1000000,262293926400,447313,445431,0,3329,scenario3
S1_reprodscen3_3,1000000,262386057984,397385,395835,0,3330,scenario3
S1_reprodscen3_3,1000000,262413316096,382695,381146,0,3331,scenario3
S1_reprodscen3_3,1000000,262627697408,345068,343548,0,3332,scenario3
S1_reprodscen3_3,1000000,262664010752,468758,466974,0,3333,scenario3
S1_reprodscen3_3,1000000,262709059584,423421,421748,0,3334,scenario3
S1_reprodscen3_3,1000000,262725383936,463110,461317,0,3335,scenario3
S1_reprodscen3_3,1000000,262774547712,430643,428993,0,3336,scenario3
S1_reprodscen3_3,1000000,262845780480,417390,415752,0,3337,scenario3
S1_reprodscen3_3,1000000,262890004992,410459,408807,0,3338,scenario3
S1_reprodscen3_3,1000000,262977252352,425119,423500,0,3339,scenario3
S1_reprodscen3_3,1000000,262982756352,458584,456932,0,3340,scenario3
S1_reprodscen3_3,1000000,263004679680,460260,458523,0,3341,scenario3
S1_reprodscen3_3,1000000,263043879424,409726,408135,0,3342,scenario3
S1_reprodscen3_3,1000000,263076024832,429385,427774,0,3343,scenario3
S1_reprodscen3_3,1000000,263089264128,359311,357789,0,3344,scenario3
S1_reprodscen3_3,1000000,263113627904,502087,500416,0,3345,scenario3
S1_reprodscen3_3,1000000,263175803136,375215,373649,0,3346,scenario3
S1_reprodscen3_3,1000000,263188054528,441299,439554,0,3347,scenario3
S1_reprodscen3_3,1000000,263223279360,469764,468027,0,3348,scenario3
S1_reprodscen3_3,1000000,263227520256,487156,473814,0,3349,scenario3
S1_reprodscen3_3,1000000,263229640704,440162,438639,0,3350,scenario3
S1_reprodscen3_3,1000000,263295928064,402624,401034,0,3351,scenario3
S1_reprodscen3_3,1000000,263318058496,361328,359766,0,3352,scenario3
S1_reprodscen3_3,1000000,263362293248,338828,337393,0,3353,scenario3
S1_reprodscen3_3,1000000,263365597184,374866,373280,0,3354,scenario3
S1_reprodscen3_3,1000000,263374964992,374469,372934,0,3355,scenario3
S1_reprodscen3_3,1000000,263405229568,333898,332492,0,3356,scenario3
S1_reprodscen3_3,1000000,263448460544,382437,380766,0,3357,scenario3
S1_reprodscen3_3,1000000,263475852800,442894,441297,0,3358,scenario3
S1_reprodscen3_3,1000000,263613096960,436731,435024,0,3359,scenario3
S1_reprodscen3_3,1000000,263663377152,436817,435118,0,3360,scenario3
S1_reprodscen3_3,1000000,263687767296,533806,532127,0,3361,scenario3
S1_reprodscen3_3,1000000,263688737024,415473,413867,0,3362,scenario3
S1_reprodscen3_3,1000000,263731033856,347382,345889,0,3363,scenario3
S1_reprodscen3_3,1000000,263736236800,436466,434822,0,3364,scenario3
S1_reprodscen3_3,1000000,263762592000,510210,508334,0,3365,scenario3
S1_reprodscen3_3,1000000,263776774144,388028,386379,0,3366,scenario3
S1_reprodscen3_3,1000000,263785020416,404862,403204,0,3367,scenario3
S1_reprodscen3_3,1000000,263789304320,359722,358239,0,3368,scenario3
S1_reprodscen3_3,1000000,263834539520,418512,416870,0,3369,scenario3
S1_reprodscen3_3,1000000,263839922688,377624,376059,0,3370,scenario3
S1_reprodscen3_3,1000000,263875960320,419892,418199,0,3371,scenario3
S1_reprodscen3_3,1000000,263920204544,398577,396996,0,3372,scenario3
S1_reprodscen3_3,1000000,263985684224,361119,359564,0,3373,scenario3
S1_reprodscen3_3,1000000,263990941440,455488,453841,0,3374,scenario3
S1_reprodscen3_3,1000000,264011044608,395187,382645,0,3375,scenario3
S1_reprodscen3_3,1000000,264068325376,374066,372496,0,3376,scenario3
S1_reprodscen3_3,1000000,264099655680,447962,446299,0,3377,scenario3
S1_reprodscen3_3,1000000,264152825600,433508,431884,0,3378,scenario3
S1_reprodscen3_3,1000000,264219057152,349209,347675,0,3379,scenario3
S1_reprodscen3_3,1000000,264260477440,376295,374706,0,3380,scenario3
S1_reprodscen3_3,1000000,264285722624,423659,422054,0,3381,scenario3
S1_reprodscen3_3,1000000,264300916736,376814,375299,0,3382,scenario3
S1_reprodscen3_3,1000000,264327104768,395460,393908,0,3383,scenario3
S1_reprodscen3_3,1000000,264343275264,458385,456639,0,3384,scenario3
S1_reprodscen3_3,1000000,264403490048,356152,354601,0,3385,scenario3
S1_reprodscen3_3,1000000,264466728448,368299,366719,0,3386,scenario3
S1_reprodscen3_3,1000000,264613977856,385733,384059,0,3387,scenario3
S1_reprodscen3_3,1000000,264614662400,545252,543325,0,3387,scenario3
S1_reprodscen3_3,1000000,264647197696,439232,437563,0,3389,scenario3
S1_reprodscen3_3,1000000,264703542272,447026,445390,0,3390,scenario3
S1_reprodscen3_3,1000000,264704535552,435512,434086,0,3391,scenario3
S1_reprodscen3_3,1000000,264722802944,361695,360227,0,3392,scenario3
S1_reprodscen3_3,1000000,264735001088,430575,428922,0,3393,scenario3
S1_reprodscen3_3,1000000,264737126400,411839,410166,0,3394,scenario3
S1_reprodscen3_3,1000000,264741278208,424161,422421,0,3395,scenario3
S1_reprodscen3_3,1000000,264801677824,359918,358366,0,3396,scenario3
S1_reprodscen3_3,1000000,264836046336,482980,480838,0,3397,scenario3
S1_reprodscen3_3,1000000,264840041216,438440,436689,0,3398,scenario3
S1_reprodscen3_3,1000000,264914314240,390105,388552,0,3399,scenario3
S1_reprodscen3_3,1000000,264932599040,361599,360067,0,3400,scenario3
S1_reprodscen3_3,1000000,265087845632,455623,454032,0,3401,scenario3
S1_reprodscen3_3,1000000,265132001536,360080,358542,0,3402,scenario3
S1_reprodscen3_3,1000000,265138234368,422725,421051,0,3403,scenario3
S1_reprodscen3_3,1000000,265148707584,378480,376914,0,3404,scenario3
S1_reprodscen3_3,1000000,265210908928,447261,445567,0,3405,scenario3
S1_reprodscen3_3,1000000,265216054784,461798,459571,0,3406,scenario3
S1_reprodscen3_3,1000000,265218131968,420254,418752,0,3407,scenario3
S1_reprodscen3_3,1000000,265312436224,361410,359958,0,3408,scenario3
S1_reprodscen3_3,1000000,265319633664,420956,419213,0,3409,scenario3
S1_reprodscen3_3,1000000,265353936128,366663,365115,0,3410,scenario3
S1_reprodscen3_3,1000000,265439348480,384665,383091,0,3411,scenario3
S1_reprodscen3_3,1000000,265496463872,424237,422568,0,3412,scenario3
S1_reprodscen3_3,1000000,265499694592,414347,412889,0,3413,scenario3
S1_reprodscen3_3,1000000,265503989504,454164,452497,0,3414,scenario3
S1_reprodscen3_3,1000000,265620149760,414383,412807,0,3415,scenario3
S1_reprodscen3_3,1000000,265635488256,424681,423086,0,3416,scenario3
S1_reprodscen3_3,1000000,265677667072,418794,417058,0,3417,scenario3
S1_reprodscen3_3,1000000,265678364160,568730,566796,0,3417,scenario3
S1_reprodscen3_3,1000000,265704013056,421695,420026,0,3419,scenario3
S1_reprodscen3_3,1000000,265713323776,496841,495125,0,3420,scenario3
S1_reprodscen3_3,1000000,265738501376,408310,406629,0,3421,scenario3
S1_reprodscen3_3,1000000,265761822720,458708,456764,0,3422,scenario3
S1_reprodscen3_3,1000000,265777990144,411507,409850,0,3423,scenario3
S1_reprodscen3_3,1000000,265803371008,421322,419656,0,3424,scenario3
S1_reprodscen3_3,1000000,265895584000,415049,413097,0,3425,scenario3
S1_reprodscen3_3,1000000,265951924992,345872,344339,0,3426,scenario3
S1_reprodscen3_3,1000000,265959457792,455950,453774,0,3427,scenario3
S1_reprodscen3_3,1000000,265960417280,487052,485565,0,3428,scenario3
S1_reprodscen3_3,1000000,265975723776,353659,351898,0,3429,scenario3
S1_reprodscen3_3,1000000,266026913536,418599,416944,0,3430,scenario3
S1_reprodscen3_3,1000000,266106269440,400628,398995,0,3431,scenario3
S1_reprodscen3_3,1000000,266198436096,420941,419256,0,3432,scenario3
S1_reprodscen3_3,1000000,266203921664,706429,703800,0,3433,scenario3
S1_reprodscen3_3,1000000,266205791744,424938,423472,0,3434,scenario3
S1_reprodscen3_3,1000000,266225026048,480803,478827,0,3435,scenario3
S1_reprodscen3_3,1000000,266353266176,332594,331224,0,3436,scenario3
S1_reprodscen3_3,1000000,266402517504,332641,331185,0,3437,scenario3
S1_reprodscen3_3,1000000,266411900928,408458,406879,0,3438,scenario3
S1_reprodscen3_3,1000000,266453138944,350255,348707,0,3439,scenario3
S1_reprodscen3_3,1000000,266469423872,413565,411939,0,3440,scenario3
S1_reprodscen3_3,1000000,266472631040,399706,398023,0,3441,scenario3
S1_reprodscen3_3,1000000,266491789824,417561,415973,0,3442,scenario3
S1_reprodscen3_3,1000000,266492903680,412839,411376,0,3443,scenario3
S1_reprodscen3_3,1000000,266657190400,388245,386674,0,3444,scenario3
S1_reprodscen3_3,1000000,266669450752,426398,424734,0,3445,scenario3
S1_reprodscen3_3,1000000,266691856640,438458,436783,0,3446,scenario3
S1_reprodscen3_3,1000000,266695905792,418024,416486,0,3447,scenario3
S1_reprodscen3_3,1000000,266713158912,399201,397689,0,3448,scenario3
S1_reprodscen3_3,1000000,266717793536,701384,698909,0,3449,scenario3
S1_reprodscen3_3,1000000,266728812032,392749,391159,0,3450,scenario3
S1_reprodscen3_3,1000000,266737979136,431053,429327,0,3451,scenario3
S1_reprodscen3_3,1000000,266744104192,440562,438725,0,3452,scenario3
S1_reprodscen3_3,1000000,266745258752,429432,427804,0,3453,scenario3
S1_reprodscen3_3,1000000,266763560960,456303,454598,0,3454,scenario3
S1_reprodscen3_3,1000000,266799730176,412949,411323,0,3455,scenario3
S1_reprodscen3_3,1000000,266850232832,370336,368822,0,3456,scenario3
S1_reprodscen3_3,1000000,266857246464,408820,407202,0,3457,scenario3
S1_reprodscen3_3,1000000,266865403648,422483,420690,0,3458,scenario3
S1_reprodscen3_3,1000000,266917871616,363438,361900,0,3459,scenario3
S1_reprodscen3_3,1000000,266949974784,424250,422655,0,3460,scenario3
S1_reprodscen3_3,1000000,267011304960,452109,434780,0,3461,scenario3
S1_reprodscen3_3,1000000,267057558016,474088,472364,0,3462,scenario3
S1_reprodscen3_3,1000000,267172720640,427667,426009,0,3463,scenario3
S1_reprodscen3_3,1000000,267189009664,359277,357733,0,3464,scenario3
S1_reprodscen3_3,1000000,267312110848,430897,429289,0,3465,scenario3
S1_reprodscen3_3,1000000,267335396352,472152,470482,0,3466,scenario3
S1_reprodscen3_3,1000000,267339929088,687321,684608,0,3467,scenario3
S1_reprodscen3_3,1000000,267391814144,399585,397963,0,3468,scenario3
S1_reprodscen3_3,1000000,267423074816,346379,344882,0,3469,scenario3
S1_reprodscen3_3,1000000,267430285824,407043,405467,0,3470,scenario3
S1_reprodscen3_3,1000000,267492574208,412222,410587,0,3471,scenario3
S1_reprodscen3_3,1000000,267528046080,466772,465050,0,3472,scenario3
S1_reprodscen3_3,1000000,267668174336,345141,343698,0,3473,scenario3
S1_reprodscen3_3,1000000,267679422976,433820,432072,0,3474,scenario3
S1_reprodscen3_3,1000000,267694650880,396936,383303,0,3475,scenario3
S1_reprodscen3_3,1000000,267700739840,409949,408420,0,3476,scenario3
S1_reprodscen3_3,1000000,267712060416,384865,383315,0,3477,scenario3
S1_reprodscen3_3,1000000,267735439360,411094,409533,0,3478,scenario3
S1_reprodscen3_3,1000000,267787640064,354708,353217,0,3479,scenario3
S1_reprodscen3_3,1000000,267800768768,421794,420151,0,3480,scenario3
S1_reprodscen3_3,1000000,267815983616,453573,451784,0,3481,scenario3
S1_reprodscen3_3,1000000,267848137728,349431,347951,0,3482,scenario3
S1_reprodscen3_3,1000000,267903452416,505115,503082,0,3483,scenario3
S1_reprodscen3_3,1000000,268006843392,512295,510379,0,3484,scenario3
S1_reprodscen3_3,1000000,268011448832,631345,628845,0,3485,scenario3
S1_reprodscen3_3,1000000,268015293696,488925,487288,0,3486,scenario3
S1_reprodscen3_3,1000000,268037561600,359304,357836,0,3487,scenario3
S1_reprodscen3_3,1000000,268047826432,402002,400378,0,3488,scenario3
S1_reprodscen3_3,1000000,268048855552,420834,419373,0,3489,scenario3
S1_reprodscen3_3,1000000,268076142080,409767,408139,0,3490,scenario3
S1_reprodscen3_3,1000000,268082323712,441034,438902,0,3491,scenario3
S1_reprodscen3_3,1000000,268114577920,361748,360302,0,3492,scenario3
S1_reprodscen3_3,1000000,268188813568,464784,462991,0,3493,scenario3
S1_reprodscen3_3,1000000,268191982336,416941,415273,0,3494,scenario3
S1_reprodscen3_3,1000000,268290381312,345727,344246,0,3495,scenario3
S1_reprodscen3_3,1000000,268299551488,469082,467449,0,3496,scenario3
S1_reprodscen3_3,1000000,268322884352,372476,370902,0,3497,scenario3
S1_reprodscen3_3,1000000,268420078336,399626,397993,0,3498,scenario3
S1_reprodscen3_3,1000000,268456414208,358874,357338,0,3499,scenario3
S1_reprodscen3_3,1000000,268475699712,441168,439416,0,3500,scenario3
S1_reprodscen3_3,1000000,268516923648,401510,399909,0,3501,scenario3
S1_reprodscen3_3,1000000,268537289728,400073,398523,0,3502,scenario3
S1_reprodscen3_3,1000000,268641579264,399901,397968,0,3503,scenario3
S1_reprodscen3_3,1000000,268654696960,423793,422101,0,3504,scenario3
S1_reprodscen3_3,1000000,268657887232,440241,438655,0,3505,scenario3
S1_reprodscen3_3,1000000,268668085248,468302,466524,0,3506,scenario3
S1_reprodscen3_3,1000000,268720217088,417629,415903,0,3507,scenario3
S1_reprodscen3_3,1000000,268760500736,433454,431727,0,3508,scenario3
S1_reprodscen3_3,1000000,268762763008,402787,401164,0,3509,scenario3
S1_reprodscen3_3,1000000,268783933184,419531,417823,0,3510,scenario3
S1_reprodscen3_3,1000000,268832197120,397567,395949,0,3511,scenario3
S1_reprodscen3_3,1000000,268839451392,461463,459620,0,3512,scenario3
S1_reprodscen3_3,1000000,268846630144,423495,421853,0,3513,scenario3
S1_reprodscen3_3,1000000,268891962624,344759,343282,0,3514,scenario3
S1_reprodscen3_3,1000000,268917211136,345495,344038,0,3515,scenario3
S1_reprodscen3_3,1000000,268925350144,419516,417827,0,3516,scenario3
S1_reprodscen3_3,1000000,268929914880,687274,684796,0,3517,scenario3
S1_reprodscen3_3,1000000,268942944256,349604,344138,0,3518,scenario3
S1_reprodscen3_3,1000000,268947181568,431475,429647,0,3519,scenario3
S1_reprodscen3_3,1000000,268968409856,434602,432933,0,3520,scenario3
S1_reprodscen3_3,1000000,268991639296,437985,436074,0,3521,scenario3
S1_reprodscen3_3,1000000,269025888000,401718,400052,0,3522,scenario3
S1_reprodscen3_3,1000000,269052020224,410691,409044,0,3523,scenario3
S1_reprodscen3_3,1000000,269149304832,448253,446608,0,3524,scenario3
S1_reprodscen3_3,1000000,269190511616,414612,413044,0,3525,scenario3
S1_reprodscen3_3,1000000,269300059392,438814,437108,0,3526,scenario3
S1_reprodscen3_3,1000000,269305994496,412294,410687,0,3527,scenario3
S1_reprodscen3_3,1000000,269326381824,333362,331879,0,3528,scenario3
S1_reprodscen3_3,1000000,269346614272,347927,342243,0,3529,scenario3
S1_reprodscen3_3,1000000,269354833664,359054,357483,0,3530,scenario3
S1_reprodscen3_3,1000000,269407223552,381939,380404,0,3531,scenario3
S1_reprodscen3_3,1000000,269502500352,461730,459919,0,3532,scenario3
S1_reprodscen3_3,1000000,269699728384,404747,403100,0,3533,scenario3
S1_reprodscen3_3,1000000,269713970688,445670,443828,0,3534,scenario3
S1_reprodscen3_3,1000000,269735299840,410834,409380,0,3535,scenario3
S1_reprodscen3_3,1000000,269737446912,413124,411386,0,3536,scenario3
S1_reprodscen3_3,1000000,269754753280,377583,375756,0,3537,scenario3
S1_reprodscen3_3,1000000,269840118528,559184,554669,0,3538,scenario3
S1_reprodscen3_3,1000000,269856445440,385626,384032,0,3539,scenario3
S1_reprodscen3_3,1000000,269876556032,500886,499156,0,3540,scenario3
S1_reprodscen3_3,1000000,269956770560,371312,369671,0,3541,scenario3
S1_reprodscen3_3,1000000,269970070784,415055,413259,0,3542,scenario3
S1_reprodscen3_3,1000000,270021510912,354326,352730,0,3543,scenario3
S1_reprodscen3_3,1000000,270055708416,382669,380682,0,3544,scenario3
S1_reprodscen3_3,1000000,270094974208,411172,409594,0,3545,scenario3
S1_reprodscen3_3,1000000,270135257600,457285,455400,0,3546,scenario3
S1_reprodscen3_3,1000000,270166625280,488712,487027,0,3547,scenario3
S1_reprodscen3_3,1000000,270184752896,337762,336210,0,3548,scenario3
S1_reprodscen3_3,1000000,270203055616,391332,389798,0,3549,scenario3
S1_reprodscen3_3,1000000,270223384320,415472,413828,0,3550,scenario3
S1_reprodscen3_3,1000000,270238572288,418363,416708,0,3551,scenario3
S1_reprodscen3_3,1000000,270284865024,400717,398829,0,3552,scenario3
S1_reprodscen3_3,1000000,270407208704,552542,550840,0,3553,scenario3
S1_reprodscen3_3,1000000,270412569344,446978,445290,0,3554,scenario3
S1_reprodscen3_3,1000000,270449753344,399752,398117,0,3555,scenario3
S1_reprodscen3_3,1000000,270467942144,410316,408519,0,3556,scenario3
S1_reprodscen3_3,1000000,270485248768,344837,343334,0,3557,scenario3
S1_reprodscen3_3,1000000,270487494656,481760,480179,0,3558,scenario3
S1_reprodscen3_3,1000000,270504746752,422870,421157,0,3559,scenario3
S1_reprodscen3_3,1000000,270505840384,419515,417646,0,3560,scenario3
S1_reprodscen3_3,1000000,270523225600,447752,445982,0,3561,scenario3
S1_reprodscen3_3,1000000,270535450112,410527,408876,0,3562,scenario3
S1_reprodscen3_3,1000000,270552602368,436259,434404,0,3563,scenario3
S1_reprodscen3_3,1000000,270667923200,345264,343654,0,3564,scenario3
S1_reprodscen3_3,1000000,270699993600,414325,412664,0,3565,scenario3
S1_reprodscen3_3,1000000,270777219840,416926,414973,0,3566,scenario3
S1_reprodscen3_3,1000000,270798559488,366716,365168,0,3567,scenario3
S1_reprodscen3_3,1000000,270806664448,417233,415524,0,3568,scenario3
S1_reprodscen3_3,1000000,270817875200,427446,425849,0,3569,scenario3
S1_reprodscen3_3,1000000,270835376128,413490,411820,0,3570,scenario3
S1_reprodscen3_3,1000000,270848318208,344998,343446,0,3571,scenario3
S1_reprodscen3_3,1000000,270915608576,487017,484994,0,3572,scenario3
S1_reprodscen3_3,1000000,270924768768,422271,420706,0,3573,scenario3
S1_reprodscen3_3,1000000,270927051776,417778,416137,0,3574,scenario3
S1_reprodscen3_3,1000000,270949366784,431717,430122,0,3575,scenario3
S1_reprodscen3_3,1000000,270989499904,408988,407305,0,3576,scenario3
S1_reprodscen3_3,1000000,271007738368,348998,347489,0,3577,scenario3
S1_reprodscen3_3,1000000,271008854528,420901,419494,0,3578,scenario3
S1_reprodscen3_3,1000000,271097147392,427819,420985,0,3579,scenario3
S1_reprodscen3_3,1000000,271208369664,419916,418290,0,3580,scenario3
S1_reprodscen3_3,1000000,271227830016,473741,472085,0,3581,scenario3
S1_reprodscen3_3,1000000,271265874944,412014,395514,0,3582,scenario3
S1_reprodscen3_3,1000000,271272019968,417396,415660,0,3583,scenario3
S1_reprodscen3_3,1000000,271326326272,407120,404976,0,3584,scenario3
S1_reprodscen3_3,1000000,271340497152,431562,429993,0,3585,scenario3
S1_reprodscen3_3,1000000,271371857920,344890,343479,0,3586,scenario3
S1_reprodscen3_3,1000000,271395015936,415910,414300,0,3587,scenario3
S1_reprodscen3_3,1000000,271402387456,382707,381151,0,3588,scenario3
S1_reprodscen3_3,1000000,271406894336,624558,622053,0,3589,scenario3
S1_reprodscen3_3,1000000,271444841728,344906,343397,0,3590,scenario3
S1_reprodscen3_3,1000000,271460284672,361297,359843,0,3591,scenario3
S1_reprodscen3_3,1000000,271499409152,390011,388402,0,3592,scenario3
S1_reprodscen3_3,1000000,271501656064,391581,390050,0,3593,scenario3
S1_reprodscen3_3,1000000,271510091264,365057,363461,0,3594,scenario3
S1_reprodscen3_3,1000000,271564242432,469649,467957,0,3595,scenario3
S1_reprodscen3_3,1000000,271721473280,415820,414192,0,3596,scenario3
S1_reprodscen3_3,1000000,271724674816,422712,421048,0,3597,scenario3
S1_reprodscen3_3,1000000,271728978432,398033,396384,0,3598,scenario3
S1_reprodscen3_3,1000000,271756210432,423215,421169,0,3599,scenario3
S1_reprodscen3_3,1000000,271872564736,361233,359737,0,3600,scenario3
S1_reprodscen3_3,1000000,271874740736,417621,415972,0,3601,scenario3
S1_reprodscen3_3,1000000,271946112512,484921,470498,0,3602,scenario3
S1_reprodscen3_3,1000000,271960371968,403454,401885,0,3603,scenario3
S1_reprodscen3_3,1000000,271961079552,556370,554424,0,3603,scenario3
S1_reprodscen3_3,1000000,271982586112,365478,363957,0,3605,scenario3
S1_reprodscen3_3,1000000,272024781824,397734,396229,0,3606,scenario3
S1_reprodscen3_3,1000000,272040038144,410445,408800,0,3607,scenario3
S1_reprodscen3_3,1000000,272050231040,420470,418887,0,3608,scenario3
S1_reprodscen3_3,1000000,272061574656,421497,419894,0,3609,scenario3
S1_reprodscen3_3,1000000,272070781440,436409,434722,0,3610,scenario3
S1_reprodscen3_3,1000000,272088195584,480589,479041,0,3611,scenario3
S1_reprodscen3_3,1000000,272090228480,412668,410949,0,3612,scenario3
S1_reprodscen3_3,1000000,272168653568,386106,384565,0,3613,scenario3
S1_reprodscen3_3,1000000,272185036288,490889,488419,0,3614,scenario3
S1_reprodscen3_3,1000000,272189162496,421317,419673,0,3615,scenario3
S1_reprodscen3_3,1000000,272210417152,469833,467474,0,3616,scenario3
S1_reprodscen3_3,1000000,272246574080,348829,347278,0,3617,scenario3
S1_reprodscen3_3,1000000,272301789952,400837,399187,0,3618,scenario3
S1_reprodscen3_3,1000000,272389073920,437928,436288,0,3619,scenario3
S1_reprodscen3_3,1000000,272450481664,345332,343751,0,3620,scenario3
S1_reprodscen3_3,1000000,272451501568,466246,464706,0,3621,scenario3
S1_reprodscen3_3,1000000,272467751680,401386,399729,0,3622,scenario3
S1_reprodscen3_3,1000000,272507955968,405800,404181,0,3623,scenario3
S1_reprodscen3_3,1000000,272552232192,398208,396588,0,3624,scenario3
S1_reprodscen3_3,1000000,272559480064,484924,483217,0,3625,scenario3
S1_reprodscen3_3,1000000,272560592128,465541,464025,0,3626,scenario3
S1_reprodscen3_3,1000000,272694846976,408535,406915,0,3627,scenario3
S1_reprodscen3_3,1000000,272774097152,425450,423830,0,3628,scenario3
S1_reprodscen3_3,1000000,272812355840,359283,357707,0,3629,scenario3
S1_reprodscen3_3,1000000,272828892416,587401,584906,0,3630,scenario3
S1_reprodscen3_3,1000000,272863067136,345878,344331,0,3631,scenario3
S1_reprodscen3_3,1000000,272872233728,483025,480573,0,3632,scenario3
S1_reprodscen3_3,1000000,272928483584,415463,413804,0,3633,scenario3
S1_reprodscen3_3,1000000,272963895296,384431,382912,0,3634,scenario3
S1_reprodscen3_3,1000000,272978130432,403674,402132,0,3635,scenario3
S1_reprodscen3_3,1000000,273000444160,445918,444361,0,3636,scenario3
S1_reprodscen3_3,1000000,273002528256,418731,417100,0,3637,scenario3
S1_reprodscen3_3,1000000,273018761728,432377,430672,0,3638,scenario3
S1_reprodscen3_3,1000000,273045003776,414294,412694,0,3639,scenario3
S1_reprodscen3_3,1000000,273086417408,366886,365251,0,3640,scenario3
S1_reprodscen3_3,1000000,273125607168,410675,409023,0,3641,scenario3
S1_reprodscen3_3,1000000,273132849920,437294,435624,0,3642,scenario3
S1_reprodscen3_3,1000000,273138165248,378398,376827,0,3643,scenario3
S1_reprodscen3_3,1000000,273176271360,420944,419333,0,3644,scenario3
S1_reprodscen3_3,1000000,273228558848,432552,430900,0,3645,scenario3
S1_reprodscen3_3,1000000,273261850112,400417,398745,0,3646,scenario3
S1_reprodscen3_3,1000000,273272137216,513505,511798,0,3647,scenario3
S1_reprodscen3_3,1000000,273316269312,349846,344264,0,3648,scenario3
S1_reprodscen3_3,1000000,273349668608,388425,386831,0,3649,scenario3
S1_reprodscen3_3,1000000,273413901312,423373,421653,0,3650,scenario3
S1_reprodscen3_3,1000000,273417304064,377572,375999,0,3651,scenario3
S1_reprodscen3_3,1000000,273457675008,387535,385946,0,3652,scenario3
S1_reprodscen3_3,1000000,273481963264,406821,405159,0,3653,scenario3
S1_reprodscen3_3,1000000,273482708736,571087,556375,0,3653,scenario3
S1_reprodscen3_3,1000000,273499285760,430277,428747,0,3655,scenario3
S1_reprodscen3_3,1000000,273509425920,402122,400538,0,3656,scenario3
S1_reprodscen3_3,1000000,273544707328,361383,359882,0,3657,scenario3
S1_reprodscen3_3,1000000,273545807872,409991,408510,0,3658,scenario3
S1_reprodscen3_3,1000000,273721299712,344843,343391,0,3659,scenario3
S1_reprodscen3_3,1000000,273756569600,554017,552008,0,3660,scenario3
S1_reprodscen3_3,1000000,273759577344,443108,441485,0,3661,scenario3
S1_reprodscen3_3,1000000,273767835648,374027,372432,0,3662,scenario3
S1_reprodscen3_3,1000000,273786078976,475954,474008,0,3663,scenario3
S1_reprodscen3_3,1000000,273804279296,432615,430934,0,3664,scenario3
S1_reprodscen3_3,1000000,273820601344,528128,525772,0,3665,scenario3
S1_reprodscen3_3,1000000,273823777536,430861,429243,0,3666,scenario3
S1_reprodscen3_3,1000000,273842052096,415233,413602,0,3667,scenario3
S1_reprodscen3_3,1000000,273858384896,448449,446329,0,3668,scenario3
S1_reprodscen3_3,1000000,273859099648,553387,551424,0,3668,scenario3
S1_reprodscen3_3,1000000,273890583552,454098,452221,0,3670,scenario3
S1_reprodscen3_3,1000000,273925933824,462241,460334,0,3671,scenario3
S1_reprodscen3_3,1000000,273956103936,412000,410309,0,3672,scenario3
S1_reprodscen3_3,1000000,273968382208,349969,344274,0,3673,scenario3
S1_reprodscen3_3,1000000,273987738368,408117,406562,0,3674,scenario3
S1_reprodscen3_3,1000000,274012881408,392341,390710,0,3675,scenario3
S1_reprodscen3_3,1000000,274027321088,468391,466612,0,3676,scenario3
S1_reprodscen3_3,1000000,274122412032,412765,411101,0,3677,scenario3
S1_reprodscen3_3,1000000,274125830656,363203,361747,0,3678,scenario3
S1_reprodscen3_3,1000000,274165952000,414099,412453,0,3679,scenario3
S1_reprodscen3_3,1000000,274260273664,400921,399276,0,3680,scenario3
S1_reprodscen3_3,1000000,274305499904,332564,331171,0,3681,scenario3
S1_reprodscen3_3,1000000,274336961536,407581,405948,0,3682,scenario3
S1_reprodscen3_3,1000000,274348079616,409697,407990,0,3683,scenario3
S1_reprodscen3_3,1000000,274352392704,462317,456117,0,3684,scenario3
S1_reprodscen3_3,1000000,274417674752,348210,346635,0,3685,scenario3
S1_reprodscen3_3,1000000,274436867072,402838,401182,0,3686,scenario3
S1_reprodscen3_3,1000000,274437609984,603156,601307,0,3686,scenario3
S1_reprodscen3_3,1000000,274468149504,368178,366657,0,3688,scenario3
S1_reprodscen3_3,1000000,274554417920,464698,462482,0,3689,scenario3
S1_reprodscen3_3,1000000,274563604480,411545,409822,0,3690,scenario3
S1_reprodscen3_3,1000000,274705944320,426322,424647,0,3691,scenario3
S1_reprodscen3_3,1000000,274728289280,345016,343488,0,3692,scenario3
S1_reprodscen3_3,1000000,274753582336,396284,394721,0,3693,scenario3
S1_reprodscen3_3,1000000,274788708096,449046,447341,0,3694,scenario3
S1_reprodscen3_3,1000000,274791921664,440672,438667,0,3695,scenario3
S1_reprodscen3_3,1000000,274815107328,403571,401849,0,3696,scenario3
S1_reprodscen3_3,1000000,274816207616,427561,426084,0,3697,scenario3
S1_reprodscen3_3,1000000,274834487808,448304,446663,0,3698,scenario3
S1_reprodscen3_3,1000000,274846923264,362335,360796,0,3699,scenario3
S1_reprodscen3_3,1000000,274864090624,348755,347256,0,3700,scenario3
S1_reprodscen3_3,1000000,274881324288,425168,423523,0,3701,scenario3
S1_reprodscen3_3,1000000,274903547648,430061,428360,0,3702,scenario3
S1_reprodscen3_3,1000000,274908849920,463409,461605,0,3703,scenario3
S1_reprodscen3_3,1000000,275095972096,421563,419838,0,3704,scenario3
S1_reprodscen3_3,1000000,275141232384,421096,419421,0,3705,scenario3
S1_reprodscen3_3,1000000,275145811968,652942,650442,0,3706,scenario3
S1_reprodscen3_3,1000000,275172970496,387915,386288,0,3707,scenario3
S1_reprodscen3_3,1000000,275211307520,438812,436979,0,3708,scenario3
S1_reprodscen3_3,1000000,275214542336,424317,422651,0,3709,scenario3
S1_reprodscen3_3,1000000,275243792128,443263,441526,0,3710,scenario3
S1_reprodscen3_3,1000000,275284049408,334210,332807,0,3711,scenario3
S1_reprodscen3_3,1000000,275329422336,334525,333012,0,3712,scenario3
S1_reprodscen3_3,1000000,275365641216,378714,377147,0,3713,scenario3
S1_reprodscen3_3,1000000,275368891904,420190,418511,0,3714,scenario3
S1_reprodscen3_3,1000000,275383191296,437894,436156,0,3715,scenario3
S1_reprodscen3_3,1000000,275399470592,344515,342980,0,3716,scenario3
S1_reprodscen3_3,1000000,275405811712,351961,350437,0,3717,scenario3
S1_reprodscen3_3,1000000,275416942848,408789,407149,0,3718,scenario3
S1_reprodscen3_3,1000000,275428220672,407865,406263,0,3719,scenario3
S1_reprodscen3_3,1000000,275524501504,427854,413503,0,3720,scenario3
S1_reprodscen3_3,1000000,275530019584,483698,482078,0,3721,scenario3
S1_reprodscen3_3,1000000,275577985280,401129,399515,0,3722,scenario3
S1_reprodscen3_3,1000000,275580218112,428206,426734,0,3723,scenario3
S1_reprodscen3_3,1000000,275706777344,452854,451186,0,3724,scenario3
S1_reprodscen3_3,1000000,275707545088,630010,628152,0,3724,scenario3
S1_reprodscen3_3,1000000,275723825664,487112,485437,0,3726,scenario3
S1_reprodscen3_3,1000000,275759968000,412013,410388,0,3727,scenario3
S1_reprodscen3_3,1000000,275782306560,392213,390532,0,3728,scenario3
S1_reprodscen3_3,1000000,275784547328,399307,397721,0,3729,scenario3
S1_reprodscen3_3,1000000,275788923392,417227,415580,0,3730,scenario3
S1_reprodscen3_3,1000000,275803290368,368092,366608,0,3731,scenario3
S1_reprodscen3_3,1000000,275831540992,517489,514929,0,3732,scenario3
S1_reprodscen3_3,1000000,275844849152,372344,370847,0,3733,scenario3
S1_reprodscen3_3,1000000,275869879552,427058,425490,0,3734,scenario3
S1_reprodscen3_3,1000000,275889148160,333401,332003,0,3735,scenario3
S1_reprodscen3_3,1000000,275914382848,415871,414270,0,3736,scenario3
S1_reprodscen3_3,1000000,275924675584,387547,386010,0,3737,scenario3
S1_reprodscen3_3,1000000,275988869632,393706,392069,0,3738,scenario3
S1_reprodscen3_3,1000000,276013051392,334172,332772,0,3739,scenario3
S1_reprodscen3_3,1000000,276018244608,429073,427309,0,3740,scenario3
S1_reprodscen3_3,1000000,276040491008,419406,417739,0,3741,scenario3
S1_reprodscen3_3,1000000,276098838016,345554,344068,0,3742,scenario3
S1_reprodscen3_3,1000000,276141989888,391333,389712,0,3743,scenario3
S1_reprodscen3_3,1000000,276159400192,516717,505432,0,3744,scenario3
S1_reprodscen3_3,1000000,276167523328,489630,487795,0,3745,scenario3
S1_reprodscen3_3,1000000,276225642240,444881,443213,0,3746,scenario3
S1_reprodscen3_3,1000000,276235835136,407619,405941,0,3747,scenario3
S1_reprodscen3_3,1000000,276285105920,352858,351366,0,3748,scenario3
S1_reprodscen3_3,1000000,276328456704,346386,344927,0,3749,scenario3
S1_reprodscen3_3,1000000,276359718144,334705,333192,0,3750,scenario3
S1_reprodscen3_3,1000000,276374071808,409449,407847,0,3751,scenario3
S1_reprodscen3_3,1000000,276424295168,333519,332082,0,3752,scenario3
S1_reprodscen3_3,1000000,276442564608,408683,407058,0,3753,scenario3
S1_reprodscen3_3,1000000,276449850112,349425,347911,0,3754,scenario3
S1_reprodscen3_3,1000000,276538149120,376725,374622,0,3755,scenario3
S1_reprodscen3_3,1000000,276585302272,412527,410794,0,3756,scenario3
S1_reprodscen3_3,1000000,276714750464,385625,383997,0,3757,scenario3
S1_reprodscen3_3,1000000,276729000704,414643,412913,0,3758,scenario3
S1_reprodscen3_3,1000000,276751338752,447386,445720,0,3759,scenario3
S1_reprodscen3_3,1000000,276776722432,475946,474215,0,3760,scenario3
S1_reprodscen3_3,1000000,276819842048,332791,331333,0,3761,scenario3
S1_reprodscen3_3,1000000,276849185280,346874,345264,0,3762,scenario3
S1_reprodscen3_3,1000000,276861443584,422795,421092,0,3763,scenario3
S1_reprodscen3_3,1000000,276869783040,473403,471563,0,3764,scenario3
S1_reprodscen3_3,1000000,276870445312,564339,562349,0,3764,scenario3
S1_reprodscen3_3,1000000,276877922048,399600,397923,0,3766,scenario3
S1_reprodscen3_3,1000000,276907331584,365409,363872,0,3767,scenario3
S1_reprodscen3_3,1000000,276918665472,661755,659387,0,3768,scenario3
S1_reprodscen3_3,1000000,276977710848,420135,418414,0,3769,scenario3
S1_reprodscen3_3,1000000,277037845760,411393,409829,0,3770,scenario3
S1_reprodscen3_3,1000000,277050090240,335013,333531,0,3771,scenario3
S1_reprodscen3_3,1000000,277088485376,362309,360814,0,3772,scenario3
S1_reprodscen3_3,1000000,277098647808,410854,409239,0,3773,scenario3
S1_reprodscen3_3,1000000,277172773376,334389,333009,0,3774,scenario3
S1_reprodscen3_3,1000000,277210094848,350270,348733,0,3775,scenario3
S1_reprodscen3_3,1000000,277241456128,346271,344706,0,3776,scenario3
S1_reprodscen3_3,1000000,277273723904,334767,333363,0,3777,scenario3
S1_reprodscen3_3,1000000,277283865856,333333,331837,0,3778,scenario3
S1_reprodscen3_3,1000000,277284972288,430706,429255,0,3779,scenario3
S1_reprodscen3_3,1000000,277289339648,437535,435535,0,3780,scenario3
S1_reprodscen3_3,1000000,277305456128,344441,342936,0,3781,scenario3
S1_reprodscen3_3,1000000,277310909184,517243,515079,0,3782,scenario3
S1_reprodscen3_3,1000000,277390955008,415884,414191,0,3783,scenario3
S1_reprodscen3_3,1000000,277395096832,425848,424160,0,3784,scenario3
S1_reprodscen3_3,1000000,277432289536,426127,424522,0,3785,scenario3
S1_reprodscen3_3,1000000,277483527424,432908,431297,0,3786,scenario3
S1_reprodscen3_3,1000000,277508011008,383131,381519,0,3787,scenario3
S1_reprodscen3_3,1000000,277542036480,421950,420296,0,3788,scenario3
S1_reprodscen3_3,1000000,277566252544,427597,425902,0,3789,scenario3
S1_reprodscen3_3,1000000,277712476416,434298,432680,0,3790,scenario3
S1_reprodscen3_3,1000000,277714916864,410392,408723,0,3791,scenario3
S1_reprodscen3_3,1000000,277715656192,596665,594820,0,3791,scenario3
S1_reprodscen3_3,1000000,277745132800,344435,342940,0,3793,scenario3
S1_reprodscen3_3,1000000,277790356736,416010,414408,0,3794,scenario3
S1_reprodscen3_3,1000000,277806620672,360106,358597,0,3795,scenario3
S1_reprodscen3_3,1000000,277886992896,443660,442063,0,3796,scenario3
S1_reprodscen3_3,1000000,277938123008,401900,400293,0,3797,scenario3
S1_reprodscen3_3,1000000,277944369664,359715,358184,0,3798,scenario3
S1_reprodscen3_3,1000000,277954619648,403511,401808,0,3799,scenario3
S1_reprodscen3_3,1000000,277955729920,430068,428553,0,3800,scenario3
S1_reprodscen3_3,1000000,278001024000,439897,438186,0,3801,scenario3
S1_reprodscen3_3,1000000,278002078208,417819,416369,0,3802,scenario3
S1_reprodscen3_3,1000000,278059419904,395488,393919,0,3803,scenario3
S1_reprodscen3_3,1000000,278075646720,424863,423116,0,3804,scenario3
S1_reprodscen3_3,1000000,278077882880,349921,344390,0,3805,scenario3
S1_reprodscen3_3,1000000,278106067712,430407,428769,0,3806,scenario3
S1_reprodscen3_3,1000000,278116323840,414339,412639,0,3807,scenario3
S1_reprodscen3_3,1000000,278130719488,406835,405174,0,3808,scenario3
S1_reprodscen3_3,1000000,278131431168,549724,547702,0,3808,scenario3
S1_reprodscen3_3,1000000,278155937280,419119,417464,0,3810,scenario3
S1_reprodscen3_3,1000000,278159150592,420121,418433,0,3811,scenario3
S1_reprodscen3_3,1000000,278212548608,410275,408648,0,3812,scenario3
S1_reprodscen3_3,1000000,278213494016,414417,412966,0,3813,scenario3
S1_reprodscen3_3,1000000,278221125632,760798,758350,0,3814,scenario3
S1_reprodscen3_3,1000000,278292118528,345514,343961,0,3815,scenario3
S1_reprodscen3_3,1000000,278338317568,425717,424050,0,3816,scenario3
S1_reprodscen3_3,1000000,278346747136,362360,360818,0,3817,scenario3
S1_reprodscen3_3,1000000,278374029312,405222,403543,0,3818,scenario3
S1_reprodscen3_3,1000000,278429154816,412813,411179,0,3819,scenario3
S1_reprodscen3_3,1000000,278484449280,418039,416367,0,3820,scenario3
S1_reprodscen3_3,1000000,278535837696,385158,383649,0,3821,scenario3
S1_reprodscen3_3,1000000,278587912192,416856,415133,0,3822,scenario3
S1_reprodscen3_3,1000000,278608317696,380309,378782,0,3823,scenario3
S1_reprodscen3_3,1000000,278740630528,395496,393896,0,3824,scenario3
S1_reprodscen3_3,1000000,278743785984,438090,436370,0,3825,scenario3
S1_reprodscen3_3,1000000,278769019392,394471,392845,0,3826,scenario3
S1_reprodscen3_3,1000000,278771386368,435743,433979,0,3827,scenario3
S1_reprodscen3_3,1000000,278776769024,654338,651713,0,3828,scenario3
S1_reprodscen3_3,1000000,278816923648,384490,383007,0,3829,scenario3
S1_reprodscen3_3,1000000,278821912576,428904,427394,0,3830,scenario3
S1_reprodscen3_3,1000000,278833136640,410919,409321,0,3831,scenario3
S1_reprodscen3_3,1000000,278855471104,495471,493497,0,3832,scenario3
S1_reprodscen3_3,1000000,278872632832,445012,443337,0,3833,scenario3
S1_reprodscen3_3,1000000,278938822656,397999,396354,0,3834,scenario3
S1_reprodscen3_3,1000000,278983087616,393119,391627,0,3835,scenario3
S1_reprodscen3_3,1000000,279012331008,344829,343303,0,3836,scenario3
S1_reprodscen3_3,1000000,279067578368,363003,361483,0,3837,scenario3
S1_reprodscen3_3,1000000,279122897920,385074,383498,0,3838,scenario3
S1_reprodscen3_3,1000000,279124004096,415117,413573,0,3839,scenario3
S1_reprodscen3_3,1000000,279170381568,376670,375115,0,3840,scenario3
S1_reprodscen3_3,1000000,279194771712,361131,359585,0,3841,scenario3
S1_reprodscen3_3,1000000,279202835968,416813,415145,0,3842,scenario3
S1_reprodscen3_3,1000000,279212072704,422129,416289,0,3843,scenario3
S1_reprodscen3_3,1000000,279231385856,480673,478957,0,3844,scenario3
S1_reprodscen3_3,1000000,279241534464,418260,416660,0,3845,scenario3
S1_reprodscen3_3,1000000,279255928320,437000,435320,0,3846,scenario3
S1_reprodscen3_3,1000000,279296102400,345471,343946,0,3847,scenario3
S1_reprodscen3_3,1000000,279312552448,381584,380026,0,3848,scenario3
S1_reprodscen3_3,1000000,279386740736,491871,490098,0,3849,scenario3
S1_reprodscen3_3,1000000,279392874496,421392,419752,0,3850,scenario3
S1_reprodscen3_3,1000000,279413117440,345018,343486,0,3851,scenario3
S1_reprodscen3_3,1000000,279437346560,403004,401433,0,3852,scenario3
S1_reprodscen3_3,1000000,279445602560,421133,419456,0,3853,scenario3
S1_reprodscen3_3,1000000,279495937024,408262,406597,0,3854,scenario3
S1_reprodscen3_3,1000000,279528209408,398336,396724,0,3855,scenario3
S1_reprodscen3_3,1000000,279571522816,472091,470456,0,3856,scenario3
S1_reprodscen3_3,1000000,279601646848,424102,422467,0,3857,scenario3
S1_reprodscen3_3,1000000,279770833152,425106,423434,0,3858,scenario3
S1_reprodscen3_3,1000000,279785206272,426681,425069,0,3859,scenario3
S1_reprodscen3_3,1000000,279797478656,404284,402684,0,3860,scenario3
S1_reprodscen3_3,1000000,279840637696,474046,472426,0,3861,scenario3
S1_reprodscen3_3,1000000,279870904064,417323,415644,0,3862,scenario3
S1_reprodscen3_3,1000000,279872018432,425383,423847,0,3863,scenario3
S1_reprodscen3_3,1000000,279894382592,347464,345982,0,3864,scenario3
S1_reprodscen3_3,1000000,279930844672,478283,476776,0,3865,scenario3
S1_reprodscen3_3,1000000,279949904640,394847,393244,0,3866,scenario3
S1_reprodscen3_3,1000000,280003054848,421455,419765,0,3867,scenario3
S1_reprodscen3_3,1000000,280009258752,421938,420285,0,3868,scenario3
S1_reprodscen3_3,1000000,280019527424,416024,414432,0,3869,scenario3
S1_reprodscen3_3,1000000,280033970176,360197,358640,0,3870,scenario3
S1_reprodscen3_3,1000000,280082210816,345057,343524,0,3871,scenario3
S1_reprodscen3_3,1000000,280086766848,699653,697024,0,3872,scenario3
S1_reprodscen3_3,1000000,280091823872,480968,478917,0,3873,scenario3
S1_reprodscen3_3,1000000,280142939136,415141,413480,0,3874,scenario3
S1_reprodscen3_3,1000000,280151123200,417830,416119,0,3875,scenario3
S1_reprodscen3_3,1000000,280153376256,401989,400275,0,3876,scenario3
S1_reprodscen3_3,1000000,280154129408,620244,618253,0,3876,scenario3
S1_reprodscen3_3,1000000,280168610048,428058,426316,0,3878,scenario3
S1_reprodscen3_3,1000000,280216849408,425000,423334,0,3879,scenario3
S1_reprodscen3_3,1000000,280238087424,417939,416266,0,3880,scenario3
S1_reprodscen3_3,1000000,280250469120,366568,364997,0,3881,scenario3
S1_reprodscen3_3,1000000,280253886976,516581,514790,0,3882,scenario3
S1_reprodscen3_3,1000000,280266877952,417041,415276,0,3883,scenario3
S1_reprodscen3_3,1000000,280288211712,422043,420340,0,3884,scenario3
S1_reprodscen3_3,1000000,280320433920,425673,424069,0,3885,scenario3
S1_reprodscen3_3,1000000,280404641792,424884,423139,0,3886,scenario3
S1_reprodscen3_3,1000000,280431887360,414399,412757,0,3887,scenario3
S1_reprodscen3_3,1000000,280446183680,368972,367399,0,3888,scenario3
S1_reprodscen3_3,1000000,280563554304,379890,378291,0,3889,scenario3
S1_reprodscen3_3,1000000,280573783040,495753,493420,0,3890,scenario3
S1_reprodscen3_3,1000000,280620081152,415090,413488,0,3891,scenario3
S1_reprodscen3_3,1000000,280759404032,391731,390023,0,3892,scenario3
S1_reprodscen3_3,1000000,280760479744,409115,407665,0,3893,scenario3
S1_reprodscen3_3,1000000,280764861952,469879,468151,0,3894,scenario3
S1_reprodscen3_3,1000000,280808204288,408545,406920,0,3895,scenario3
S1_reprodscen3_3,1000000,280824593408,386164,384558,0,3896,scenario3
S1_reprodscen3_3,1000000,280887837184,355585,354069,0,3897,scenario3
S1_reprodscen3_3,1000000,280900053504,461748,459489,0,3898,scenario3
S1_reprodscen3_3,1000000,280918273536,349918,348387,0,3899,scenario3
S1_reprodscen3_3,1000000,280919368192,456097,454528,0,3900,scenario3
S1_reprodscen3_3,1000000,280926993920,649119,646626,0,3901,scenario3
S1_reprodscen3_3,1000000,280927782400,602181,600221,0,3901,scenario3
S1_reprodscen3_3,1000000,280970045440,419048,417013,0,3903,scenario3
S1_reprodscen3_3,1000000,281012354560,411652,410048,0,3904,scenario3
S1_reprodscen3_3,1000000,281027634944,379971,378437,0,3905,scenario3
S1_reprodscen3_3,1000000,281031841280,424439,422859,0,3906,scenario3
S1_reprodscen3_3,1000000,281126125824,410106,408509,0,3907,scenario3
S1_reprodscen3_3,1000000,281151426816,472980,471249,0,3908,scenario3
S1_reprodscen3_3,1000000,281192592640,422115,420356,0,3909,scenario3
S1_reprodscen3_3,1000000,281217850624,397958,396410,0,3910,scenario3
S1_reprodscen3_3,1000000,281246205440,370969,369466,0,3911,scenario3
S1_reprodscen3_3,1000000,281281488384,340483,338877,0,3912,scenario3
S1_reprodscen3_3,1000000,281289771008,353758,352088,0,3913,scenario3
S1_reprodscen3_3,1000000,281319942400,423890,422141,0,3914,scenario3
S1_reprodscen3_3,1000000,281359277312,469130,467267,0,3915,scenario3
S1_reprodscen3_3,1000000,281409564160,426936,425182,0,3916,scenario3
S1_reprodscen3_3,1000000,281427822336,417907,416144,0,3917,scenario3
S1_reprodscen3_3,1000000,281431195136,505923,504165,0,3918,scenario3
S1_reprodscen3_3,1000000,281450261248,417983,416188,0,3919,scenario3
S1_reprodscen3_3,1000000,281457593600,395615,393903,0,3920,scenario3
S1_reprodscen3_3,1000000,281491815936,396802,395075,0,3921,scenario3
S1_reprodscen3_3,1000000,281492610560,630980,628477,0,3921,scenario3
S1_reprodscen3_3,1000000,281510005248,409432,407697,0,3923,scenario3
S1_reprodscen3_3,1000000,281562300160,415430,413659,0,3924,scenario3
S1_reprodscen3_3,1000000,281637667072,356508,354847,0,3925,scenario3
S1_reprodscen3_3,1000000,281748928256,359609,358029,0,3926,scenario3
S1_reprodscen3_3,1000000,281753527552,669455,666902,0,3927,scenario3
S1_reprodscen3_3,1000000,281795483648,480198,478457,0,3928,scenario3
S1_reprodscen3_3,1000000,281816657920,417797,416146,0,3929,scenario3
S1_reprodscen3_3,1000000,281835927808,418997,417264,0,3930,scenario3
S1_reprodscen3_3,1000000,281847119616,413474,411855,0,3931,scenario3
S1_reprodscen3_3,1000000,281857524736,531647,529973,0,3932,scenario3
S1_reprodscen3_3,1000000,281863679488,423147,421429,0,3933,scenario3
S1_reprodscen3_3,1000000,281866892288,442946,441254,0,3934,scenario3
S1_reprodscen3_3,1000000,281872987648,420416,418801,0,3935,scenario3
S1_reprodscen3_3,1000000,281883290880,469201,467356,0,3936,scenario3
S1_reprodscen3_3,1000000,281919485184,466332,464643,0,3937,scenario3
S1_reprodscen3_3,1000000,281955714816,406884,405239,0,3938,scenario3
S1_reprodscen3_3,1000000,281985018624,413208,411494,0,3939,scenario3
S1_reprodscen3_3,1000000,282015398656,427098,425526,0,3940,scenario3
S1_reprodscen3_3,1000000,282025660672,364792,363259,0,3941,scenario3
S1_reprodscen3_3,1000000,282052815872,365747,364223,0,3942,scenario3
S1_reprodscen3_3,1000000,282078126336,403862,402242,0,3943,scenario3
S1_reprodscen3_3,1000000,282094304768,416914,415202,0,3944,scenario3
S1_reprodscen3_3,1000000,282123650560,347255,345714,0,3945,scenario3
S1_reprodscen3_3,1000000,282163878656,430009,428323,0,3946,scenario3
S1_reprodscen3_3,1000000,282181216512,366056,364535,0,3947,scenario3
S1_reprodscen3_3,1000000,282196395776,345138,343689,0,3948,scenario3
S1_reprodscen3_3,1000000,282234732544,427503,425939,0,3949,scenario3
S1_reprodscen3_3,1000000,282281887488,420251,418564,0,3950,scenario3
S1_reprodscen3_3,1000000,282282996224,420538,419023,0,3951,scenario3
S1_reprodscen3_3,1000000,282325401344,349726,348234,0,3952,scenario3
S1_reprodscen3_3,1000000,282328654848,359878,358327,0,3953,scenario3
S1_reprodscen3_3,1000000,282355906560,429736,428135,0,3954,scenario3
S1_reprodscen3_3,1000000,282407093504,399594,397920,0,3955,scenario3
S1_reprodscen3_3,1000000,282418423040,465587,463898,0,3956,scenario3
S1_reprodscen3_3,1000000,282427686400,415473,413729,0,3957,scenario3
S1_reprodscen3_3,1000000,282507961856,407086,405408,0,3958,scenario3
S1_reprodscen3_3,1000000,282619324160,388085,386387,0,3959,scenario3
S1_reprodscen3_3,1000000,282764550656,430956,429075,0,3960,scenario3
S1_reprodscen3_3,1000000,282765648384,418013,416460,0,3961,scenario3
S1_reprodscen3_3,1000000,282775012608,418352,416667,0,3962,scenario3
S1_reprodscen3_3,1000000,282778227456,424495,422763,0,3963,scenario3
S1_reprodscen3_3,1000000,282806509056,348415,346916,0,3964,scenario3
S1_reprodscen3_3,1000000,282829774080,365723,364178,0,3965,scenario3
S1_reprodscen3_3,1000000,282863184384,367126,365550,0,3966,scenario3
S1_reprodscen3_3,1000000,282987373312,385910,384351,0,3967,scenario3
S1_reprodscen3_3,1000000,282996549376,405074,403423,0,3968,scenario3
S1_reprodscen3_3,1000000,283021963776,377493,375982,0,3969,scenario3
S1_reprodscen3_3,1000000,283037132544,347869,346380,0,3970,scenario3
S1_reprodscen3_3,1000000,283057440000,411114,409478,0,3971,scenario3
S1_reprodscen3_3,1000000,283084728064,361643,360060,0,3972,scenario3
S1_reprodscen3_3,1000000,283107062272,426470,424840,0,3973,scenario3
S1_reprodscen3_3,1000000,283125346304,349312,343806,0,3974,scenario3
S1_reprodscen3_3,1000000,283143619328,404001,402323,0,3975,scenario3
S1_reprodscen3_3,1000000,283195008512,407373,405719,0,3976,scenario3
S1_reprodscen3_3,1000000,283209248768,448410,446637,0,3977,scenario3
S1_reprodscen3_3,1000000,283284461824,445897,444165,0,3978,scenario3
S1_reprodscen3_3,1000000,283316854016,373358,371749,0,3979,scenario3
S1_reprodscen3_3,1000000,283349028864,409740,407961,0,3980,scenario3
S1_reprodscen3_3,1000000,283359212032,445866,444083,0,3981,scenario3
S1_reprodscen3_3,1000000,283385496576,411495,409855,0,3982,scenario3
S1_reprodscen3_3,1000000,283402682368,361163,359630,0,3983,scenario3
S1_reprodscen3_3,1000000,283410085376,358296,356745,0,3984,scenario3
S1_reprodscen3_3,1000000,283424441344,393948,392513,0,3985,scenario3
S1_reprodscen3_3,1000000,283441574144,408213,406569,0,3986,scenario3
S1_reprodscen3_3,1000000,283445901056,417992,416370,0,3987,scenario3
S1_reprodscen3_3,1000000,283466051584,423893,422114,0,3988,scenario3
S1_reprodscen3_3,1000000,283476341248,428853,427103,0,3989,scenario3
S1_reprodscen3_3,1000000,283483578112,441837,440141,0,3990,scenario3
S1_reprodscen3_3,1000000,283514853632,384955,383426,0,3991,scenario3
S1_reprodscen3_3,1000000,283518004736,404450,402813,0,3992,scenario3
S1_reprodscen3_3,1000000,283595310592,453634,451443,0,3993,scenario3
S1_reprodscen3_3,1000000,283764478208,395906,394277,0,3994,scenario3
S1_reprodscen3_3,1000000,283767889152,400477,398926,0,3995,scenario3
S1_reprodscen3_3,1000000,283781999104,428528,426872,0,3996,scenario3
S1_reprodscen3_3,1000000,283783066112,433867,432423,0,3997,scenario3
S1_reprodscen3_3,1000000,283787553792,549123,546993,0,3998,scenario3
S1_reprodscen3_3,1000000,283791562752,470061,468307,0,3999,scenario3
S1_reprodscen3_3,1000000,283813768960,437922,436214,0,4000,scenario3
S1_reprodscen3_3,1000000,283836982784,416118,414432,0,4001,scenario3
S1_reprodscen3_3,1000000,283849334016,374120,372576,0,4002,scenario3
S1_reprodscen3_3,1000000,283923589376,388515,387004,0,4003,scenario3
S1_reprodscen3_3,1000000,283942749696,425772,424090,0,4004,scenario3
S1_reprodscen3_3,1000000,283976971776,425750,424157,0,4005,scenario3
S1_reprodscen3_3,1000000,284044229120,469876,468116,0,4006,scenario3
S1_reprodscen3_3,1000000,284055404288,426235,424582,0,4007,scenario3
S1_reprodscen3_3,1000000,284066777856,445038,442953,0,4008,scenario3
S1_reprodscen3_3,1000000,284226916096,423533,421909,0,4009,scenario3
S1_reprodscen3_3,1000000,284270400768,395904,394289,0,4010,scenario3
S1_reprodscen3_3,1000000,284296608000,475376,473740,0,4011,scenario3
S1_reprodscen3_3,1000000,284321898496,405354,403625,0,4012,scenario3
S1_reprodscen3_3,1000000,284324130560,509812,507931,0,4013,scenario3
S1_reprodscen3_3,1000000,284338475008,419819,418071,0,4014,scenario3
S1_reprodscen3_3,1000000,284378738688,367124,365628,0,4015,scenario3
S1_reprodscen3_3,1000000,284416962560,363938,362388,0,4016,scenario3
S1_reprodscen3_3,1000000,284462197760,406588,404903,0,4017,scenario3
S1_reprodscen3_3,1000000,284483528960,446132,444445,0,4018,scenario3
S1_reprodscen3_3,1000000,284517840384,396941,395335,0,4019,scenario3
S1_reprodscen3_3,1000000,284538160640,396286,382115,0,4020,scenario3
S1_reprodscen3_3,1000000,284568403968,402892,401236,0,4021,scenario3
S1_reprodscen3_3,1000000,284570649600,364049,362449,0,4022,scenario3
S1_reprodscen3_3,1000000,284612893952,412354,410806,0,4023,scenario3
S1_reprodscen3_3,1000000,284653215744,350914,349372,0,4024,scenario3
S1_reprodscen3_3,1000000,284653834240,500367,499127,0,4024,scenario3
S1_reprodscen3_3,1000000,284664602368,455246,453600,0,4026,scenario3
S1_reprodscen3_3,1000000,284667775488,412879,411199,0,4027,scenario3
S1_reprodscen3_3,1000000,284812073984,384316,382750,0,4028,scenario3
S1_reprodscen3_3,1000000,284839472896,448907,447244,0,4029,scenario3
S1_reprodscen3_3,1000000,284841588736,418923,417211,0,4030,scenario3
S1_reprodscen3_3,1000000,284872030976,344159,342682,0,4031,scenario3
S1_reprodscen3_3,1000000,284914204416,351748,350360,0,4032,scenario3
S1_reprodscen3_3,1000000,284922378752,425654,424048,0,4033,scenario3
S1_reprodscen3_3,1000000,284981778688,365044,363549,0,4034,scenario3
S1_reprodscen3_3,1000000,285049988096,383950,382490,0,4035,scenario3
S1_reprodscen3_3,1000000,285051062784,421228,419625,0,4036,scenario3
S1_reprodscen3_3,1000000,285154326528,384005,382489,0,4037,scenario3
S1_reprodscen3_3,1000000,285170520832,427758,426053,0,4038,scenario3
S1_reprodscen3_3,1000000,285218700288,426535,424943,0,4039,scenario3
S1_reprodscen3_3,1000000,285224937216,413438,411758,0,4040,scenario3
S1_reprodscen3_3,1000000,285232142848,404591,402991,0,4041,scenario3
S1_reprodscen3_3,1000000,285278459136,418009,416301,0,4042,scenario3
S1_reprodscen3_3,1000000,285282783488,439907,438300,0,4043,scenario3
S1_reprodscen3_3,1000000,285291999488,437707,436052,0,4044,scenario3
S1_reprodscen3_3,1000000,285307397888,409218,407636,0,4045,scenario3
S1_reprodscen3_3,1000000,285326552832,422991,421314,0,4046,scenario3
S1_reprodscen3_3,1000000,285329739776,432210,430588,0,4047,scenario3
S1_reprodscen3_3,1000000,285341116160,445037,443328,0,4048,scenario3
S1_reprodscen3_3,1000000,285391372544,438927,437372,0,4049,scenario3
S1_reprodscen3_3,1000000,285415579392,433895,432316,0,4050,scenario3
S1_reprodscen3_3,1000000,285452826112,402869,401344,0,4051,scenario3
S1_reprodscen3_3,1000000,285502300416,391947,390418,0,4052,scenario3
S1_reprodscen3_3,1000000,285517451008,389652,388163,0,4053,scenario3
S1_reprodscen3_3,1000000,285576831232,391869,390273,0,4054,scenario3
S1_reprodscen3_3,1000000,285599004160,349302,347838,0,4055,scenario3
S1_reprodscen3_3,1000000,285605428992,376577,374969,0,4056,scenario3
S1_reprodscen3_3,1000000,285635781632,357930,356413,0,4057,scenario3
S1_reprodscen3_3,1000000,285646991360,381546,379960,0,4058,scenario3
S1_reprodscen3_3,1000000,285660355328,432195,430521,0,4059,scenario3
S1_reprodscen3_3,1000000,285660984832,467364,466101,0,4059,scenario3
S1_reprodscen3_3,1000000,285664436224,414209,412570,0,4061,scenario3
S1_reprodscen3_3,1000000,285789883136,450187,448618,0,4062,scenario3
S1_reprodscen3_3,1000000,285790496512,452694,451498,0,4062,scenario3
S1_reprodscen3_3,1000000,285845121792,373099,371731,0,4064,scenario3
S1_reprodscen3_3,1000000,285852253952,386128,384648,0,4065,scenario3
S1_reprodscen3_3,1000000,285881551616,344478,343008,0,4066,scenario3
S1_reprodscen3_3,1000000,285887835136,362720,361282,0,4067,scenario3
S1_reprodscen3_3,1000000,285912116992,381865,380343,0,4068,scenario3
S1_reprodscen3_3,1000000,285931379456,439201,437496,0,4069,scenario3
S1_reprodscen3_3,1000000,285949637120,371113,369602,0,4070,scenario3
S1_reprodscen3_3,1000000,285954091520,399118,397609,0,4071,scenario3
S1_reprodscen3_3,1000000,285973269504,393010,391459,0,4072,scenario3
S1_reprodscen3_3,1000000,286005520896,389514,387946,0,4073,scenario3
S1_reprodscen3_3,1000000,286021881344,359854,358367,0,4074,scenario3
S1_reprodscen3_3,1000000,286074027520,359423,357889,0,4075,scenario3
S1_reprodscen3_3,1000000,286086237952,392175,390654,0,4076,scenario3
S1_reprodscen3_3,1000000,286141570304,359106,357534,0,4077,scenario3
S1_reprodscen3_3,1000000,286148822528,366433,364872,0,4078,scenario3
S1_reprodscen3_3,1000000,286189126656,348854,347313,0,4079,scenario3
S1_reprodscen3_3,1000000,286193364736,404135,402484,0,4080,scenario3
S1_reprodscen3_3,1000000,286295668480,439347,437645,0,4081,scenario3
S1_reprodscen3_3,1000000,286299910912,433170,431564,0,4082,scenario3
S1_reprodscen3_3,1000000,286327101440,393018,391072,0,4083,scenario3
S1_reprodscen3_3,1000000,286357418240,377750,376080,0,4084,scenario3
S1_reprodscen3_3,1000000,286373707520,383437,381869,0,4085,scenario3
S1_reprodscen3_3,1000000,286388992000,393695,392187,0,4086,scenario3
S1_reprodscen3_3,1000000,286430277120,348863,347352,0,4087,scenario3
S1_reprodscen3_3,1000000,286435616512,534248,531946,0,4088,scenario3
S1_reprodscen3_3,1000000,286440788480,416734,415138,0,4089,scenario3
S1_reprodscen3_3,1000000,286469075712,374606,373038,0,4090,scenario3
S1_reprodscen3_3,1000000,286561273856,344193,342745,0,4091,scenario3
S1_reprodscen3_3,1000000,286602647808,333606,332205,0,4092,scenario3
S1_reprodscen3_3,1000000,286621777664,407616,405948,0,4093,scenario3
S1_reprodscen3_3,1000000,286658168320,378123,376638,0,4094,scenario3
S1_reprodscen3_3,1000000,286674464256,373894,372368,0,4095,scenario3
S1_reprodscen3_3,1000000,286802693888,409036,407425,0,4096,scenario3
S1_reprodscen3_3,1000000,286813995776,412297,410684,0,4097,scenario3
S1_reprodscen3_3,1000000,286817355776,399086,397573,0,4098,scenario3
S1_reprodscen3_3,1000000,286850582016,343761,342299,0,4099,scenario3
S1_reprodscen3_3,1000000,286872836352,343722,342226,0,4100,scenario3
S1_reprodscen3_3,1000000,286884073216,393291,391617,0,4101,scenario3
S1_reprodscen3_3,1000000,286906480128,423145,421537,0,4102,scenario3
S1_reprodscen3_3,1000000,286920799744,474076,472386,0,4103,scenario3
S1_reprodscen3_3,1000000,286921815552,504871,503335,0,4104,scenario3
S1_reprodscen3_3,1000000,286950091264,369277,367759,0,4105,scenario3
S1_reprodscen3_3,1000000,286965463808,390419,388904,0,4106,scenario3
S1_reprodscen3_3,1000000,287027605504,345320,343848,0,4107,scenario3
S1_reprodscen3_3,1000000,287082837248,414977,413385,0,4108,scenario3
S1_reprodscen3_3,1000000,287092118784,392176,390684,0,4109,scenario3
S1_reprodscen3_3,1000000,287123403776,440889,439218,0,4110,scenario3
S1_reprodscen3_3,1000000,287145667072,420081,418464,0,4111,scenario3
S1_reprodscen3_3,1000000,287154820096,460580,458885,0,4112,scenario3
S1_reprodscen3_3,1000000,287184192512,332953,331556,0,4113,scenario3
S1_reprodscen3_3,1000000,287223523584,425363,423758,0,4114,scenario3
S1_reprodscen3_3,1000000,287269801472,412154,410512,0,4115,scenario3
S1_reprodscen3_3,1000000,287284050432,397419,395816,0,4116,scenario3
S1_reprodscen3_3,1000000,287289257216,434053,432226,0,4117,scenario3
S1_reprodscen3_3,1000000,287293471488,399068,397459,0,4118,scenario3
S1_reprodscen3_3,1000000,287318864640,349815,348329,0,4119,scenario3
S1_reprodscen3_3,1000000,287376099328,349079,347594,0,4120,scenario3
S1_reprodscen3_3,1000000,287397376512,344601,343076,0,4121,scenario3
S1_reprodscen3_3,1000000,287421636352,384364,382812,0,4122,scenario3
S1_reprodscen3_3,1000000,287434018048,465596,463457,0,4123,scenario3
S1_reprodscen3_3,1000000,287464198656,383330,381809,0,4124,scenario3
S1_reprodscen3_3,1000000,287535704576,332728,331332,0,4125,scenario3
S1_reprodscen3_3,1000000,287536473856,618830,616915,0,4125,scenario3
S1_reprodscen3_3,1000000,287614967296,376365,374799,0,4127,scenario3
S1_reprodscen3_3,1000000,287621205760,401734,400149,0,4128,scenario3
S1_reprodscen3_3,1000000,287693469440,399721,398127,0,4129,scenario3
S1_reprodscen3_3,1000000,287808772864,381148,379615,0,4130,scenario3
S1_reprodscen3_3,1000000,287829938944,416614,414979,0,4131,scenario3
S1_reprodscen3_3,1000000,287924337408,350159,348616,0,4132,scenario3
S1_reprodscen3_3,1000000,287937572608,350825,349296,0,4133,scenario3
S1_reprodscen3_3,1000000,287965913344,385312,383654,0,4134,scenario3
S1_reprodscen3_3,1000000,287974090240,411782,410167,0,4135,scenario3
S1_reprodscen3_3,1000000,288002350592,427580,425788,0,4136,scenario3
S1_reprodscen3_3,1000000,288032724736,384409,382761,0,4137,scenario3
S1_reprodscen3_3,1000000,288035034368,412144,410499,0,4138,scenario3
S1_reprodscen3_3,1000000,288084305152,441222,439413,0,4139,scenario3
S1_reprodscen3_3,1000000,288116756480,377960,376325,0,4140,scenario3
S1_reprodscen3_3,1000000,288159033856,432422,430724,0,4141,scenario3
S1_reprodscen3_3,1000000,288222170368,429654,427915,0,4142,scenario3
S1_reprodscen3_3,1000000,288305390848,438325,436477,0,4143,scenario3
S1_reprodscen3_3,1000000,288306553600,435687,433745,0,4144,scenario3
S1_reprodscen3_3,1000000,288322845952,384844,383132,0,4145,scenario3
S1_reprodscen3_3,1000000,288342319872,535467,533424,0,4146,scenario3
S1_reprodscen3_3,1000000,288345323264,436051,434294,0,4147,scenario3
S1_reprodscen3_3,1000000,288368721920,427438,425710,0,4148,scenario3
S1_reprodscen3_3,1000000,288390048512,406980,405312,0,4149,scenario3
S1_reprodscen3_3,1000000,288425313024,378188,376563,0,4150,scenario3
S1_reprodscen3_3,1000000,288449691904,372444,370852,0,4151,scenario3
S1_reprodscen3_3,1000000,288467965952,350520,348959,0,4152,scenario3
S1_reprodscen3_3,1000000,288484177152,436016,434269,0,4153,scenario3
S1_reprodscen3_3,1000000,288523687936,403867,402193,0,4154,scenario3
S1_reprodscen3_3,1000000,288526830848,443685,441902,0,4155,scenario3
S1_reprodscen3_3,1000000,288596276736,350931,349333,0,4156,scenario3
S1_reprodscen3_3,1000000,288603526656,425852,424148,0,4157,scenario3
S1_reprodscen3_3,1000000,288624986112,475915,473146,0,4158,scenario3
S1_reprodscen3_3,1000000,288625804288,668854,666466,0,4158,scenario3
S1_reprodscen3_3,1000000,288626931968,443066,441432,0,4160,scenario3
S1_reprodscen3_3,1000000,288665321728,350858,349269,0,4161,scenario3
S1_reprodscen3_3,1000000,288807629056,364112,362478,0,4162,scenario3
S1_reprodscen3_3,1000000,288814913280,359449,357838,0,4163,scenario3
S1_reprodscen3_3,1000000,288909274368,384169,382518,0,4164,scenario3
S1_reprodscen3_3,1000000,288922571008,408003,406305,0,4165,scenario3
S1_reprodscen3_3,1000000,289062988800,372118,370358,0,4166,scenario3
S1_reprodscen3_3,1000000,289068452352,549360,547009,0,4167,scenario3
S1_reprodscen3_3,1000000,289071457792,514137,499803,0,4168,scenario3
S1_reprodscen3_3,1000000,289078537216,446623,444574,0,4169,scenario3
S1_reprodscen3_3,1000000,289117085952,393339,391404,0,4170,scenario3
S1_reprodscen3_3,1000000,289158293760,389969,388034,0,4171,scenario3
S1_reprodscen3_3,1000000,289160439040,428409,426450,0,4172,scenario3
S1_reprodscen3_3,1000000,289168679424,441724,439689,0,4173,scenario3
S1_reprodscen3_3,1000000,289170869760,396333,394309,0,4174,scenario3
S1_reprodscen3_3,1000000,289192159488,445670,443749,0,4175,scenario3
S1_reprodscen3_3,1000000,289211597056,484254,482268,0,4176,scenario3
S1_reprodscen3_3,1000000,289234919936,363699,361825,0,4177,scenario3
S1_reprodscen3_3,1000000,289256129792,407390,405370,0,4178,scenario3
S1_reprodscen3_3,1000000,289300410624,377133,375306,0,4179,scenario3
S1_reprodscen3_3,1000000,289301514240,372852,358080,0,4180,scenario3
S1_reprodscen3_3,1000000,289342033152,478130,476191,0,4181,scenario3
S1_reprodscen3_3,1000000,289363242240,469638,467330,0,4182,scenario3
S1_reprodscen3_3,1000000,289434584320,351554,349760,0,4183,scenario3
S1_reprodscen3_3,1000000,289440804864,375249,373368,0,4184,scenario3
S1_reprodscen3_3,1000000,289443987712,416374,414583,0,4185,scenario3
S1_reprodscen3_3,1000000,289468318464,390761,389050,0,4186,scenario3
S1_reprodscen3_3,1000000,289573641728,386686,384916,0,4187,scenario3
S1_reprodscen3_3,1000000,289574712576,371840,370244,0,4188,scenario3
S1_reprodscen3_3,1000000,289579948800,393715,392112,0,4189,scenario3
S1_reprodscen3_3,1000000,289588358656,401362,399568,0,4190,scenario3
S1_reprodscen3_3,1000000,289637671424,367776,366028,0,4191,scenario3
S1_reprodscen3_3,1000000,289654829568,394972,393156,0,4192,scenario3
S1_reprodscen3_3,1000000,289844448768,427479,425174,0,4193,scenario3
S1_reprodscen3_3,1000000,289859609344,368932,366867,0,4194,scenario3
S1_reprodscen3_3,1000000,289888802816,399480,397747,0,4195,scenario3
S1_reprodscen3_3,1000000,289907190016,388010,386258,0,4196,scenario3
S1_reprodscen3_3,1000000,289912501248,484522,481785,0,4197,scenario3
S1_reprodscen3_3,1000000,289923855872,369092,367255,0,4198,scenario3
S1_reprodscen3_3,1000000,289953058048,366816,365075,0,4199,scenario3
S1_reprodscen3_3,1000000,290001378304,366526,364641,0,4200,scenario3
S1_reprodscen3_3,1000000,290009569280,409892,408129,0,4201,scenario3
S1_reprodscen3_3,1000000,290074960128,361943,360155,0,4202,scenario3
S1_reprodscen3_3,1000000,290079457536,756359,753455,0,4203,scenario3
S1_reprodscen3_3,1000000,290085323520,440879,439075,0,4204,scenario3
S1_reprodscen3_3,1000000,290131595008,401012,399353,0,4205,scenario3
S1_reprodscen3_3,1000000,290138949120,379295,377527,0,4206,scenario3
S1_reprodscen3_3,1000000,290163147264,392007,390229,0,4207,scenario3
S1_reprodscen3_3,1000000,290167866880,662017,659154,0,4208,scenario3
S1_reprodscen3_3,1000000,290209872384,385004,383278,0,4209,scenario3
S1_reprodscen3_3,1000000,290231121920,420879,418788,0,4210,scenario3
S1_reprodscen3_3,1000000,290330319360,427375,425659,0,4211,scenario3
S1_reprodscen3_3,1000000,290407622656,363066,361208,0,4212,scenario3
S1_reprodscen3_3,1000000,290410959872,388969,387198,0,4213,scenario3
S1_reprodscen3_3,1000000,290482198016,396920,395089,0,4214,scenario3
S1_reprodscen3_3,1000000,290493423872,395625,393905,0,4215,scenario3
S1_reprodscen3_3,1000000,290505740800,357572,355747,0,4216,scenario3
S1_reprodscen3_3,1000000,290524040448,349711,347988,0,4217,scenario3
S1_reprodscen3_3,1000000,290538449920,357341,355639,0,4218,scenario3
S1_reprodscen3_3,1000000,290595751680,333943,332336,0,4219,scenario3
S1_reprodscen3_3,1000000,290704934656,390178,388457,0,4220,scenario3
S1_reprodscen3_3,1000000,290874215680,333898,332221,0,4221,scenario3
S1_reprodscen3_3,1000000,290894579456,335003,333360,0,4222,scenario3
S1_reprodscen3_3,1000000,290990827776,334755,333007,0,4223,scenario3
S1_reprodscen3_3,1000000,291073168640,379115,377340,0,4224,scenario3
S1_reprodscen3_3,1000000,291105301760,334931,333205,0,4225,scenario3
S1_reprodscen3_3,1000000,291125571840,368141,366284,0,4226,scenario3
S1_reprodscen3_3,1000000,291150888192,334457,332663,0,4227,scenario3
S1_reprodscen3_3,1000000,291204234496,455303,453322,0,4228,scenario3
S1_reprodscen3_3,1000000,291223596800,335493,333853,0,4229,scenario3
S1_reprodscen3_3,1000000,291280984576,366615,364529,0,4230,scenario3
S1_reprodscen3_3,1000000,291321245952,378749,376910,0,4231,scenario3
S1_reprodscen3_3,1000000,291325543424,439505,437391,0,4232,scenario3
S1_reprodscen3_3,1000000,291358017280,393828,391909,0,4233,scenario3
S1_reprodscen3_3,1000000,291367329792,460724,458621,0,4234,scenario3
S1_reprodscen3_3,1000000,291393677312,377041,375069,0,4235,scenario3
S1_reprodscen3_3,1000000,291394867968,403633,401590,0,4236,scenario3
S1_reprodscen3_3,1000000,291430211584,405428,403492,0,4237,scenario3
S1_reprodscen3_3,1000000,291444600576,370864,368761,0,4238,scenario3
S1_reprodscen3_3,1000000,291462900992,375053,373105,0,4239,scenario3
S1_reprodscen3_3,1000000,291472217600,369920,367989,0,4240,scenario3
S1_reprodscen3_3,1000000,291497552384,375945,373982,0,4241,scenario3
S1_reprodscen3_3,1000000,291527999232,364939,363047,0,4242,scenario3
S1_reprodscen3_3,1000000,291545260800,364505,362525,0,4243,scenario3
S1_reprodscen3_3,1000000,291601601280,363739,361720,0,4244,scenario3
S1_reprodscen3_3,1000000,291631014656,390988,389071,0,4245,scenario3
S1_reprodscen3_3,1000000,291665301504,353888,351768,0,4246,scenario3
S1_reprodscen3_3,1000000,291832702720,376581,374627,0,4247,scenario3
S1_reprodscen3_3,1000000,291906994432,363899,361908,0,4248,scenario3
S1_reprodscen3_3,1000000,291911317760,411873,409886,0,4249,scenario3
S1_reprodscen3_3,1000000,291957601536,369330,367258,0,4250,scenario3
S1_reprodscen3_3,1000000,291984002816,386041,384054,0,4251,scenario3
S1_reprodscen3_3,1000000,292119329792,363669,361521,0,4252,scenario3
S1_reprodscen3_3,1000000,292144699648,390196,388351,0,4253,scenario3
S1_reprodscen3_3,1000000,292166978048,388338,386292,0,4254,scenario3
S1_reprodscen3_3,1000000,292172497920,468224,465199,0,4255,scenario3
S1_reprodscen3_3,1000000,292200568064,389477,387473,0,4256,scenario3
S1_reprodscen3_3,1000000,292256941568,369316,367355,0,4257,scenario3
S1_reprodscen3_3,1000000,292391372800,390384,388296,0,4258,scenario3
S1_reprodscen3_3,1000000,292457666560,375055,373065,0,4259,scenario3
S1_reprodscen3_3,1000000,292493058048,391512,389484,0,4260,scenario3
S1_reprodscen3_3,1000000,292536386816,373847,371864,0,4261,scenario3
S1_reprodscen3_3,1000000,292552805376,368869,366885,0,4262,scenario3
S1_reprodscen3_3,1000000,292558048512,496028,493988,0,4263,scenario3
S1_reprodscen3_3,1000000,292580405504,352788,350751,0,4264,scenario3
S1_reprodscen3_3,1000000,292590835712,373241,371254,0,4265,scenario3
S1_reprodscen3_3,1000000,292593027328,384650,382732,0,4266,scenario3
S1_reprodscen3_3,1000000,292602513408,364684,362761,0,4267,scenario3
S1_reprodscen3_3,1000000,292609878016,455965,453822,0,4268,scenario3
S1_reprodscen3_3,1000000,292623124224,364168,362194,0,4269,scenario3
S1_reprodscen3_3,1000000,292920415488,353736,351841,0,4270,scenario3
S1_reprodscen3_3,1000000,292936675584,415656,413746,0,4271,scenario3
S1_reprodscen3_3,1000000,292944006912,443700,441571,0,4272,scenario3
S1_reprodscen3_3,1000000,292958455552,354246,352343,0,4273,scenario3
S1_reprodscen3_3,1000000,292960850176,421794,419749,0,4274,scenario3
S1_reprodscen3_3,1000000,293012114688,360964,359253,0,4275,scenario3
S1_reprodscen3_3,1000000,293100360448,447411,445672,0,4276,scenario3
S1_reprodscen3_3,1000000,293194586624,364636,363061,0,4277,scenario3
S1_reprodscen3_3,1000000,293233937152,370986,369422,0,4278,scenario3
S1_reprodscen3_3,1000000,293248010240,432609,430840,0,4279,scenario3
S1_reprodscen3_3,1000000,293283278848,405659,404033,0,4280,scenario3
S1_reprodscen3_3,1000000,293304561920,358943,357427,0,4281,scenario3
S1_reprodscen3_3,1000000,293428789760,416649,415045,0,4282,scenario3
S1_reprodscen3_3,1000000,293454276608,386182,384585,0,4283,scenario3
S1_reprodscen3_3,1000000,293458497792,423447,417422,0,4284,scenario3
S1_reprodscen3_3,1000000,293595829760,425206,423626,0,4285,scenario3
S1_reprodscen3_3,1000000,293619047168,411261,409649,0,4286,scenario3
S1_reprodscen3_3,1000000,293630384896,385403,383820,0,4287,scenario3
S1_reprodscen3_3,1000000,293633684480,385440,383782,0,4288,scenario3
S1_reprodscen3_3,1000000,293672958720,385569,383940,0,4289,scenario3
S1_reprodscen3_3,1000000,293857274112,349567,347959,0,4290,scenario3
S1_reprodscen3_3,1000000,293873488896,403781,402041,0,4291,scenario3
S1_reprodscen3_3,1000000,294014804736,398922,397210,0,4292,scenario3
S1_reprodscen3_3,1000000,294019206656,447641,445529,0,4293,scenario3
S1_reprodscen3_3,1000000,294077379072,358123,356445,0,4294,scenario3
S1_reprodscen3_3,1000000,294092639488,399087,397433,0,4295,scenario3
S1_reprodscen3_3,1000000,294230973696,384548,382809,0,4296,scenario3
S1_reprodscen3_3,1000000,294234209280,410529,408807,0,4297,scenario3
S1_reprodscen3_3,1000000,294259560448,349713,348132,0,4298,scenario3
S1_reprodscen3_3,1000000,294270761216,424555,422788,0,4299,scenario3
S1_reprodscen3_3,1000000,294321169920,480652,478813,0,4300,scenario3
S1_reprodscen3_3,1000000,294340430848,439712,437637,0,4301,scenario3
S1_reprodscen3_3,1000000,294342871040,416700,414678,0,4302,scenario3
S1_reprodscen3_3,1000000,294544031744,396449,394740,0,4303,scenario3
S1_reprodscen3_3,1000000,294559390976,447417,445418,0,4304,scenario3
S1_reprodscen3_3,1000000,294690545152,413185,411068,0,4305,scenario3
S1_reprodscen3_3,1000000,294880990976,361835,360197,0,4306,scenario3
S1_reprodscen3_3,1000000,295049292544,351340,349592,0,4307,scenario3
S1_reprodscen3_3,1000000,295112619520,371630,369804,0,4308,scenario3
S1_reprodscen3_3,1000000,295131940608,351863,350096,0,4309,scenario3
S1_reprodscen3_3,1000000,295207197440,364916,362762,0,4310,scenario3
S1_reprodscen3_3,1000000,295227642112,420488,418154,0,4311,scenario3
S1_reprodscen3_3,1000000,295240736512,381310,379626,0,4312,scenario3
S1_reprodscen3_3,1000000,295303030784,400799,399010,0,4313,scenario3
S1_reprodscen3_3,1000000,295357380864,357282,355581,0,4314,scenario3
S1_reprodscen3_3,1000000,295530800128,339447,337678,0,4315,scenario3
S1_reprodscen3_3,1000000,295553356032,406132,404223,0,4316,scenario3
S1_reprodscen3_3,1000000,295684584704,339556,337811,0,4317,scenario3
S1_reprodscen3_3,1000000,295685718528,401554,399770,0,4318,scenario3
S1_reprodscen3_3,1000000,296134005504,417926,415967,0,4319,scenario3
S1_reprodscen3_3,1000000,296156323840,401388,399500,0,4320,scenario3
S1_reprodscen3_3,1000000,296164563456,401761,399819,0,4321,scenario3
S1_reprodscen3_3,1000000,296189919488,427964,426094,0,4322,scenario3
S1_reprodscen3_3,1000000,296229315072,363707,361873,0,4323,scenario3
S1_reprodscen3_3,1000000,296239798528,421709,419213,0,4324,scenario3
S1_reprodscen3_3,1000000,296361987584,374875,372584,0,4325,scenario3
S1_reprodscen3_3,1000000,296390412544,371032,368619,0,4326,scenario3
S1_reprodscen3_3,1000000,296397831936,429685,427252,0,4327,scenario3
S1_reprodscen3_3,1000000,296586094848,432165,410620,0,4328,scenario3
S1_reprodscen3_3,1000000,296626386688,361184,358941,0,4329,scenario3
S1_reprodscen3_3,1000000,296884660736,419326,416882,0,4330,scenario3
S1_reprodscen3_3,1000000,296992088320,349102,346682,0,4331,scenario3
S1_reprodscen3_3,1000000,297110531584,367030,364874,0,4332,scenario3
S1_reprodscen3_3,1000000,297119761664,411497,409169,0,4333,scenario3
S1_reprodscen3_3,1000000,297150105344,433089,412825,0,4334,scenario3
S1_reprodscen3_3,1000000,297240722944,482439,480176,0,4335,scenario3
S1_reprodscen3_3,1000000,297355905792,395751,393873,0,4336,scenario3
S1_reprodscen3_3,1000000,297656038400,398894,396925,0,4337,scenario3
S1_reprodscen3_3,1000000,297941424384,361115,347356,0,4338,scenario3
S1_reprodscen3_3,1000000,298017858560,520100,518044,0,4339,scenario3
S1_reprodscen3_3,1000000,298060220160,383865,381966,0,4340,scenario3
S1_reprodscen3_3,1000000,298164707584,379224,377447,0,4341,scenario3
S1_reprodscen3_3,1000000,298211847680,428181,426009,0,4342,scenario3
S1_reprodscen3_3,1000000,298497168896,430081,428081,0,4343,scenario3
S1_reprodscen3_3,1000000,298727477248,437864,435745,0,4344,scenario3
S1_reprodscen3_3,1000000,298872644864,436460,434771,0,4345,scenario3
S1_reprodscen3_3,1000000,299113960960,426291,424660,0,4346,scenario3
S1_reprodscen3_3,1000000,299197224192,407873,406307,0,4347,scenario3
S1_reprodscen3_3,1000000,299523509504,439462,437831,0,4348,scenario3
S1_reprodscen3_3,1000000,299617907456,415527,413944,0,4349,scenario3
S1_reprodscen3_3,1000000,300176161536,375777,374243,0,4350,scenario3
S1_reprodscen3_3,1000000,300224317696,447276,445587,0,4351,scenario3
S1_reprodscen3_3,1000000,300254743808,375602,374169,0,4352,scenario3
S1_reprodscen3_3,1000000,300372927744,432507,430839,0,4353,scenario3
S1_reprodscen3_3,1000000,300729537280,509525,507883,0,4354,scenario3
S2_reprodscen3_3,10000001,0,3550641,3547062,0,0,scenario3
S2_reprodscen3_3,10000001,12685056,3290788,3289292,0,1,scenario3
S2_reprodscen3_3,10000001,39817472,3362440,3360946,0,2,scenario3
S2_reprodscen3_3,10000001,282314752,3605268,3603692,0,3,scenario3
S2_reprodscen3_3,10000001,431776512,3779481,3777870,0,4,scenario3
S2_reprodscen3_3,10000001,770933504,3838417,3836391,0,5,scenario3
S2_reprodscen3_3,10000001,829781504,3527253,3525770,0,6,scenario3
S2_reprodscen3_3,10000001,1250201088,3701786,3699780,0,7,scenario3
S2_reprodscen3_3,10000001,1312646912,3665303,3663531,0,8,scenario3
S2_reprodscen3_3,10000001,1472806656,3444622,3443222,0,9,scenario3
S2_reprodscen3_3,10000001,1774867968,3319721,3318171,0,10,scenario3
S2_reprodscen3_3,10000001,1946377984,3338612,3337143,0,11,scenario3
S2_reprodscen3_3,10000001,1992955136,3769195,3767528,0,12,scenario3
S2_reprodscen3_3,10000001,2438217472,3751338,3749415,0,13,scenario3
S2_reprodscen3_3,10000001,2441813504,3480941,3476259,0,13,scenario3
S2_reprodscen3_3,10000001,2802536448,3353452,3351805,0,15,scenario3
S2_reprodscen3_3,10000001,2838234880,3667817,3665304,0,16,scenario3
S2_reprodscen3_3,10000001,3067363584,3343272,3341374,0,17,scenario3
S2_reprodscen3_3,10000001,3150010624,3582212,3580278,0,18,scenario3
S2_reprodscen3_3,10000001,3438370816,3364611,3362844,0,19,scenario3
S2_reprodscen3_3,10000001,3551681536,3387814,3385776,0,20,scenario3
S2_reprodscen3_3,10000001,3681783808,3364632,3362865,0,21,scenario3
S2_reprodscen3_3,10000001,3859286016,3376950,3374886,0,22,scenario3
S2_reprodscen3_3,10000001,3912790016,3391103,3388979,0,23,scenario3
S2_reprodscen3_3,10000001,3959042048,4038143,4035334,0,24,scenario3
S2_reprodscen3_3,10000001,4009665792,3475451,3472249,0,25,scenario3
S2_reprodscen3_3,10000001,4241896448,3544710,3541350,0,26,scenario3
S2_reprodscen3_3,10000001,4329744128,3757497,3754623,0,27,scenario3
S2_reprodscen3_3,10000001,4752689408,3348092,3346279,0,28,scenario3
S2_reprodscen3_3,10000001,4763022848,3402634,3400771,0,29,scenario3
S2_reprodscen3_3,10000001,4792377088,3344494,3342589,0,30,scenario3
S2_reprodscen3_3,10000001,4901034752,3708404,3705820,0,31,scenario3
S2_reprodscen3_3,10000001,4911284992,3638763,3635573,0,32,scenario3
S2_reprodscen3_3,10000001,4941440768,3467931,3465814,0,33,scenario3
S2_reprodscen3_3,10000001,5254351872,3890607,3888648,0,34,scenario3
S2_reprodscen3_3,10000001,5836226816,3425112,3423198,0,35,scenario3
S2_reprodscen3_3,10000001,6145508352,3489432,3487397,0,36,scenario3
S2_reprodscen3_3,10000001,6180857856,3370754,3368857,0,37,scenario3
S2_reprodscen3_3,10000001,6214360832,3376502,3374624,0,38,scenario3
S2_reprodscen3_3,10000001,6248247552,3928734,3926822,0,39,scenario3
S2_reprodscen3_3,10000001,6266788352,3370408,3368410,0,40,scenario3
S2_reprodscen3_3,10000001,6397447168,3382195,3380278,0,41,scenario3
S2_reprodscen3_3,10000001,6563644928,3460350,3458364,0,42,scenario3
S2_reprodscen3_3,10000001,6748162816,3631298,3629287,0,43,scenario3
S2_reprodscen3_3,10000001,6751785984,3503048,3501629,0,43,scenario3
S2_reprodscen3_3,10000001,6845724672,3367586,3365629,0,45,scenario3
S2_reprodscen3_3,10000001,7042075904,3460397,3458425,0,46,scenario3
S2_reprodscen3_3,10000001,7059746816,3746276,3742878,0,47,scenario3
S2_reprodscen3_3,10000001,7128243712,3458813,3455464,0,48,scenario3
S2_reprodscen3_3,10000001,7403338240,3465429,3463706,0,49,scenario3
S2_reprodscen3_3,10000001,7425630208,3419180,3417451,0,50,scenario3
S2_reprodscen3_3,10000001,7488172544,3702684,3700889,0,51,scenario3
S2_reprodscen3_3,10000001,7727425792,3877694,3875114,0,52,scenario3
S2_reprodscen3_3,10000001,7864054016,3348785,3346879,0,53,scenario3
S2_reprodscen3_3,10000001,8143358976,3986558,3983930,0,54,scenario3
S2_reprodscen3_3,10000001,8149377792,4098306,4095925,0,55,scenario3
S2_reprodscen3_3,10000001,8169307648,3461418,3458096,0,56,scenario3
S2_reprodscen3_3,10000001,8212630784,3607678,3604427,0,57,scenario3
S2_reprodscen3_3,10000001,8345706752,3436176,3434174,0,58,scenario3
S2_reprodscen3_3,10000001,8369997568,3388736,3386861,0,59,scenario3
S2_reprodscen3_3,10000001,8447974656,4000652,3997805,0,60,scenario3
S2_reprodscen3_3,10000001,8457795072,3767085,3765027,0,61,scenario3
S2_reprodscen3_3,10000001,8514823680,3372149,3370374,0,62,scenario3
S2_reprodscen3_3,10000001,8721096448,3362652,3360694,0,63,scenario3
S2_reprodscen3_3,10000001,8761433856,3367544,3365620,0,64,scenario3
S2_reprodscen3_3,10000001,8854417408,4045614,4043001,0,65,scenario3
S2_reprodscen3_3,10000001,8905304064,3470288,3468210,0,66,scenario3
S2_reprodscen3_3,10000001,9166442752,3340806,3339004,0,67,scenario3
S2_reprodscen3_3,10000001,9262743808,3365469,3363365,0,68,scenario3
S2_reprodscen3_3,10000001,9343465728,3738278,3736174,0,69,scenario3
S2_reprodscen3_3,10000001,9347096320,3493928,3492198,0,69,scenario3
S2_reprodscen3_3,10000001,9404404480,3788446,3784831,0,71,scenario3
S2_reprodscen3_3,10000001,9408251648,3664360,3661847,0,72,scenario3
S2_reprodscen3_3,10000001,9546857984,4268961,4264954,0,73,scenario3
S2_reprodscen3_3,10000001,9562673408,3434241,3432327,0,74,scenario3
S2_reprodscen3_3,10000001,9687055616,3418290,3416362,0,75,scenario3
S2_reprodscen3_3,10000001,9695445504,3363133,3361384,0,76,scenario3
S2_reprodscen3_3,10000001,9721560064,3419820,3417935,0,77,scenario3
S2_reprodscen3_3,10000001,9740925184,3414098,3412166,0,78,scenario3
S2_reprodscen3_3,10000001,9846277632,3403514,3401828,0,79,scenario3
S2_reprodscen3_3,10000001,9856673536,3654896,3652738,0,80,scenario3
S2_reprodscen3_3,10000001,9937723392,3393721,3391826,0,81,scenario3
S2_reprodscen3_3,10000001,10197246208,3713136,3710314,0,82,scenario3
S2_reprodscen3_3,10000001,10340501248,3443682,3441678,0,83,scenario3
S2_reprodscen3_3,10000001,10384771072,3684561,3682642,0,84,scenario3
S2_reprodscen3_3,10000001,10388338944,3429706,3427889,0,84,scenario3
S2_reprodscen3_3,10000001,10410189568,3542452,3540617,0,86,scenario3
S2_reprodscen3_3,10000001,10865883904,3569934,3567255,0,87,scenario3
S2_reprodscen3_3,10000001,10917054464,3821570,3819030,0,88,scenario3
S2_reprodscen3_3,10000001,11005424896,3910537,3907910,0,89,scenario3
S2_reprodscen3_3,10000001,11024468480,3568235,3565095,0,90,scenario3
S2_reprodscen3_3,10000001,11089708544,3633657,3631531,0,91,scenario3
S2_reprodscen3_3,10000001,11114866688,3380860,3378906,0,92,scenario3
S2_reprodscen3_3,10000001,11134206720,3374290,3372451,0,93,scenario3
S2_reprodscen3_3,10000001,11168492800,3395411,3393335,0,94,scenario3
S2_reprodscen3_3,10000001,11444815104,3408745,3406849,0,95,scenario3
S2_reprodscen3_3,10000001,11489132544,3435567,3433545,0,96,scenario3
S2_reprodscen3_3,10000001,11503038208,3996282,3993413,0,97,scenario3
S2_reprodscen3_3,10000001,11552269568,3575618,3572337,0,98,scenario3
S2_reprodscen3_3,10000001,11556018176,3605601,3604120,0,98,scenario3
S2_reprodscen3_3,10000001,11771552768,3423043,3421078,0,100,scenario3
S2_reprodscen3_3,10000001,11786872064,3396348,3394516,0,101,scenario3
S2_reprodscen3_3,10000001,11816508672,3652742,3650046,0,102,scenario3
S2_reprodscen3_3,10000001,11957582848,3456689,3454859,0,103,scenario3
S2_reprodscen3_3,10000001,12063161856,3723724,3720951,0,104,scenario3
S2_reprodscen3_3,10000001,12073230848,3462882,3461004,0,105,scenario3
S2_reprodscen3_3,10000001,12144496640,3378223,3376002,0,106,scenario3
S2_reprodscen3_3,10000001,12218297344,4015483,4012526,0,107,scenario3
S2_reprodscen3_3,10000001,12272387072,3640747,3638789,0,108,scenario3
S2_reprodscen3_3,10000001,12307639808,3496223,3493153,0,109,scenario3
S2_reprodscen3_3,10000001,12366792960,3402043,3400145,0,110,scenario3
S2_reprodscen3_3,10000001,12519957504,3480382,3478506,0,111,scenario3
S2_reprodscen3_3,10000001,12539771904,3802041,3798039,0,112,scenario3
S2_reprodscen3_3,10000001,12543663872,3575030,3573377,0,113,scenario3
S2_reprodscen3_3,10000001,12926923264,3551420,3549566,0,114,scenario3
S2_reprodscen3_3,10000001,12930464256,3353452,3351986,0,114,scenario3
S2_reprodscen3_3,10000001,12962183424,3429044,3427051,0,116,scenario3
S2_reprodscen3_3,10000001,12994491648,3371502,3369613,0,117,scenario3
S2_reprodscen3_3,10000001,13038879232,3334042,3332212,0,118,scenario3
S2_reprodscen3_3,10000001,13185658368,3883907,3881375,0,119,scenario3
S2_reprodscen3_3,10000001,13200476160,3542367,3539887,0,120,scenario3
S2_reprodscen3_3,10000001,13209443584,4015819,4013162,0,121,scenario3
S2_reprodscen3_3,10000001,13236075776,3415955,3413945,0,122,scenario3
S2_reprodscen3_3,10000001,13267532032,3414232,3412527,0,123,scenario3
S2_reprodscen3_3,10000001,13321749248,3441925,3440206,0,124,scenario3
S2_reprodscen3_3,10000001,13349257984,3780324,3778543,0,125,scenario3
S2_reprodscen3_3,10000001,13383669248,3701883,3700176,0,126,scenario3
S2_reprodscen3_3,10000001,13570866688,3895206,3893083,0,127,scenario3
S2_reprodscen3_3,10000001,13715419392,3560569,3558992,0,128,scenario3
S2_reprodscen3_3,10000001,13749434112,4406523,4404129,0,129,scenario3
S2_reprodscen3_3,10000001,13896990464,3316337,3314867,0,130,scenario3
S2_reprodscen3_3,10000001,13908961792,3427980,3422128,0,131,scenario3
S2_reprodscen3_3,10000001,13992875776,4125285,4123089,0,132,scenario3
S2_reprodscen3_3,10000001,14017436160,3426635,3425229,0,133,scenario3
S2_reprodscen3_3,10000001,14107791616,3470045,3467233,0,134,scenario3
S2_reprodscen3_3,10000001,14178341376,3980261,3978120,0,135,scenario3
S2_reprodscen3_3,10000001,14317639168,3794907,3791786,0,136,scenario3
S2_reprodscen3_3,10000001,14321229568,3428944,3427811,0,137,scenario3
S2_reprodscen3_3,10000001,14380824320,3449832,3448330,0,138,scenario3
S2_reprodscen3_3,10000001,14484359936,3719392,3717211,0,139,scenario3
S2_reprodscen3_3,10000001,14526448384,3365597,3364003,0,140,scenario3
S2_reprodscen3_3,10000001,14578916096,3820485,3818219,0,141,scenario3
S2_reprodscen3_3,10000001,14720969984,3367631,3366082,0,142,scenario3
S2_reprodscen3_3,10000001,14731497216,3715698,3714029,0,143,scenario3
S2_reprodscen3_3,10000001,14744682752,3673663,3671135,0,144,scenario3
S2_reprodscen3_3,10000001,14863917568,3555652,3553963,0,145,scenario3
S2_reprodscen3_3,10000001,14925332992,3769097,3767417,0,146,scenario3
S2_reprodscen3_3,10000001,14985279232,3549463,3547959,0,147,scenario3
S2_reprodscen3_3,10000001,15033556992,3470960,3469444,0,148,scenario3
S2_reprodscen3_3,10000001,15100020736,3618028,3616123,0,149,scenario3
S2_reprodscen3_3,10000001,15104259072,3649219,3647620,0,150,scenario3
S2_reprodscen3_3,10000001,15125367040,3431313,3429757,0,151,scenario3
S2_reprodscen3_3,10000001,15382641920,3354192,3352587,0,152,scenario3
S2_reprodscen3_3,10000001,15428043520,3328818,3327262,0,153,scenario3
S2_reprodscen3_3,10000001,15472235520,3397791,3396151,0,154,scenario3
S2_reprodscen3_3,10000001,15567774464,3436903,3435146,0,155,scenario3
S2_reprodscen3_3,10000001,15709932288,3366108,3364396,0,156,scenario3
S2_reprodscen3_3,10000001,15760232448,3537831,3536108,0,157,scenario3
S2_reprodscen3_3,10000001,15837473024,3422814,3421091,0,158,scenario3
S2_reprodscen3_3,10000001,15958814720,3396715,3394925,0,159,scenario3
S2_reprodscen3_3,10000001,16049497600,3784971,3782448,0,160,scenario3
S2_reprodscen3_3,10000001,16132449536,3378522,3376506,0,161,scenario3
S2_reprodscen3_3,10000001,16193028608,3439794,3436460,0,162,scenario3
S2_reprodscen3_3,10000001,16260353024,3439860,3436688,0,163,scenario3
S2_reprodscen3_3,10000001,16366668800,3539410,3537372,0,164,scenario3
S2_reprodscen3_3,10000001,16378118656,3742696,3740406,0,165,scenario3
S2_reprodscen3_3,10000001,16391217152,3370004,3367716,0,166,scenario3
S2_reprodscen3_3,10000001,16410575872,3404292,3402214,0,167,scenario3
S2_reprodscen3_3,10000001,16565869056,3533058,3530633,0,168,scenario3
S2_reprodscen3_3,10000001,16596238080,3536026,3534170,0,169,scenario3
S2_reprodscen3_3,10000001,16732529920,3739448,3737176,0,170,scenario3
S2_reprodscen3_3,10000001,16792470016,3412043,3410286,0,171,scenario3
S2_reprodscen3_3,10000001,16910243328,3484670,3482712,0,172,scenario3
S2_reprodscen3_3,10000001,16955373568,3465781,3463813,0,173,scenario3
S2_reprodscen3_3,10000001,17008682496,3470741,3468785,0,174,scenario3
S2_reprodscen3_3,10000001,17044076544,3550561,3548763,0,175,scenario3
S2_reprodscen3_3,10000001,17216296960,3363296,3361495,0,176,scenario3
S2_reprodscen3_3,10000001,17338850816,3670862,3668959,0,177,scenario3
S2_reprodscen3_3,10000001,17347058688,3730006,3728144,0,178,scenario3
S2_reprodscen3_3,10000001,17351077632,3498178,3496441,0,179,scenario3
S2_reprodscen3_3,10000001,17406491392,3501040,3499182,0,180,scenario3
S2_reprodscen3_3,10000001,17422401024,3898213,3895203,0,181,scenario3
S2_reprodscen3_3,10000001,17434986496,3454357,3452455,0,182,scenario3
S2_reprodscen3_3,10000001,17576397056,3423096,3421315,0,183,scenario3
S2_reprodscen3_3,10000001,17746380544,4212266,4209999,0,184,scenario3
S2_reprodscen3_3,10000001,17750372608,3851161,3849054,0,184,scenario3
S2_reprodscen3_3,10000001,17928696320,4207321,4204536,0,186,scenario3
S2_reprodscen3_3,10000001,17976747520,3465965,3464045,0,187,scenario3
S2_reprodscen3_3,10000001,17996800768,3448578,3446671,0,188,scenario3
S2_reprodscen3_3,10000001,18066237440,3424354,3421238,0,189,scenario3
S2_reprodscen3_3,10000001,18122300928,3316939,3311040,0,190,scenario3
S2_reprodscen3_3,10000001,18172641280,3409623,3407597,0,191,scenario3
S2_reprodscen3_3,10000001,18318351616,3569153,3567210,0,192,scenario3
S2_reprodscen3_3,10000001,18339414272,3480549,3478641,0,193,scenario3
S2_reprodscen3_3,10000001,18359579136,3430230,3428361,0,194,scenario3
S2_reprodscen3_3,10000001,18476791808,4209316,4205564,0,195,scenario3
S2_reprodscen3_3,10000001,18557763840,4192582,4189264,0,196,scenario3
S2_reprodscen3_3,10000001,18561736960,3830481,3828741,0,196,scenario3
S2_reprodscen3_3,10000001,18719496704,3378576,3376264,0,198,scenario3
S2_reprodscen3_3,10000001,18774127872,3834847,3832916,0,199,scenario3
S2_reprodscen3_3,10000001,18830877440,3538200,3536543,0,200,scenario3
S2_reprodscen3_3,10000001,18834403584,3367705,3366499,0,200,scenario3
S2_reprodscen3_3,10000001,18860145408,3397152,3395653,0,202,scenario3
S2_reprodscen3_3,10000001,18913505792,3513850,3511867,0,203,scenario3
S2_reprodscen3_3,10000001,19118882304,3614354,3612713,0,204,scenario3
S2_reprodscen3_3,10000001,19159936768,3485809,3484334,0,205,scenario3
S2_reprodscen3_3,10000001,19231209728,3332133,3330538,0,206,scenario3
S2_reprodscen3_3,10000001,19268594944,3403885,3402404,0,207,scenario3
S2_reprodscen3_3,10000001,19323235840,3873845,3871640,0,208,scenario3
S2_reprodscen3_3,10000001,19432094208,3397050,3395526,0,209,scenario3
S2_reprodscen3_3,10000001,19451765504,3780496,3778741,0,210,scenario3
S2_reprodscen3_3,10000001,19507404288,3354522,3353039,0,211,scenario3
S2_reprodscen3_3,10000001,19865909760,3358106,3356405,0,212,scenario3
S2_reprodscen3_3,10000001,19875169024,3339790,3338077,0,213,scenario3
S2_reprodscen3_3,10000001,19905434624,3356637,3355012,0,214,scenario3
S2_reprodscen3_3,10000001,19912957696,3547393,3545500,0,215,scenario3
S2_reprodscen3_3,10000001,19955294208,3466161,3463114,0,216,scenario3
S2_reprodscen3_3,10000001,20022242560,3328523,3326846,0,217,scenario3
S2_reprodscen3_3,10000001,20084298752,4038664,4036004,0,218,scenario3
S2_reprodscen3_3,10000001,20088432896,3985661,3983213,0,218,scenario3
S2_reprodscen3_3,10000001,20092483584,3920690,3918915,0,219,scenario3
S2_reprodscen3_3,10000001,20231703040,3740015,3737934,0,221,scenario3
S2_reprodscen3_3,10000001,20336590848,3438906,3437021,0,222,scenario3
S2_reprodscen3_3,10000001,20367852288,3418638,3416704,0,223,scenario3
S2_reprodscen3_3,10000001,20442630656,4019852,4017011,0,224,scenario3
S2_reprodscen3_3,10000001,20584327168,3445119,3443212,0,225,scenario3
S2_reprodscen3_3,10000001,20821633280,3453421,3451359,0,226,scenario3
S2_reprodscen3_3,10000001,20883232256,3829655,3826934,0,227,scenario3
S2_reprodscen3_3,10000001,20891316480,3795976,3793865,0,228,scenario3
S2_reprodscen3_3,10000001,20938736384,3621916,3619277,0,229,scenario3
S2_reprodscen3_3,10000001,20969190144,3846583,3844447,0,230,scenario3
S2_reprodscen3_3,10000001,20999053056,3354438,3352540,0,231,scenario3
S2_reprodscen3_3,10000001,21009415424,3422232,3420212,0,232,scenario3
S2_reprodscen3_3,10000001,21017604096,3431657,3429475,0,233,scenario3
S2_reprodscen3_3,10000001,21030073344,3468781,3466798,0,234,scenario3
S2_reprodscen3_3,10000001,21096045568,4062619,4060053,0,235,scenario3
S2_reprodscen3_3,10000001,21103512576,3479693,3477631,0,236,scenario3
S2_reprodscen3_3,10000001,21283962880,3410815,3409014,0,237,scenario3
S2_reprodscen3_3,10000001,21387361536,3428054,3426031,0,238,scenario3
S2_reprodscen3_3,10000001,21596621568,4284808,4282263,0,239,scenario3
S2_reprodscen3_3,10000001,21730126848,3386236,3384347,0,240,scenario3
S2_reprodscen3_3,10000001,21922713344,3624815,3622950,0,241,scenario3
S2_reprodscen3_3,10000001,22091683840,3598404,3596242,0,242,scenario3
S2_reprodscen3_3,10000001,22108227584,3612325,3610267,0,243,scenario3
S2_reprodscen3_3,10000001,22112024576,3639313,3637571,0,243,scenario3
S2_reprodscen3_3,10000001,22115653632,3504319,3502906,0,244,scenario3
S2_reprodscen3_3,10000001,22254554624,3348571,3346604,0,246,scenario3
S2_reprodscen3_3,10000001,22331889152,3460222,3458267,0,247,scenario3
S2_reprodscen3_3,10000001,22363400192,3384822,3382907,0,248,scenario3
S2_reprodscen3_3,10000001,22377241344,3919462,3916956,0,249,scenario3
S2_reprodscen3_3,10000001,22483077120,3321780,3319925,0,250,scenario3
S2_reprodscen3_3,10000001,22555858432,3848629,3846800,0,251,scenario3
S2_reprodscen3_3,10000001,22576563200,3401032,3399185,0,252,scenario3
S2_reprodscen3_3,10000001,22601042944,3418451,3416492,0,253,scenario3
S2_reprodscen3_3,10000001,22852590592,3713270,3711194,0,254,scenario3
S2_reprodscen3_3,10000001,22877626368,3419549,3417607,0,255,scenario3
S2_reprodscen3_3,10000001,22941221376,3604045,3602140,0,256,scenario3
S2_reprodscen3_3,10000001,23096841984,3946623,3944133,0,257,scenario3
S2_reprodscen3_3,10000001,23124053760,3784568,3781946,0,258,scenario3
S2_reprodscen3_3,10000001,23145110016,3517092,3515004,0,259,scenario3
S2_reprodscen3_3,10000001,23150480896,3394135,3392095,0,260,scenario3
S2_reprodscen3_3,10000001,23268811264,3790872,3788695,0,261,scenario3
S2_reprodscen3_3,10000001,23298626816,3312288,3310442,0,262,scenario3
S2_reprodscen3_3,10000001,23321027328,3324918,3323109,0,263,scenario3
S2_reprodscen3_3,10000001,23423675904,3601165,3599132,0,264,scenario3
S2_reprodscen3_3,10000001,23526920192,3489158,3487346,0,265,scenario3
S2_reprodscen3_3,10000001,23557957120,3367275,3365228,0,266,scenario3
S2_reprodscen3_3,10000001,23570260736,3376841,3374861,0,267,scenario3
S2_reprodscen3_3,10000001,23810796544,3419770,3417813,0,268,scenario3
S2_reprodscen3_3,10000001,23835198976,3610751,3608206,0,269,scenario3
S2_reprodscen3_3,10000001,23865271296,3485455,3483390,0,270,scenario3
S2_reprodscen3_3,10000001,23949720576,3602467,3600267,0,271,scenario3
S2_reprodscen3_3,10000001,23979938048,3462259,3460217,0,272,scenario3
S2_reprodscen3_3,10000001,24202120960,3454575,3452609,0,273,scenario3
S2_reprodscen3_3,10000001,24252729600,3628869,3627066,0,274,scenario3
S2_reprodscen3_3,10000001,24345497088,3414369,3412727,0,275,scenario3
S2_reprodscen3_3,10000001,24355434496,3858790,3856754,0,276,scenario3
S2_reprodscen3_3,10000001,24358932480,3355801,3354605,0,276,scenario3
S2_reprodscen3_3,10000001,24377454592,3500482,3498555,0,278,scenario3
S2_reprodscen3_3,10000001,24424118016,3963557,3961537,0,279,scenario3
S2_reprodscen3_3,10000001,24522810880,3443460,3442040,0,280,scenario3
S2_reprodscen3_3,10000001,24601763072,3313167,3311758,0,281,scenario3
S2_reprodscen3_3,10000001,24863188224,3319881,3318317,0,282,scenario3
S2_reprodscen3_3,10000001,24988850688,3705481,3703666,0,283,scenario3
S2_reprodscen3_3,10000001,25005008384,3527196,3525544,0,284,scenario3
S2_reprodscen3_3,10000001,25011295744,3442216,3440564,0,285,scenario3
S2_reprodscen3_3,10000001,25045522176,3354363,3352858,0,286,scenario3
S2_reprodscen3_3,10000001,25055349760,3944781,3942725,0,287,scenario3
S2_reprodscen3_3,10000001,25238984448,3696417,3694192,0,288,scenario3
S2_reprodscen3_3,10000001,25256655872,3439357,3437878,0,289,scenario3
S2_reprodscen3_3,10000001,25295116032,3876845,3874932,0,290,scenario3
S2_reprodscen3_3,10000001,25306229760,3668335,3666772,0,291,scenario3
S2_reprodscen3_3,10000001,25487997440,4005770,4004095,0,292,scenario3
S2_reprodscen3_3,10000001,25512632064,3449124,3447618,0,293,scenario3
S2_reprodscen3_3,10000001,25544407808,3882735,3880858,0,294,scenario3
S2_reprodscen3_3,10000001,25562080512,3523745,3522224,0,295,scenario3
S2_reprodscen3_3,10000001,25765540608,3441499,3440023,0,296,scenario3
S2_reprodscen3_3,10000001,25782674176,3450020,3448610,0,297,scenario3
S2_reprodscen3_3,10000001,25786309632,3472736,3471281,0,297,scenario3
S2_reprodscen3_3,10000001,25900882688,3390871,3389462,0,299,scenario3
S2_reprodscen3_3,10000001,25975223040,3313573,3312166,0,300,scenario3
S2_reprodscen3_3,10000001,26034513664,3533398,3531317,0,301,scenario3
S2_reprodscen3_3,10000001,26073960704,3748957,3746796,0,302,scenario3
S2_reprodscen3_3,10000001,26139929088,3318622,3317176,0,303,scenario3
S2_reprodscen3_3,10000001,26250343680,3329160,3327604,0,304,scenario3
S2_reprodscen3_3,10000001,26356844288,3709824,3708268,0,305,scenario3
S2_reprodscen3_3,10000001,26405354752,3404151,3402506,0,306,scenario3
S2_reprodscen3_3,10000001,26418647552,3351534,3350074,0,307,scenario3
S2_reprodscen3_3,10000001,26496064768,3400395,3398835,0,308,scenario3
S2_reprodscen3_3,10000001,26592557824,3783475,3781270,0,309,scenario3
S2_reprodscen3_3,10000001,26864861696,3851698,3849208,0,310,scenario3
S2_reprodscen3_3,10000001,27035865088,3413261,3411481,0,311,scenario3
S2_reprodscen3_3,10000001,27097258496,3569088,3566669,0,312,scenario3
S2_reprodscen3_3,10000001,27109638400,3444185,3442305,0,313,scenario3
S2_reprodscen3_3,10000001,27213861120,3398028,3396291,0,314,scenario3
S2_reprodscen3_3,10000001,27222564096,3950467,3947862,0,315,scenario3
S2_reprodscen3_3,10000001,27323811072,3796782,3794055,0,316,scenario3
S2_reprodscen3_3,10000001,27422679808,3348092,3346361,0,317,scenario3
S2_reprodscen3_3,10000001,27488486400,3788568,3786473,0,318,scenario3
S2_reprodscen3_3,10000001,27492178944,3500238,3498666,0,318,scenario3
S2_reprodscen3_3,10000001,27503375872,3866625,3862691,0,320,scenario3
S2_reprodscen3_3,10000001,27583294976,3858754,3856256,0,321,scenario3
S2_reprodscen3_3,10000001,27622215424,3422428,3420598,0,322,scenario3
S2_reprodscen3_3,10000001,27634094848,3928740,3926054,0,323,scenario3
S2_reprodscen3_3,10000001,27893776896,3325702,3323707,0,324,scenario3
S2_reprodscen3_3,10000001,27939211776,3390534,3388613,0,325,scenario3
S2_reprodscen3_3,10000001,27961483776,3388552,3386614,0,326,scenario3
S2_reprodscen3_3,10000001,28050868736,3370044,3368255,0,327,scenario3
S2_reprodscen3_3,10000001,28100113152,3325211,3323289,0,328,scenario3
S2_reprodscen3_3,10000001,28145335040,3386857,3384937,0,329,scenario3
S2_reprodscen3_3,10000001,28322596608,3428589,3426260,0,330,scenario3
S2_reprodscen3_3,10000001,28369000704,3458367,3456471,0,331,scenario3
S2_reprodscen3_3,10000001,28384376832,3505670,3503474,0,332,scenario3
S2_reprodscen3_3,10000001,28395786752,3579384,3577579,0,333,scenario3
S2_reprodscen3_3,10000001,28479856384,3366007,3364204,0,334,scenario3
S2_reprodscen3_3,10000001,28523236352,3406183,3404139,0,335,scenario3
S2_reprodscen3_3,10000001,28621016064,3977049,3974222,0,336,scenario3
S2_reprodscen3_3,10000001,28648531456,4211744,4209544,0,337,scenario3
S2_reprodscen3_3,10000001,28788882432,3390012,3388471,0,338,scenario3
S2_reprodscen3_3,10000001,28980891648,4345872,4343639,0,339,scenario3
S2_reprodscen3_3,10000001,29064278528,3708890,3707310,0,340,scenario3
S2_reprodscen3_3,10000001,29067840000,3435556,3434323,0,340,scenario3
S2_reprodscen3_3,10000001,29263795200,3423265,3421791,0,342,scenario3
S2_reprodscen3_3,10000001,29285026048,3455697,3454180,0,343,scenario3
S2_reprodscen3_3,10000001,29332015104,3416289,3404312,0,344,scenario3
S2_reprodscen3_3,10000001,29368401408,3486113,3484632,0,345,scenario3
S2_reprodscen3_3,10000001,29420807936,3491464,3489850,0,346,scenario3
S2_reprodscen3_3,10000001,29432915712,3441448,3440005,0,347,scenario3
S2_reprodscen3_3,10000001,29528296704,3450399,3448923,0,348,scenario3
S2_reprodscen3_3,10000001,29578549504,3470231,3467919,0,349,scenario3
S2_reprodscen3_3,10000001,29645055488,3898194,3896011,0,350,scenario3
S2_reprodscen3_3,10000001,29854242304,3411002,3409353,0,351,scenario3
S2_reprodscen3_3,10000001,29958556416,3364601,3361450,0,352,scenario3
S2_reprodscen3_3,10000001,29964850176,3457492,3456006,0,353,scenario3
S2_reprodscen3_3,10000001,30028962816,3453978,3452414,0,354,scenario3
S2_reprodscen3_3,10000001,30092701952,3650251,3648747,0,355,scenario3
S2_reprodscen3_3,10000001,30143832064,3642297,3640705,0,356,scenario3
S2_reprodscen3_3,10000001,30158062592,3397346,3395914,0,357,scenario3
S2_reprodscen3_3,10000001,30280138496,4012463,4010126,0,358,scenario3
S2_reprodscen3_3,10000001,30380909056,3470844,3468695,0,359,scenario3
S2_reprodscen3_3,10000001,30438048512,3443191,3441763,0,360,scenario3
S2_reprodscen3_3,10000001,30513318912,3386452,3384954,0,361,scenario3
S2_reprodscen3_3,10000001,30531810304,3474165,3471305,0,362,scenario3
S2_reprodscen3_3,10000001,30625998592,3421213,3419662,0,363,scenario3
S2_reprodscen3_3,10000001,30787643648,3665375,3663857,0,364,scenario3
S2_reprodscen3_3,10000001,30821053952,3726103,3724614,0,365,scenario3
S2_reprodscen3_3,10000001,31255005184,3443631,3441864,0,366,scenario3
S2_reprodscen3_3,10000001,31279598080,3729371,3727534,0,367,scenario3
S2_reprodscen3_3,10000001,31288438016,3545174,3543459,0,368,scenario3
S2_reprodscen3_3,10000001,31354061312,3993984,3991850,0,369,scenario3
S2_reprodscen3_3,10000001,31405760000,3537507,3535827,0,370,scenario3
S2_reprodscen3_3,10000001,31470265856,3568719,3566951,0,371,scenario3
S2_reprodscen3_3,10000001,31495590400,3641545,3639546,0,372,scenario3
S2_reprodscen3_3,10000001,31500945664,3597835,3596112,0,373,scenario3
S2_reprodscen3_3,10000001,31570861056,3417438,3415790,0,374,scenario3
S2_reprodscen3_3,10000001,31612206336,3432154,3430526,0,375,scenario3
S2_reprodscen3_3,10000001,31621985024,3694666,3692836,0,376,scenario3
S2_reprodscen3_3,10000001,31822990592,3402096,3400200,0,377,scenario3
S2_reprodscen3_3,10000001,31834425600,3378983,3377227,0,378,scenario3
S2_reprodscen3_3,10000001,31889711872,3427517,3425741,0,379,scenario3
S2_reprodscen3_3,10000001,31991860224,3353781,3352091,0,380,scenario3
S2_reprodscen3_3,10000001,32153494272,3403447,3401716,0,381,scenario3
S2_reprodscen3_3,10000001,32178684928,3348944,3335667,0,382,scenario3
S2_reprodscen3_3,10000001,32193064192,4488675,4485953,0,383,scenario3
S2_reprodscen3_3,10000001,32310422272,3383471,3381571,0,384,scenario3
S2_reprodscen3_3,10000001,32419918592,3364762,3362796,0,385,scenario3
S2_reprodscen3_3,10000001,32472427264,3669209,3667156,0,386,scenario3
S2_reprodscen3_3,10000001,32547588096,3366598,3364768,0,387,scenario3
S2_reprodscen3_3,10000001,32571851008,3436707,3434793,0,388,scenario3
S2_reprodscen3_3,10000001,32646322432,3520800,3519095,0,389,scenario3
S2_reprodscen3_3,10000001,32767473152,3427225,3425153,0,390,scenario3
S2_reprodscen3_3,10000001,32951829248,3364162,3362141,0,391,scenario3
S2_reprodscen3_3,10000001,32979141120,3399687,3397723,0,392,scenario3
S2_reprodscen3_3,10000001,33127618048,3365127,3363173,0,393,scenario3
S2_reprodscen3_3,10000001,33147832320,3336606,3322925,0,394,scenario3
S2_reprodscen3_3,10000001,33194297600,3397080,3395098,0,395,scenario3
S2_reprodscen3_3,10000001,33332281344,3643603,3640936,0,396,scenario3
S2_reprodscen3_3,10000001,33369661440,3797414,3795198,0,397,scenario3
S2_reprodscen3_3,10000001,33435609600,3456630,3454497,0,398,scenario3
S2_reprodscen3_3,10000001,33470314240,3813691,3811346,0,399,scenario3
S2_reprodscen3_3,10000001,33573084672,3451480,3449568,0,400,scenario3
S2_reprodscen3_3,10000001,33613424896,3406559,3404577,0,401,scenario3
S2_reprodscen3_3,10000001,33668700416,3424039,3421957,0,402,scenario3
S2_reprodscen3_3,10000001,33870055168,3594665,3592805,0,403,scenario3
S2_reprodscen3_3,10000001,33873691904,3435160,3433417,0,403,scenario3
S2_reprodscen3_3,10000001,33906521344,3389604,3386412,0,405,scenario3
S2_reprodscen3_3,10000001,33962052096,3821115,3819097,0,406,scenario3
S2_reprodscen3_3,10000001,34121392384,3622808,3619468,0,407,scenario3
S2_reprodscen3_3,10000001,34245503744,3376961,3373677,0,408,scenario3
S2_reprodscen3_3,10000001,34286771200,3341031,3339286,0,409,scenario3
S2_reprodscen3_3,10000001,34310540288,3759734,3757242,0,410,scenario3
S2_reprodscen3_3,10000001,34314249984,3418348,3416688,0,411,scenario3
S2_reprodscen3_3,10000001,34501860608,3388966,3387025,0,412,scenario3
S2_reprodscen3_3,10000001,34544530432,3815828,3813666,0,413,scenario3
S2_reprodscen3_3,10000001,34590419456,3392853,3390805,0,414,scenario3
S2_reprodscen3_3,10000001,34602020096,3602708,3600830,0,415,scenario3
S2_reprodscen3_3,10000001,34851393536,3734537,3731573,0,416,scenario3
S2_reprodscen3_3,10000001,34934563328,3428237,3426397,0,417,scenario3
S2_reprodscen3_3,10000001,34951069440,3401469,3399553,0,418,scenario3
S2_reprodscen3_3,10000001,35094576128,3695556,3693575,0,419,scenario3
S2_reprodscen3_3,10000001,35098262528,3486600,3484754,0,419,scenario3
S2_reprodscen3_3,10000001,35238059776,3420675,3417573,0,421,scenario3
S2_reprodscen3_3,10000001,35388535808,3711577,3709483,0,422,scenario3
S2_reprodscen3_3,10000001,35392407296,3551449,3549778,0,423,scenario3
S2_reprodscen3_3,10000001,35446837504,3345413,3343509,0,424,scenario3
S2_reprodscen3_3,10000001,35479265536,3624136,3622224,0,425,scenario3
S2_reprodscen3_3,10000001,35548412672,3384209,3382209,0,426,scenario3
S2_reprodscen3_3,10000001,35579826688,3384907,3382953,0,427,scenario3
S2_reprodscen3_3,10000001,35931375360,3782234,3779630,0,428,scenario3
S2_reprodscen3_3,10000001,36005462784,3436305,3434331,0,429,scenario3
S2_reprodscen3_3,10000001,36054923264,3459601,3457695,0,430,scenario3
S2_reprodscen3_3,10000001,36133110272,3435967,3434070,0,431,scenario3
S2_reprodscen3_3,10000001,36143527936,3581269,3579318,0,432,scenario3
S2_reprodscen3_3,10000001,36321778432,3399564,3397749,0,433,scenario3
S2_reprodscen3_3,10000001,36359048192,3387360,3385511,0,434,scenario3
S2_reprodscen3_3,10000001,36470435840,3451803,3449967,0,435,scenario3
S2_reprodscen3_3,10000001,36500720896,3429110,3426998,0,436,scenario3
S2_reprodscen3_3,10000001,36531069952,3382702,3380756,0,437,scenario3
S2_reprodscen3_3,10000001,36543055616,3987216,3984355,0,438,scenario3
S2_reprodscen3_3,10000001,36603560960,4146395,4133216,0,439,scenario3
S2_reprodscen3_3,10000001,36943076096,3426003,3423927,0,440,scenario3
S2_reprodscen3_3,10000001,37056324864,4185668,4183253,0,441,scenario3
S2_reprodscen3_3,10000001,37117863680,3432234,3419012,0,442,scenario3
S2_reprodscen3_3,10000001,37300195584,3431477,3429605,0,443,scenario3
S2_reprodscen3_3,10000001,37321928704,3946448,3944059,0,444,scenario3
S2_reprodscen3_3,10000001,37331128832,3845716,3843624,0,445,scenario3
S2_reprodscen3_3,10000001,37414311424,3517343,3515444,0,446,scenario3
S2_reprodscen3_3,10000001,37608550144,3407299,3405323,0,447,scenario3
S2_reprodscen3_3,10000001,37621054464,3607271,3604719,0,448,scenario3
S2_reprodscen3_3,10000001,37628255744,3549307,3547494,0,449,scenario3
S2_reprodscen3_3,10000001,37665550848,3379958,3378122,0,450,scenario3
S2_reprodscen3_3,10000001,37680897536,3423071,3421300,0,451,scenario3
S2_reprodscen3_3,10000001,37987638528,3852125,3849941,0,452,scenario3
S2_reprodscen3_3,10000001,38024488960,3527872,3525270,0,453,scenario3
S2_reprodscen3_3,10000001,38066030592,3839569,3836761,0,454,scenario3
S2_reprodscen3_3,10000001,38121395456,3843326,3841153,0,455,scenario3
S2_reprodscen3_3,10000001,38147427840,3367161,3365404,0,456,scenario3
S2_reprodscen3_3,10000001,38250234880,3992306,3989439,0,457,scenario3
S2_reprodscen3_3,10000001,38322023168,3356331,3354352,0,458,scenario3
S2_reprodscen3_3,10000001,38361880064,3762221,3760115,0,459,scenario3
S2_reprodscen3_3,10000001,38365542656,3500502,3498880,0,459,scenario3
S2_reprodscen3_3,10000001,38441175040,3440459,3438606,0,461,scenario3
S2_reprodscen3_3,10000001,38530771712,3672143,3669913,0,462,scenario3
S2_reprodscen3_3,10000001,38567964160,3429829,3427950,0,463,scenario3
S2_reprodscen3_3,10000001,38837235200,3431613,3429635,0,464,scenario3
S2_reprodscen3_3,10000001,39027958016,3821774,3819395,0,465,scenario3
S2_reprodscen3_3,10000001,39041756160,3466234,3464172,0,466,scenario3
S2_reprodscen3_3,10000001,39082098176,3370831,3368816,0,467,scenario3
S2_reprodscen3_3,10000001,39089457664,3407551,3405580,0,468,scenario3
S2_reprodscen3_3,10000001,39098499584,3383448,3381548,0,469,scenario3
S2_reprodscen3_3,10000001,39258512896,3689770,3687555,0,470,scenario3
S2_reprodscen3_3,10000001,39266402560,3391566,3389700,0,471,scenario3
S2_reprodscen3_3,10000001,39332984576,3608657,3593818,0,472,scenario3
S2_reprodscen3_3,10000001,39386899712,3366568,3364728,0,473,scenario3
S2_reprodscen3_3,10000001,39560727808,3884487,3882434,0,474,scenario3
S2_reprodscen3_3,10000001,39653485568,3401534,3399577,0,475,scenario3
S2_reprodscen3_3,10000001,39831086336,3540033,3536764,0,476,scenario3
S2_reprodscen3_3,10000001,39863291904,3408456,3406534,0,477,scenario3
S2_reprodscen3_3,10000001,39930726144,3613781,3611604,0,478,scenario3
S2_reprodscen3_3,10000001,40001619200,3993440,3989766,0,479,scenario3
S2_reprodscen3_3,10000001,40046158080,3435460,3433510,0,480,scenario3
S2_reprodscen3_3,10000001,40109598720,3433694,3431748,0,481,scenario3
S2_reprodscen3_3,10000001,40118749184,3339240,3337360,0,482,scenario3
S2_reprodscen3_3,10000001,40237103872,3354727,3352738,0,483,scenario3
S2_reprodscen3_3,10000001,40298647040,3424309,3422248,0,484,scenario3
S2_reprodscen3_3,10000001,40609934592,3380555,3378629,0,485,scenario3
S2_reprodscen3_3,10000001,40631190272,3427367,3425413,0,486,scenario3
S2_reprodscen3_3,10000001,40841519616,3507949,3505959,0,487,scenario3
S2_reprodscen3_3,10000001,41112004608,3740150,3726345,0,488,scenario3
S2_reprodscen3_3,10000001,41133277696,3816148,3800374,0,489,scenario3
S2_reprodscen3_3,10000001,41148300544,4048130,4045434,0,490,scenario3
S2_reprodscen3_3,10000001,41266834432,4025408,4022991,0,491,scenario3
S2_reprodscen3_3,10000001,41366803200,3379885,3378258,0,492,scenario3
S2_reprodscen3_3,10000001,41421228032,3763836,3760951,0,493,scenario3
S2_reprodscen3_3,10000001,41446614528,3750848,3747664,0,494,scenario3
S2_reprodscen3_3,10000001,41483498752,3316732,3315334,0,495,scenario3
S2_reprodscen3_3,10000001,41511000320,3582847,3581263,0,496,scenario3
S2_reprodscen3_3,10000001,41650089472,3384848,3383376,0,497,scenario3
S2_reprodscen3_3,10000001,41822199552,3654507,3652687,0,498,scenario3
S2_reprodscen3_3,10000001,41951723776,3382647,3381048,0,499,scenario3
S2_reprodscen3_3,10000001,41968098560,3500553,3498852,0,500,scenario3
S2_reprodscen3_3,10000001,42078327552,3424838,3423274,0,501,scenario3
S2_reprodscen3_3,10000001,42163688704,3369670,3368024,0,502,scenario3
S2_reprodscen3_3,10000001,42217967360,3406941,3405295,0,503,scenario3
S2_reprodscen3_3,10000001,42282354688,3511567,3509760,0,504,scenario3
S2_reprodscen3_3,10000001,42299788544,3766239,3763339,0,505,scenario3
S2_reprodscen3_3,10000001,42451079424,3373876,3372095,0,506,scenario3
S2_reprodscen3_3,10000001,42460071168,3319330,3317638,0,507,scenario3
S2_reprodscen3_3,10000001,42617344768,3379137,3377282,0,508,scenario3
S2_reprodscen3_3,10000001,42849247232,3909742,3906813,0,509,scenario3
S2_reprodscen3_3,10000001,42854675968,4031841,4029784,0,510,scenario3
S2_reprodscen3_3,10000001,42903399936,3374747,3372972,0,511,scenario3
S2_reprodscen3_3,10000001,42925698560,3397819,3395973,0,512,scenario3
S2_reprodscen3_3,10000001,43254175744,3332967,3331073,0,513,scenario3
S2_reprodscen3_3,10000001,43322266368,3382473,3380550,0,514,scenario3
S2_reprodscen3_3,10000001,43335896832,3571042,3569154,0,515,scenario3
S2_reprodscen3_3,10000001,43422832384,3334234,3332257,0,516,scenario3
S2_reprodscen3_3,10000001,43524359424,3324760,3322940,0,517,scenario3
S2_reprodscen3_3,10000001,43543503360,3351006,3349094,0,518,scenario3
S2_reprodscen3_3,10000001,43573488384,4212045,4209731,0,519,scenario3
S2_reprodscen3_3,10000001,43884927488,3612013,3610260,0,520,scenario3
S2_reprodscen3_3,10000001,43888870912,3777734,3776417,0,520,scenario3
S2_reprodscen3_3,10000001,43925307648,3424150,3422544,0,522,scenario3
S2_reprodscen3_3,10000001,44130537984,3501380,3499800,0,523,scenario3
S2_reprodscen3_3,10000001,44340648192,3318061,3316610,0,524,scenario3
S2_reprodscen3_3,10000001,44391916032,3356016,3354586,0,525,scenario3
S2_reprodscen3_3,10000001,44409116928,3356462,3354957,0,526,scenario3
S2_reprodscen3_3,10000001,44429356800,3381020,3379543,0,527,scenario3
S2_reprodscen3_3,10000001,44469558528,3460404,3458905,0,528,scenario3
S2_reprodscen3_3,10000001,44592983808,3367996,3366549,0,529,scenario3
S2_reprodscen3_3,10000001,44885288448,3398073,3396646,0,530,scenario3
S2_reprodscen3_3,10000001,45018528256,3316815,3315358,0,531,scenario3
S2_reprodscen3_3,10000001,45032349696,3757180,3755476,0,532,scenario3
S2_reprodscen3_3,10000001,45039644160,3889076,3887272,0,533,scenario3
S2_reprodscen3_3,10000001,45380559872,3434123,3432496,0,534,scenario3
S2_reprodscen3_3,10000001,45391170304,3710340,3708549,0,535,scenario3
S2_reprodscen3_3,10000001,45402169088,3480105,3478310,0,536,scenario3
S2_reprodscen3_3,10000001,45461802752,3628213,3626414,0,537,scenario3
S2_reprodscen3_3,10000001,45605302528,3715800,3713893,0,538,scenario3
S2_reprodscen3_3,10000001,45634200576,3402258,3400598,0,539,scenario3
S2_reprodscen3_3,10000001,45848471808,3999579,3997226,0,540,scenario3
S2_reprodscen3_3,10000001,46154361344,3927472,3925151,0,541,scenario3
S2_reprodscen3_3,10000001,46278242304,3325934,3324037,0,542,scenario3
S2_reprodscen3_3,10000001,46284514560,3469247,3467384,0,543,scenario3
S2_reprodscen3_3,10000001,46368274176,3811282,3809004,0,544,scenario3
S2_reprodscen3_3,10000001,46434307072,3445941,3444042,0,545,scenario3
S2_reprodscen3_3,10000001,46537727488,3394844,3388451,0,546,scenario3
S2_reprodscen3_3,10000001,46557168128,3454037,3452179,0,547,scenario3
S2_reprodscen3_3,10000001,46626492160,3426494,3424511,0,548,scenario3
S2_reprodscen3_3,10000001,46653019136,3579416,3577591,0,549,scenario3
S2_reprodscen3_3,10000001,47060503296,3867523,3865073,0,550,scenario3
S2_reprodscen3_3,10000001,47093524992,3482604,3480575,0,551,scenario3
S2_reprodscen3_3,10000001,47356805888,3502145,3499994,0,552,scenario3
S2_reprodscen3_3,10000001,47360453376,3459007,3457492,0,552,scenario3
S2_reprodscen3_3,10000001,47426681088,3951458,3947984,0,554,scenario3
S2_reprodscen3_3,10000001,47605884160,3942956,3940612,0,555,scenario3
S2_reprodscen3_3,10000001,47662958592,3662819,3660897,0,556,scenario3
S2_reprodscen3_3,10000001,47667119360,3456195,3454339,0,557,scenario3
S2_reprodscen3_3,10000001,47685620224,3687238,3685247,0,558,scenario3
S2_reprodscen3_3,10000001,47689737728,3471161,3469168,0,559,scenario3
S2_reprodscen3_3,10000001,47829246720,3507816,3505788,0,560,scenario3
S2_reprodscen3_3,10000001,47870360576,3464306,3462310,0,561,scenario3
S2_reprodscen3_3,10000001,48115909120,3753186,3751257,0,562,scenario3
S2_reprodscen3_3,10000001,48119552768,3488410,3486988,0,562,scenario3
S2_reprodscen3_3,10000001,48285178880,3408344,3406432,0,564,scenario3
S2_reprodscen3_3,10000001,48327965184,3759150,3757178,0,565,scenario3
S2_reprodscen3_3,10000001,48439737344,3368883,3366986,0,566,scenario3
S2_reprodscen3_3,10000001,48482908672,3339890,3338066,0,567,scenario3
S2_reprodscen3_3,10000001,48571748864,3624638,3622476,0,568,scenario3
S2_reprodscen3_3,10000001,48594861568,3539476,3537556,0,569,scenario3
S2_reprodscen3_3,10000001,48842068736,3401112,3399235,0,570,scenario3
S2_reprodscen3_3,10000001,48958803456,3352948,3351100,0,571,scenario3
S2_reprodscen3_3,10000001,49182543616,3404196,3402287,0,572,scenario3
S2_reprodscen3_3,10000001,49276948736,4198317,4195838,0,573,scenario3
S2_reprodscen3_3,10000001,49486770688,3604222,3601838,0,574,scenario3
S2_reprodscen3_3,10000001,49510783232,3344040,3342106,0,575,scenario3
S2_reprodscen3_3,10000001,49571168000,3417147,3414766,0,576,scenario3
S2_reprodscen3_3,10000001,49588671488,3464546,3462344,0,577,scenario3
S2_reprodscen3_3,10000001,49682059520,3505622,3503204,0,578,scenario3
S2_reprodscen3_3,10000001,49931496448,3419798,3417590,0,579,scenario3
S2_reprodscen3_3,10000001,49948649984,3460883,3458488,0,580,scenario3
S2_reprodscen3_3,10000001,50001730560,4255029,4252807,0,581,scenario3
S2_reprodscen3_3,10000001,50167228928,3392249,3390200,0,582,scenario3
S2_reprodscen3_3,10000001,50252250624,3810718,3808513,0,583,scenario3
S2_reprodscen3_3,10000001,50402999296,3335404,3333431,0,584,scenario3
S2_reprodscen3_3,10000001,50553462784,3534200,3532295,0,585,scenario3
S2_reprodscen3_3,10000001,50605705984,3449216,3447054,0,586,scenario3
S2_reprodscen3_3,10000001,50677912576,3970221,3967698,0,587,scenario3
S2_reprodscen3_3,10000001,50831484672,3423142,3421314,0,588,scenario3
S2_reprodscen3_3,10000001,50985997312,3398304,3396315,0,589,scenario3
S2_reprodscen3_3,10000001,51046401024,3844948,3841755,0,590,scenario3
S2_reprodscen3_3,10000001,51051614976,3747785,3745851,0,591,scenario3
S2_reprodscen3_3,10000001,51065746432,3580263,3578294,0,592,scenario3
S2_reprodscen3_3,10000001,51306739200,3403569,3401743,0,593,scenario3
S2_reprodscen3_3,10000001,51350833408,3422393,3420515,0,594,scenario3
S2_reprodscen3_3,10000001,51379354368,3410009,3408040,0,595,scenario3
S2_reprodscen3_3,10000001,51521124352,3765976,3763274,0,596,scenario3
S2_reprodscen3_3,10000001,52011947008,3393542,3391580,0,597,scenario3
S2_reprodscen3_3,10000001,52048140544,3682198,3679572,0,598,scenario3
S2_reprodscen3_3,10000001,52142081024,3782694,3779477,0,599,scenario3
S2_reprodscen3_3,10000001,52145678848,3367139,3364810,0,599,scenario3
S2_reprodscen3_3,10000001,52206348544,3528706,3526696,0,601,scenario3
S2_reprodscen3_3,10000001,52383324160,4204122,4201928,0,602,scenario3
S2_reprodscen3_3,10000001,52412586240,3482582,3480881,0,603,scenario3
S2_reprodscen3_3,10000001,52482728192,3352481,3350900,0,604,scenario3
S2_reprodscen3_3,10000001,52568481536,3617042,3615357,0,605,scenario3
S2_reprodscen3_3,10000001,52892656384,3489778,3486767,0,606,scenario3
S2_reprodscen3_3,10000001,52981562624,3371205,3369647,0,607,scenario3
S2_reprodscen3_3,10000001,53263018496,3345701,3344074,0,608,scenario3
S2_reprodscen3_3,10000001,53335431680,3376817,3375187,0,609,scenario3
S2_reprodscen3_3,10000001,53697829632,3325290,3323386,0,610,scenario3
S2_reprodscen3_3,10000001,53727554048,3996505,3994175,0,611,scenario3
S2_reprodscen3_3,10000001,53731613952,3928318,3926441,0,611,scenario3
S2_reprodscen3_3,10000001,53735270656,3546473,3545162,0,612,scenario3
S2_reprodscen3_3,10000001,53932018176,3467730,3465721,0,614,scenario3
S2_reprodscen3_3,10000001,54117255936,3402790,3400876,0,615,scenario3
S2_reprodscen3_3,10000001,54127716864,3363928,3361808,0,616,scenario3
S2_reprodscen3_3,10000001,54438436096,3734744,3732738,0,617,scenario3
S2_reprodscen3_3,10000001,54505235456,3323057,3321176,0,618,scenario3
S2_reprodscen3_3,10000001,54594509312,3364961,3351790,0,619,scenario3
S2_reprodscen3_3,10000001,54632059904,3441618,3439366,0,620,scenario3
S2_reprodscen3_3,10000001,54700581376,3577163,3575121,0,621,scenario3
S2_reprodscen3_3,10000001,54851473408,3486006,3483972,0,622,scenario3
S2_reprodscen3_3,10000001,54969829376,3402164,3400302,0,623,scenario3
S2_reprodscen3_3,10000001,55003136512,3479982,3477895,0,624,scenario3
S2_reprodscen3_3,10000001,55073625088,3389358,3387328,0,625,scenario3
S2_reprodscen3_3,10000001,55182892544,4060568,4056473,0,626,scenario3
S2_reprodscen3_3,10000001,55187606784,3627893,3625914,0,627,scenario3
S2_reprodscen3_3,10000001,55556885248,3478001,3475985,0,628,scenario3
S2_reprodscen3_3,10000001,55628023552,3452472,3450570,0,629,scenario3
S2_reprodscen3_3,10000001,56206533888,3371019,3369019,0,630,scenario3
S2_reprodscen3_3,10000001,56213835776,3446391,3444379,0,631,scenario3
S2_reprodscen3_3,10000001,56235076864,3385595,3383481,0,632,scenario3
S2_reprodscen3_3,10000001,56348661504,3461201,3459219,0,633,scenario3
S2_reprodscen3_3,10000001,56391002112,3445334,3443153,0,634,scenario3
S2_reprodscen3_3,10000001,56407288320,3364518,3362680,0,635,scenario3
S2_reprodscen3_3,10000001,56511641344,3395181,3393273,0,636,scenario3
S2_reprodscen3_3,10000001,56545185536,3362980,3361017,0,637,scenario3
S2_reprodscen3_3,10000001,56914754048,3691969,3689492,0,638,scenario3
S2_reprodscen3_3,10000001,57161667584,3389305,3387538,0,639,scenario3
S2_reprodscen3_3,10000001,57225870336,3406174,3404235,0,640,scenario3
S2_reprodscen3_3,10000001,57372546304,3579549,3577567,0,641,scenario3
S2_reprodscen3_3,10000001,57431620864,3326127,3324160,0,642,scenario3
S2_reprodscen3_3,10000001,57557608448,3870020,3867262,0,643,scenario3
S2_reprodscen3_3,10000001,57654466560,3338738,3336886,0,644,scenario3
S2_reprodscen3_3,10000001,57737741312,3330748,3328790,0,645,scenario3
S2_reprodscen3_3,10000001,58299366400,3477250,3475085,0,646,scenario3
S2_reprodscen3_3,10000001,58473704704,3444349,3442189,0,647,scenario3
S2_reprodscen3_3,10000001,58485850112,3397801,3395829,0,648,scenario3
S2_reprodscen3_3,10000001,58569617408,4667125,4655138,0,649,scenario3
S2_reprodscen3_3,10000001,58661762048,3971339,3969554,0,650,scenario3
S2_reprodscen3_3,10000001,58669935104,4055414,4052654,0,651,scenario3
S2_reprodscen3_3,10000001,58717542144,4071142,4068488,0,652,scenario3
S2_reprodscen3_3,10000001,59006937344,3582292,3580780,0,653,scenario3
S2_reprodscen3_3,10000001,59147433472,3608540,3606986,0,654,scenario3
S2_reprodscen3_3,10000001,59268465920,3532697,3531152,0,655,scenario3
S2_reprodscen3_3,10000001,59398347264,3915546,3913398,0,656,scenario3
S2_reprodscen3_3,10000001,59536253952,3517656,3516028,0,657,scenario3
S2_reprodscen3_3,10000001,59632079616,3466562,3464988,0,658,scenario3
S2_reprodscen3_3,10000001,59689380864,3482049,3480566,0,659,scenario3
S2_reprodscen3_3,10000001,59953830656,3652308,3650671,0,660,scenario3
S2_reprodscen3_3,10000001,59959913216,3458457,3456962,0,661,scenario3
S2_reprodscen3_3,10000001,59986285056,3564665,3563048,0,662,scenario3
S2_reprodscen3_3,10000001,60130469632,3440196,3438610,0,663,scenario3
S2_reprodscen3_3,10000001,60358031360,3746319,3744782,0,664,scenario3
S2_reprodscen3_3,10000001,60432524800,3634309,3632710,0,665,scenario3
S2_reprodscen3_3,10000001,60621909248,3909457,3907333,0,666,scenario3
S2_reprodscen3_3,10000001,61081942784,3749163,3746904,0,667,scenario3
S2_reprodscen3_3,10000001,61116280576,3369454,3367930,0,668,scenario3
S2_reprodscen3_3,10000001,61395508992,3412014,3409103,0,669,scenario3
S2_reprodscen3_3,10000001,61627897088,3449892,3448188,0,670,scenario3
S2_reprodscen3_3,10000001,61673991424,3318682,3316933,0,671,scenario3
S2_reprodscen3_3,10000001,61701314048,3331426,3329607,0,672,scenario3
S2_reprodscen3_3,10000001,61743096832,3792017,3790093,0,673,scenario3
S2_reprodscen3_3,10000001,61904337920,3978891,3974961,0,674,scenario3
S2_reprodscen3_3,10000001,61924079872,3322114,3320323,0,675,scenario3
S2_reprodscen3_3,10000001,62033563136,3480850,3478778,0,676,scenario3
S2_reprodscen3_3,10000001,62069874688,3531523,3528269,0,677,scenario3
S2_reprodscen3_3,10000001,62106959104,3319798,3317847,0,678,scenario3
S2_reprodscen3_3,10000001,62291535872,3551672,3549805,0,679,scenario3
S2_reprodscen3_3,10000001,62543688960,3349697,3347727,0,680,scenario3
S2_reprodscen3_3,10000001,62986337792,3512754,3510829,0,681,scenario3
S2_reprodscen3_3,10000001,63654381056,3464515,3462509,0,682,scenario3
S2_reprodscen3_3,10000001,63681430272,4056411,4053963,0,683,scenario3
S2_reprodscen3_3,10000001,63685244928,3611874,3610040,0,683,scenario3
S2_reprodscen3_3,10000001,63700206080,3382730,3380927,0,685,scenario3
S2_reprodscen3_3,10000001,63746367232,3399169,3397199,0,686,scenario3
S2_reprodscen3_3,10000001,64000760576,3379659,3377710,0,687,scenario3
S2_reprodscen3_3,10000001,64080497408,3811199,3809034,0,688,scenario3
S2_reprodscen3_3,10000001,64385263616,3355793,3353816,0,689,scenario3
S2_reprodscen3_3,10000001,64508892160,3487431,3484181,0,690,scenario3
S2_reprodscen3_3,10000001,64566331904,3525596,3522386,0,691,scenario3
S2_reprodscen3_3,10000001,64571755264,3374347,3372233,0,692,scenario3
S2_reprodscen3_3,10000001,64864043008,3437136,3435107,0,693,scenario3
S2_reprodscen3_3,10000001,64899300864,3474794,3472673,0,694,scenario3
S2_reprodscen3_3,10000001,65212649728,3405404,3402144,0,695,scenario3
S2_reprodscen3_3,10000001,65221868032,3407586,3405562,0,696,scenario3
S2_reprodscen3_3,10000001,65392891136,3473308,3471448,0,697,scenario3
S2_reprodscen3_3,10000001,65681319168,3397290,3395405,0,698,scenario3
S2_reprodscen3_3,10000001,66346554624,3346063,3344231,0,699,scenario3
S2_reprodscen3_3,10000001,66354543360,3933598,3930926,0,700,scenario3
S2_reprodscen3_3,10000001,66358323968,3575046,3573211,0,700,scenario3
S2_reprodscen3_3,10000001,66407532544,3388546,3386699,0,702,scenario3
S2_reprodscen3_3,10000001,66455868928,3427270,3425266,0,703,scenario3
S2_reprodscen3_3,10000001,66717287424,3450025,3448006,0,704,scenario3
S2_reprodscen3_3,10000001,66868789504,3612263,3610218,0,705,scenario3
S2_reprodscen3_3,10000001,67035093504,3416665,3414585,0,706,scenario3
S2_reprodscen3_3,10000001,67163683072,3424857,3423023,0,707,scenario3
S2_reprodscen3_3,10000001,67373633024,3482918,3480785,0,708,scenario3
S2_reprodscen3_3,10000001,67549282816,3715672,3713742,0,709,scenario3
S2_reprodscen3_3,10000001,67761296896,3353263,3351329,0,710,scenario3
S2_reprodscen3_3,10000001,67976041984,3797351,3795440,0,711,scenario3
S2_reprodscen3_3,10000001,67998003456,3416969,3414938,0,712,scenario3
S2_reprodscen3_3,10000001,68550363648,3362119,3360300,0,713,scenario3
S2_reprodscen3_3,10000001,68557641728,3532377,3530265,0,714,scenario3
S2_reprodscen3_3,10000001,68605976320,3323617,3321801,0,715,scenario3
S2_reprodscen3_3,10000001,68616436736,3445176,3441787,0,716,scenario3
S2_reprodscen3_3,10000001,68885680640,3370801,3368964,0,717,scenario3
S2_reprodscen3_3,10000001,68982983680,3323461,3321492,0,718,scenario3
S2_reprodscen3_3,10000001,69302393856,3371755,3369901,0,719,scenario3
S2_reprodscen3_3,10000001,69390598144,3411965,3409670,0,720,scenario3
S2_reprodscen3_3,10000001,69495243776,3611424,3609378,0,721,scenario3
S2_reprodscen3_3,10000001,70191664384,3606325,3604285,0,722,scenario3
S2_reprodscen3_3,10000001,70244909312,3782188,3779937,0,723,scenario3
S2_reprodscen3_3,10000001,70248871168,3524575,3522994,0,724,scenario3
S2_reprodscen3_3,10000001,70558046720,3328931,3327042,0,725,scenario3
S2_reprodscen3_3,10000001,70689422080,3409020,3406920,0,726,scenario3
S2_reprodscen3_3,10000001,70969670656,3385831,3383890,0,727,scenario3
S2_reprodscen3_3,10000001,71427061760,3376456,3374416,0,728,scenario3
S2_reprodscen3_3,10000001,71437482496,3484365,3481053,0,729,scenario3
S2_reprodscen3_3,10000001,71599836416,3385405,3383390,0,730,scenario3
S2_reprodscen3_3,10000001,71686995968,3348863,3346901,0,731,scenario3
S2_reprodscen3_3,10000001,72017577472,3386660,3384764,0,732,scenario3
S2_reprodscen3_3,10000001,72108714496,3342762,3340782,0,733,scenario3
S2_reprodscen3_3,10000001,72129266688,3741035,3738810,0,734,scenario3
S2_reprodscen3_3,10000001,72275407104,3381803,3379949,0,735,scenario3
S2_reprodscen3_3,10000001,72470542848,3315166,3313164,0,736,scenario3
S2_reprodscen3_3,10000001,73081087744,3327151,3325317,0,737,scenario3
S2_reprodscen3_3,10000001,73257436416,3412247,3410303,0,738,scenario3
S2_reprodscen3_3,10000001,73366485760,3313473,3311697,0,739,scenario3
S2_reprodscen3_3,10000001,73433889280,3326579,3324562,0,740,scenario3
S2_reprodscen3_3,10000001,73507592704,3574025,3572029,0,741,scenario3
S2_reprodscen3_3,10000001,73947269888,3317875,3316204,0,742,scenario3
S2_reprodscen3_3,10000001,74047531264,3395943,3394451,0,743,scenario3
S2_reprodscen3_3,10000001,74054788352,3419179,3417691,0,744,scenario3
S2_reprodscen3_3,10000001,74485906432,3313975,3312611,0,745,scenario3
S2_reprodscen3_3,10000001,74739392768,3350121,3348521,0,746,scenario3
S2_reprodscen3_3,10000001,75129084672,3674893,3673236,0,747,scenario3
S2_reprodscen3_3,10000001,75219422208,3581939,3578836,0,748,scenario3
S2_reprodscen3_3,10000001,75416444672,3334152,3332517,0,749,scenario3
S2_reprodscen3_3,10000001,75753155840,3604172,3600954,0,750,scenario3
S2_reprodscen3_3,10000001,75763006464,3391607,3389852,0,751,scenario3
S2_reprodscen3_3,10000001,75952794624,3791017,3787947,0,752,scenario3
S2_reprodscen3_3,10000001,75990780160,3329506,3327714,0,753,scenario3
S2_reprodscen3_3,10000001,76257098752,3365612,3363729,0,754,scenario3
S2_reprodscen3_3,10000001,76421441280,3371781,3369938,0,755,scenario3
S2_reprodscen3_3,10000001,76661604352,3361183,3359262,0,756,scenario3
S2_reprodscen3_3,10000001,76896118528,3353778,3351847,0,757,scenario3
S2_reprodscen3_3,10000001,76949626112,3381381,3377949,0,758,scenario3
S2_reprodscen3_3,10000001,77122741760,3346348,3344626,0,759,scenario3
S2_reprodscen3_3,10000001,77167238400,3410649,3408663,0,760,scenario3
S2_reprodscen3_3,10000001,77554599936,3343718,3341937,0,761,scenario3
S2_reprodscen3_3,10000001,78219448064,3859286,3857404,0,762,scenario3
S2_reprodscen3_3,10000001,78346319872,3385493,3383604,0,763,scenario3
S2_reprodscen3_3,10000001,78372683264,3540199,3538209,0,764,scenario3
S2_reprodscen3_3,10000001,78477266176,3804491,3802008,0,765,scenario3
S2_reprodscen3_3,10000001,78530100480,3323100,3321215,0,766,scenario3
S2_reprodscen3_3,10000001,79034677504,3465321,3462187,0,767,scenario3
S2_reprodscen3_3,10000001,79233746176,3389043,3386060,0,768,scenario3
S2_reprodscen3_3,10000001,79523433728,3856723,3854938,0,769,scenario3
S2_reprodscen3_3,10000001,79699634688,3713170,3711311,0,770,scenario3
S2_reprodscen3_3,10000001,79739918336,3603942,3602357,0,771,scenario3
S2_reprodscen3_3,10000001,79916421888,3812734,3810794,0,772,scenario3
S2_reprodscen3_3,10000001,80333342464,3371976,3370131,0,773,scenario3
S2_reprodscen3_3,10000001,80480391680,3323509,3321587,0,774,scenario3
S2_reprodscen3_3,10000001,80567818752,3348797,3346936,0,775,scenario3
S2_reprodscen3_3,10000001,80766186240,3334328,3332274,0,776,scenario3
S2_reprodscen3_3,10000001,80970724352,3577334,3574172,0,777,scenario3
S2_reprodscen3_3,10000001,81173042432,3637212,3635044,0,778,scenario3
S2_reprodscen3_3,10000001,81350179328,3443178,3439890,0,779,scenario3
S2_reprodscen3_3,10000001,81528353536,3353475,3351373,0,780,scenario3
S2_reprodscen3_3,10000001,81629618688,3364945,3363102,0,781,scenario3
S2_reprodscen3_3,10000001,81970117888,3509518,3506155,0,782,scenario3
S2_reprodscen3_3,10000001,82099458816,3370124,3368253,0,783,scenario3
S2_reprodscen3_3,10000001,82105552384,3364621,3362701,0,784,scenario3
S2_reprodscen3_3,10000001,82276146688,3439508,3437545,0,785,scenario3
S2_reprodscen3_3,10000001,82756661760,3413961,3411919,0,786,scenario3
S2_reprodscen3_3,10000001,82910922240,3374602,3372775,0,787,scenario3
S2_reprodscen3_3,10000001,82997383680,3449430,3447192,0,788,scenario3
S2_reprodscen3_3,10000001,83188737024,3376167,3372854,0,789,scenario3
S2_reprodscen3_3,10000001,83432978688,3370811,3368733,0,790,scenario3
S2_reprodscen3_3,10000001,83510499328,3430482,3428661,0,791,scenario3
S2_reprodscen3_3,10000001,84113591808,3406772,3404833,0,792,scenario3
S2_reprodscen3_3,10000001,84123787008,3437325,3435246,0,793,scenario3
S2_reprodscen3_3,10000001,84204328960,3419333,3415916,0,794,scenario3
S2_reprodscen3_3,10000001,84341782528,3427094,3423949,0,795,scenario3
S2_reprodscen3_3,10000001,84359993856,3360047,3357930,0,796,scenario3
S2_reprodscen3_3,10000001,84931280896,3386093,3384280,0,797,scenario3
S2_reprodscen3_3,10000001,84999097344,3840035,3837404,0,798,scenario3
S2_reprodscen3_3,10000001,85246338304,3623965,3621481,0,799,scenario3
S2_reprodscen3_3,10000001,85481439488,3389675,3387608,0,800,scenario3
S2_reprodscen3_3,10000001,85527531008,3325028,3323104,0,801,scenario3
S2_reprodscen3_3,10000001,86217030144,3384253,3380704,0,802,scenario3
S2_reprodscen3_3,10000001,86263405056,3453261,3451318,0,803,scenario3
S2_reprodscen3_3,10000001,86297624320,3376760,3374716,0,804,scenario3
S2_reprodscen3_3,10000001,86432160768,3630160,3628069,0,805,scenario3
S2_reprodscen3_3,10000001,86447441664,3391651,3389579,0,806,scenario3
S2_reprodscen3_3,10000001,87005758720,3514710,3512759,0,807,scenario3
S2_reprodscen3_3,10000001,87348819712,3575800,3573933,0,808,scenario3
S2_reprodscen3_3,10000001,87379039744,3357501,3355886,0,809,scenario3
S2_reprodscen3_3,10000001,87412401408,3586611,3584932,0,810,scenario3
S2_reprodscen3_3,10000001,87634307584,3470750,3468828,0,811,scenario3
S2_reprodscen3_3,10000001,87992812544,3359451,3356085,0,812,scenario3
S2_reprodscen3_3,10000001,88074458368,3846796,3844621,0,813,scenario3
S2_reprodscen3_3,10000001,88129394176,3374049,3372101,0,814,scenario3
S2_reprodscen3_3,10000001,88146601728,3316059,3314260,0,815,scenario3
S2_reprodscen3_3,10000001,88370426624,3821127,3818785,0,816,scenario3
S2_reprodscen3_3,10000001,88950272000,3518994,3517236,0,817,scenario3
S2_reprodscen3_3,10000001,89067625216,3790416,3788583,0,818,scenario3
S2_reprodscen3_3,10000001,89135937280,3952046,3950451,0,819,scenario3
S2_reprodscen3_3,10000001,89535687168,3351642,3350091,0,820,scenario3
S2_reprodscen3_3,10000001,89771911936,3318583,3317049,0,821,scenario3
S2_reprodscen3_3,10000001,89908128512,3393951,3392300,0,822,scenario3
S2_reprodscen3_3,10000001,90349636352,3404376,3402279,0,823,scenario3
S2_reprodscen3_3,10000001,90412905728,3344916,3343471,0,824,scenario3
S2_reprodscen3_3,10000001,90683560704,3437259,3434331,0,825,scenario3
S2_reprodscen3_3,10000001,90797487872,3370815,3369348,0,826,scenario3
S2_reprodscen3_3,10000001,91006973440,3661069,3659306,0,827,scenario3
S2_reprodscen3_3,10000001,91407449344,3685989,3684125,0,828,scenario3
S2_reprodscen3_3,10000001,91459623424,3378314,3376594,0,829,scenario3
S2_reprodscen3_3,10000001,91504826624,3361686,3360028,0,830,scenario3
S2_reprodscen3_3,10000001,91649206528,4304669,4302161,0,831,scenario3
S2_reprodscen3_3,10000001,92008995584,3543700,3541671,0,832,scenario3
S2_reprodscen3_3,10000001,92043952640,3391485,3389601,0,833,scenario3
S2_reprodscen3_3,10000001,92427575552,3720490,3717073,0,834,scenario3
S2_reprodscen3_3,10000001,92486652928,3655105,3626342,0,835,scenario3
S2_reprodscen3_3,10000001,92604952320,3406094,3402659,0,836,scenario3
S2_reprodscen3_3,10000001,92787095808,3326025,3320106,0,837,scenario3
S2_reprodscen3_3,10000001,92943352576,3334320,3332457,0,838,scenario3
S2_reprodscen3_3,10000001,92960196608,3874904,3872683,0,839,scenario3
S2_reprodscen3_3,10000001,93342192640,3379612,3377556,0,840,scenario3
S2_reprodscen3_3,10000001,93435546624,3444948,3442966,0,841,scenario3
S2_reprodscen3_3,10000001,93523796480,3438754,3424775,0,842,scenario3
S2_reprodscen3_3,10000001,93571011328,3352427,3350543,0,843,scenario3
S2_reprodscen3_3,10000001,94088876032,3567655,3565618,0,844,scenario3
S2_reprodscen3_3,10000001,94505755648,3425660,3422597,0,845,scenario3
S2_reprodscen3_3,10000001,94530835200,3460955,3459189,0,846,scenario3
S2_reprodscen3_3,10000001,94568809216,3339845,3338257,0,847,scenario3
S2_reprodscen3_3,10000001,94655279360,3546842,3543804,0,848,scenario3
S2_reprodscen3_3,10000001,94789402112,3527365,3524546,0,849,scenario3
S2_reprodscen3_3,10000001,95133670912,3494445,3491413,0,850,scenario3
S2_reprodscen3_3,10000001,95344222464,3710135,3708528,0,851,scenario3
S2_reprodscen3_3,10000001,95460544256,3898934,3895672,0,852,scenario3
S2_reprodscen3_3,10000001,95672393216,3581767,3580165,0,853,scenario3
S2_reprodscen3_3,10000001,95681648896,3393307,3391536,0,854,scenario3
S2_reprodscen3_3,10000001,95803135744,3378268,3375248,0,855,scenario3
S2_reprodscen3_3,10000001,95955833600,3737050,3735117,0,856,scenario3
S2_reprodscen3_3,10000001,96165854720,3580123,3578270,0,857,scenario3
S2_reprodscen3_3,10000001,96216107008,3447537,3444334,0,858,scenario3
S2_reprodscen3_3,10000001,96608506112,3388259,3384932,0,859,scenario3
S2_reprodscen3_3,10000001,96613891072,3630845,3628746,0,860,scenario3
S2_reprodscen3_3,10000001,96617489152,3413071,3411484,0,860,scenario3
S2_reprodscen3_3,10000001,96781287424,3429283,3427134,0,862,scenario3
S2_reprodscen3_3,10000001,96965848832,3600451,3597112,0,863,scenario3
S2_reprodscen3_3,10000001,97168741376,3410536,3408491,0,864,scenario3
S2_reprodscen3_3,10000001,97305539584,3843412,3841406,0,865,scenario3
S2_reprodscen3_3,10000001,97435577856,3533734,3530238,0,866,scenario3
S2_reprodscen3_3,10000001,97494711552,3310910,3309297,0,867,scenario3
S2_reprodscen3_3,10000001,97747339776,3765644,3762403,0,868,scenario3
S2_reprodscen3_3,10000001,97751095296,3390396,3388760,0,869,scenario3
S2_reprodscen3_3,10000001,97922176000,3966268,3962601,0,870,scenario3
S2_reprodscen3_3,10000001,98012849408,3323764,3321963,0,871,scenario3
S2_reprodscen3_3,10000001,98081315072,3638761,3636817,0,872,scenario3
S2_reprodscen3_3,10000001,98316463104,3419027,3417283,0,873,scenario3
S2_reprodscen3_3,10000001,98476113408,3954921,3952505,0,874,scenario3
S2_reprodscen3_3,10000001,98628173568,3622895,3619587,0,875,scenario3
S2_reprodscen3_3,10000001,98657573376,3619387,3617322,0,876,scenario3
S2_reprodscen3_3,10000001,98918768896,3397845,3394619,0,877,scenario3
S2_reprodscen3_3,10000001,99002220800,3504586,3501260,0,878,scenario3
S2_reprodscen3_3,10000001,99352444672,3426316,3424482,0,879,scenario3
S2_reprodscen3_3,10000001,99436950272,3573727,3571504,0,880,scenario3
S2_reprodscen3_3,10000001,99516239104,3379008,3377100,0,881,scenario3
S2_reprodscen3_3,10000001,99710844416,3809178,3807040,0,882,scenario3
S2_reprodscen3_3,10000001,99766103552,3578161,3576275,0,883,scenario3
S2_reprodscen3_3,10000001,100017985024,3390981,3389044,0,884,scenario3
S2_reprodscen3_3,10000001,100171633408,3613708,3610429,0,885,scenario3
S2_reprodscen3_3,10000001,100177149440,3838367,3836211,0,886,scenario3
S2_reprodscen3_3,10000001,100192288768,3433197,3431193,0,887,scenario3
S2_reprodscen3_3,10000001,100499646208,3538080,3535717,0,888,scenario3
S2_reprodscen3_3,10000001,100579706368,3370833,3368817,0,889,scenario3
S2_reprodscen3_3,10000001,100729153280,3627319,3625204,0,890,scenario3
S2_reprodscen3_3,10000001,100753198592,3407179,3405339,0,891,scenario3
S2_reprodscen3_3,10000001,100950647808,3357160,3355216,0,892,scenario3
S2_reprodscen3_3,10000001,100959114496,3622002,3620082,0,893,scenario3
S2_reprodscen3_3,10000001,101035191552,3390758,3388728,0,894,scenario3
S2_reprodscen3_3,10000001,101277570304,3504259,3502334,0,895,scenario3
S2_reprodscen3_3,10000001,101422604544,3349918,3347968,0,896,scenario3
S2_reprodscen3_3,10000001,101480756224,4495995,4493603,0,897,scenario3
S2_reprodscen3_3,10000001,101606284800,3773462,3771659,0,898,scenario3
S2_reprodscen3_3,10000001,101785244416,3365769,3364343,0,899,scenario3
S2_reprodscen3_3,10000001,101953643264,3393705,3392096,0,900,scenario3
S2_reprodscen3_3,10000001,101996875264,3327479,3325979,0,901,scenario3
S2_reprodscen3_3,10000001,102057234944,3369245,3367655,0,902,scenario3
S2_reprodscen3_3,10000001,102089506304,3347522,3346048,0,903,scenario3
S2_reprodscen3_3,10000001,102119153664,3607931,3604750,0,904,scenario3
S2_reprodscen3_3,10000001,102279964160,3401459,3399859,0,905,scenario3
S2_reprodscen3_3,10000001,102314509312,3662191,3660380,0,906,scenario3
S2_reprodscen3_3,10000001,102318163456,3498891,3497599,0,906,scenario3
S2_reprodscen3_3,10000001,102469610240,3424654,3422986,0,908,scenario3
S2_reprodscen3_3,10000001,102989217792,3482208,3480246,0,909,scenario3
S2_reprodscen3_3,10000001,103008661504,3536443,3534251,0,910,scenario3
S2_reprodscen3_3,10000001,103136078080,3455766,3453929,0,911,scenario3
S2_reprodscen3_3,10000001,103193445632,3828103,3825794,0,912,scenario3
S2_reprodscen3_3,10000001,103363961344,4017902,4015330,0,913,scenario3
S2_reprodscen3_3,10000001,103554465792,4275645,4272948,0,914,scenario3
S2_reprodscen3_3,10000001,103559031040,4425449,4422551,0,914,scenario3
S2_reprodscen3_3,10000001,103742779648,4049933,4047794,0,916,scenario3
S2_reprodscen3_3,10000001,103756341760,3507439,3505910,0,917,scenario3
S2_reprodscen3_3,10000001,103940449024,3440602,3438988,0,918,scenario3
S2_reprodscen3_3,10000001,104024208128,3812597,3810940,0,919,scenario3
S2_reprodscen3_3,10000001,104238730752,3678886,3677170,0,920,scenario3
S2_reprodscen3_3,10000001,104379718400,3624343,3621548,0,921,scenario3
S2_reprodscen3_3,10000001,104502487808,3349511,3347976,0,922,scenario3
S2_reprodscen3_3,10000001,104512222976,3472377,3470885,0,923,scenario3
S2_reprodscen3_3,10000001,104603989248,4079531,4077398,0,924,scenario3
S2_reprodscen3_3,10000001,104607952384,3817065,3815714,0,924,scenario3
S2_reprodscen3_3,10000001,104647874816,3387670,3386196,0,926,scenario3
S2_reprodscen3_3,10000001,104967039744,3385287,3383802,0,927,scenario3
S2_reprodscen3_3,10000001,104981554176,3617122,3615538,0,928,scenario3
S2_reprodscen3_3,10000001,105136806144,3499079,3497560,0,929,scenario3
S2_reprodscen3_3,10000001,105306313984,3508419,3505471,0,930,scenario3
S2_reprodscen3_3,10000001,105430349824,3640512,3625156,0,931,scenario3
S2_reprodscen3_3,10000001,105554791168,3601658,3598705,0,932,scenario3
S2_reprodscen3_3,10000001,105575986432,3655740,3654099,0,933,scenario3
S2_reprodscen3_3,10000001,105642257664,3362611,3361126,0,934,scenario3
S2_reprodscen3_3,10000001,105666341888,3337180,3335671,0,935,scenario3
S2_reprodscen3_3,10000001,105733892608,3636477,3634706,0,936,scenario3
S2_reprodscen3_3,10000001,105961096704,3406349,3404765,0,937,scenario3
S2_reprodscen3_3,10000001,106027315200,3392670,3391093,0,938,scenario3
S2_reprodscen3_3,10000001,106311862016,3676071,3674182,0,939,scenario3
S2_reprodscen3_3,10000001,106357995264,3421220,3419540,0,940,scenario3
S2_reprodscen3_3,10000001,106432771584,3564907,3561909,0,941,scenario3
S2_reprodscen3_3,10000001,106447904512,3673766,3671853,0,942,scenario3
S2_reprodscen3_3,10000001,106521855232,3596857,3595003,0,943,scenario3
S2_reprodscen3_3,10000001,106624301056,3462791,3460971,0,944,scenario3
S2_reprodscen3_3,10000001,106648459776,3427283,3425473,0,945,scenario3
S2_reprodscen3_3,10000001,106725864448,3663861,3661280,0,946,scenario3
S2_reprodscen3_3,10000001,106953964544,3408575,3406917,0,947,scenario3
S2_reprodscen3_3,10000001,107014647296,3670254,3667966,0,948,scenario3
S2_reprodscen3_3,10000001,107106931968,3703082,3701458,0,949,scenario3
S2_reprodscen3_3,10000001,107359966720,3409405,3407567,0,950,scenario3
S2_reprodscen3_3,10000001,107411656960,3480439,3478681,0,951,scenario3
S2_reprodscen3_3,10000001,107515683072,3375802,3373933,0,952,scenario3
S2_reprodscen3_3,10000001,107558267392,3600396,3597225,0,953,scenario3
S2_reprodscen3_3,10000001,107607343104,3452178,3450463,0,954,scenario3
S2_reprodscen3_3,10000001,107651825920,3546357,3543318,0,955,scenario3
S2_reprodscen3_3,10000001,107737849600,3372928,3371175,0,956,scenario3
S2_reprodscen3_3,10000001,107825282304,3567882,3564892,0,957,scenario3
S2_reprodscen3_3,10000001,107950565888,3498000,3494978,0,958,scenario3
S2_reprodscen3_3,10000001,108164871936,3657298,3655469,0,959,scenario3
S2_reprodscen3_3,10000001,108170891264,3364530,3362848,0,960,scenario3
S2_reprodscen3_3,10000001,108241666560,3674986,3672993,0,961,scenario3
S2_reprodscen3_3,10000001,108352447744,4131903,4129189,0,962,scenario3
S2_reprodscen3_3,10000001,108388351488,3863474,3860936,0,963,scenario3
S2_reprodscen3_3,10000001,108412848384,3961045,3957777,0,964,scenario3
S2_reprodscen3_3,10000001,108462167296,4028286,4026177,0,965,scenario3
S2_reprodscen3_3,10000001,108558822656,3369105,3367341,0,966,scenario3
S2_reprodscen3_3,10000001,108778062336,3441493,3439654,0,967,scenario3
S2_reprodscen3_3,10000001,108828702208,3779816,3777261,0,968,scenario3
S2_reprodscen3_3,10000001,108946243584,3848466,3846298,0,969,scenario3
S2_reprodscen3_3,10000001,109133987072,3454484,3452328,0,970,scenario3
S2_reprodscen3_3,10000001,109182611200,3597627,3593637,0,971,scenario3
S2_reprodscen3_3,10000001,109310873344,3823185,3820074,0,972,scenario3
S2_reprodscen3_3,10000001,109323954176,3529474,3526932,0,973,scenario3
S2_reprodscen3_3,10000001,109349516544,3825933,3823378,0,974,scenario3
S2_reprodscen3_3,10000001,109358792960,3908047,3905553,0,975,scenario3
S2_reprodscen3_3,10000001,109434086400,3920396,3913100,0,976,scenario3
S2_reprodscen3_3,10000001,109546679808,4384651,4382116,0,977,scenario3
S2_reprodscen3_3,10000001,109752315136,3563908,3562020,0,978,scenario3
S2_reprodscen3_3,10000001,109776906496,4095906,4093385,0,979,scenario3
S2_reprodscen3_3,10000001,109960758784,3509564,3507702,0,980,scenario3
S2_reprodscen3_3,10000001,109983928576,4235362,4232837,0,981,scenario3
S2_reprodscen3_3,10000001,109987825920,3750483,3748648,0,981,scenario3
S2_reprodscen3_3,10000001,109999687168,3471010,3469225,0,983,scenario3
S2_reprodscen3_3,10000001,110150173952,3620961,3618871,0,984,scenario3
S2_reprodscen3_3,10000001,110185422336,3721389,3719364,0,985,scenario3
S2_reprodscen3_3,10000001,110391154944,3803295,3800600,0,986,scenario3
S2_reprodscen3_3,10000001,110431041536,3495457,3493306,0,987,scenario3
S2_reprodscen3_3,10000001,110456532480,3777550,3775695,0,988,scenario3
S2_reprodscen3_3,10000001,110514878976,3484290,3482479,0,989,scenario3
S2_reprodscen3_3,10000001,110611861504,3392503,3390637,0,990,scenario3
S2_reprodscen3_3,10000001,110806408448,3428734,3426910,0,991,scenario3
S2_reprodscen3_3,10000001,110975006720,3557631,3554249,0,992,scenario3
S2_reprodscen3_3,10000001,111022053888,3472685,3470665,0,993,scenario3
S2_reprodscen3_3,10000001,111068595968,3804136,3801760,0,994,scenario3
S2_reprodscen3_3,10000001,111087509504,4250460,4248094,0,995,scenario3
S2_reprodscen3_3,10000001,111293828608,3587828,3585645,0,996,scenario3
S2_reprodscen3_3,10000001,111313947136,3454335,3452400,0,997,scenario3
S2_reprodscen3_3,10000001,111353483264,3431005,3428915,0,998,scenario3
S2_reprodscen3_3,10000001,111369664000,3410725,3408793,0,999,scenario3
S2_reprodscen3_3,10000001,111411299072,3543871,3541752,0,1000,scenario3
S2_reprodscen3_3,10000001,111424788736,3827934,3825794,0,1001,scenario3
S2_reprodscen3_3,10000001,111617117440,3851829,3847826,0,1002,scenario3
S2_reprodscen3_3,10000001,111622544640,3941651,3939857,0,1003,scenario3
S2_reprodscen3_3,10000001,112136296960,3527624,3525673,0,1004,scenario3
S2_reprodscen3_3,10000001,112212861440,3553893,3551992,0,1005,scenario3
S2_reprodscen3_3,10000001,112273145344,3524048,3520752,0,1006,scenario3
S2_reprodscen3_3,10000001,112309473536,3588863,3585708,0,1007,scenario3
S2_reprodscen3_3,10000001,112351113216,3976795,3974547,0,1008,scenario3
S2_reprodscen3_3,10000001,112411316224,4056820,4054349,0,1009,scenario3
S2_reprodscen3_3,10000001,112455650560,4174275,4169914,0,1010,scenario3
S2_reprodscen3_3,10000001,112503535616,5980397,5976752,0,1011,scenario3
S2_reprodscen3_3,10000001,112555790336,5970489,5967329,0,1012,scenario3
S2_reprodscen3_3,10000001,112610638080,6526868,6522049,0,1013,scenario3
S2_reprodscen3_3,10000001,112698165248,3902541,3900606,0,1014,scenario3
S2_reprodscen3_3,10000001,112725300224,3796799,3795160,0,1015,scenario3
S2_reprodscen3_3,10000001,112809895936,3814445,3812503,0,1016,scenario3
S2_reprodscen3_3,10000001,112988613632,3418607,3417167,0,1017,scenario3
S2_reprodscen3_3,10000001,113314888192,3358307,3356825,0,1018,scenario3
S2_reprodscen3_3,10000001,113364049408,3330391,3328874,0,1019,scenario3
S2_reprodscen3_3,10000001,113390874368,3741895,3740335,0,1020,scenario3
S2_reprodscen3_3,10000001,113430223616,3821495,3818650,0,1021,scenario3
S2_reprodscen3_3,10000001,113433935104,3566321,3564992,0,1021,scenario3
S2_reprodscen3_3,10000001,113511886336,3777187,3774919,0,1023,scenario3
S2_reprodscen3_3,10000001,113612771840,3501131,3498207,0,1024,scenario3
S2_reprodscen3_3,10000001,113629833216,3454433,3452848,0,1025,scenario3
S2_reprodscen3_3,10000001,113674671360,4046767,4044980,0,1026,scenario3
S2_reprodscen3_3,10000001,113694542080,3756704,3755063,0,1027,scenario3
S2_reprodscen3_3,10000001,113707713792,3439055,3437362,0,1028,scenario3
S2_reprodscen3_3,10000001,113756045824,3422247,3420595,0,1029,scenario3
S2_reprodscen3_3,10000001,113973364480,3378463,3376711,0,1030,scenario3
S2_reprodscen3_3,10000001,114032477440,3373227,3371449,0,1031,scenario3
S2_reprodscen3_3,10000001,114093768192,3389044,3387288,0,1032,scenario3
S2_reprodscen3_3,10000001,114154257408,3507626,3505929,0,1033,scenario3
S2_reprodscen3_3,10000001,114178542592,3465331,3463467,0,1034,scenario3
S2_reprodscen3_3,10000001,114307971328,3431367,3429752,0,1035,scenario3
S2_reprodscen3_3,10000001,114368346112,3543563,3541574,0,1036,scenario3
S2_reprodscen3_3,10000001,114421858816,4025674,4023231,0,1037,scenario3
S2_reprodscen3_3,10000001,114464744704,3488521,3482671,0,1038,scenario3
S2_reprodscen3_3,10000001,114523438592,4051327,4049648,0,1039,scenario3
S2_reprodscen3_3,10000001,114646375936,3342416,3340792,0,1040,scenario3
S2_reprodscen3_3,10000001,114707824128,3332742,3331027,0,1041,scenario3
S2_reprodscen3_3,10000001,114828989184,3413623,3411805,0,1042,scenario3
S2_reprodscen3_3,10000001,114844823040,3818141,3815485,0,1043,scenario3
S2_reprodscen3_3,10000001,114972637440,3457421,3454356,0,1044,scenario3
S2_reprodscen3_3,10000001,115030076160,3619328,3617352,0,1045,scenario3
S2_reprodscen3_3,10000001,115072047104,3405803,3403698,0,1046,scenario3
S2_reprodscen3_3,10000001,115205511680,3545989,3542848,0,1047,scenario3
S2_reprodscen3_3,10000001,115238871552,3453315,3450005,0,1048,scenario3
S2_reprodscen3_3,10000001,115245225984,3787470,3771214,0,1049,scenario3
S2_reprodscen3_3,10000001,115317380608,3549398,3546713,0,1050,scenario3
S2_reprodscen3_3,10000001,115341005056,3783137,3780343,0,1051,scenario3
S2_reprodscen3_3,10000001,115385322752,4091189,4088656,0,1052,scenario3
S2_reprodscen3_3,10000001,115534638080,3930412,3928075,0,1053,scenario3
S2_reprodscen3_3,10000001,115601486080,3688234,3685991,0,1054,scenario3
S2_reprodscen3_3,10000001,115662207232,3921917,3918204,0,1055,scenario3
S2_reprodscen3_3,10000001,115689891840,3435793,3433956,0,1056,scenario3
S2_reprodscen3_3,10000001,115818023936,3527337,3525142,0,1057,scenario3
S2_reprodscen3_3,10000001,115985408000,3444996,3442660,0,1058,scenario3
S2_reprodscen3_3,10000001,115992971520,3714651,3712122,0,1059,scenario3
S2_reprodscen3_3,10000001,116034434304,3710531,3708423,0,1060,scenario3
S2_reprodscen3_3,10000001,116149446400,3462467,3459897,0,1061,scenario3
S2_reprodscen3_3,10000001,116233748992,3542959,3540735,0,1062,scenario3
S2_reprodscen3_3,10000001,116382854144,3392777,3390894,0,1063,scenario3
S2_reprodscen3_3,10000001,116482503680,3521959,3519674,0,1064,scenario3
S2_reprodscen3_3,10000001,116576547584,3481194,3479131,0,1065,scenario3
S2_reprodscen3_3,10000001,116594037248,3729929,3726969,0,1066,scenario3
S2_reprodscen3_3,10000001,116598102784,3509181,3507361,0,1067,scenario3
S2_reprodscen3_3,10000001,116656546048,3915029,3912622,0,1068,scenario3
S2_reprodscen3_3,10000001,116665242624,4278217,4275618,0,1069,scenario3
S2_reprodscen3_3,10000001,116691771904,3451560,3449573,0,1070,scenario3
S2_reprodscen3_3,10000001,116735436032,3779315,3775775,0,1071,scenario3
S2_reprodscen3_3,10000001,116770387456,3464178,3462016,0,1072,scenario3
S2_reprodscen3_3,10000001,116978777088,3370382,3368656,0,1073,scenario3
S2_reprodscen3_3,10000001,117061980416,3392238,3390010,0,1074,scenario3
S2_reprodscen3_3,10000001,117137767680,3896749,3889400,0,1075,scenario3
S2_reprodscen3_3,10000001,117154715904,3569649,3566551,0,1076,scenario3
S2_reprodscen3_3,10000001,117207460608,3987869,3985514,0,1077,scenario3
S2_reprodscen3_3,10000001,117265297920,3422995,3421136,0,1078,scenario3
S2_reprodscen3_3,10000001,117367184640,4096148,4092248,0,1079,scenario3
S2_reprodscen3_3,10000001,117373127168,3823325,3820173,0,1080,scenario3
S2_reprodscen3_3,10000001,117391882752,3489566,3487798,0,1081,scenario3
S2_reprodscen3_3,10000001,117446636288,3615086,3609229,0,1082,scenario3
S2_reprodscen3_3,10000001,117534053120,3904642,3901832,0,1083,scenario3
S2_reprodscen3_3,10000001,117577755648,4147075,4144014,0,1084,scenario3
S2_reprodscen3_3,10000001,117629966336,3378723,3376973,0,1085,scenario3
S2_reprodscen3_3,10000001,117669393408,3362210,3360511,0,1086,scenario3
S2_reprodscen3_3,10000001,117830725120,3441689,3440019,0,1087,scenario3
S2_reprodscen3_3,10000001,118054468608,3860457,3858188,0,1088,scenario3
S2_reprodscen3_3,10000001,118072379904,3394696,3393118,0,1089,scenario3
S2_reprodscen3_3,10000001,118083331072,3801353,3799617,0,1090,scenario3
S2_reprodscen3_3,10000001,118130430464,3753387,3751770,0,1091,scenario3
S2_reprodscen3_3,10000001,118213480448,3638560,3636720,0,1092,scenario3
S2_reprodscen3_3,10000001,118255739392,3371269,3369596,0,1093,scenario3
S2_reprodscen3_3,10000001,118475520768,4121088,4118450,0,1094,scenario3
S2_reprodscen3_3,10000001,118532539648,3975297,3972747,0,1095,scenario3
S2_reprodscen3_3,10000001,118536503040,3821237,3795973,0,1095,scenario3
S2_reprodscen3_3,10000001,118540802304,3508394,3506495,0,1097,scenario3
S2_reprodscen3_3,10000001,118621675520,4221753,4219300,0,1098,scenario3
S2_reprodscen3_3,10000001,118633149184,4292743,4287895,0,1099,scenario3
S2_reprodscen3_3,10000001,118745955584,4897178,4891127,0,1100,scenario3
S2_reprodscen3_3,10000001,118749929984,3826379,3818608,0,1100,scenario3
S2_reprodscen3_3,10000001,118764215296,4031004,4028922,0,1102,scenario3
S2_reprodscen3_3,10000001,118767988736,3593753,3592496,0,1102,scenario3
S2_reprodscen3_3,10000001,119045263104,4453061,4450716,0,1104,scenario3
S2_reprodscen3_3,10000001,119093785344,4050041,4047722,0,1105,scenario3
S2_reprodscen3_3,10000001,119153782016,3834053,3831944,0,1106,scenario3
S2_reprodscen3_3,10000001,119171064320,3874203,3871834,0,1107,scenario3
S2_reprodscen3_3,10000001,119236207360,4654369,4651486,0,1108,scenario3
S2_reprodscen3_3,10000001,119252076288,4259015,4245288,0,1109,scenario3
S2_reprodscen3_3,10000001,119281458944,4504981,4501734,0,1110,scenario3
S2_reprodscen3_3,10000001,119326086912,3809125,3807448,0,1111,scenario3
S2_reprodscen3_3,10000001,119407347200,4621895,4615499,0,1112,scenario3
S2_reprodscen3_3,10000001,119443140608,3433642,3431921,0,1113,scenario3
S2_reprodscen3_3,10000001,119483743488,3893639,3891801,0,1114,scenario3
S2_reprodscen3_3,10000001,119661445888,3527532,3525976,0,1115,scenario3
S2_reprodscen3_3,10000001,119682132224,3851951,3850417,0,1116,scenario3
S2_reprodscen3_3,10000001,119770138368,3584229,3582458,0,1117,scenario3
S2_reprodscen3_3,10000001,119815788800,3970533,3968589,0,1118,scenario3
S2_reprodscen3_3,10000001,119819684608,3669560,3668164,0,1119,scenario3
S2_reprodscen3_3,10000001,120058786816,3456944,3454792,0,1120,scenario3
S2_reprodscen3_3,10000001,120122275584,3916098,3914491,0,1121,scenario3
S2_reprodscen3_3,10000001,120132434176,3795758,3793975,0,1122,scenario3
S2_reprodscen3_3,10000001,120203632384,3621225,3619587,0,1123,scenario3
S2_reprodscen3_3,10000001,120284712704,4431469,4428321,0,1124,scenario3
S2_reprodscen3_3,10000001,120492156928,3449843,3448158,0,1125,scenario3
S2_reprodscen3_3,10000001,120499287296,3396955,3395447,0,1126,scenario3
S2_reprodscen3_3,10000001,120554678272,3646340,3644701,0,1127,scenario3
S2_reprodscen3_3,10000001,120560180224,3989059,3987370,0,1128,scenario3
S2_reprodscen3_3,10000001,120585421568,3404285,3402776,0,1129,scenario3
S2_reprodscen3_3,10000001,120590292992,3419454,3417891,0,1130,scenario3
S2_reprodscen3_3,10000001,120618550272,3417264,3415441,0,1131,scenario3
S2_reprodscen3_3,10000001,120629002496,3491332,3489575,0,1132,scenario3
S2_reprodscen3_3,10000001,120648232960,3416375,3414838,0,1133,scenario3
S2_reprodscen3_3,10000001,120826120960,3987565,3985701,0,1134,scenario3
S2_reprodscen3_3,10000001,120829858048,3553503,3552271,0,1134,scenario3
S2_reprodscen3_3,10000001,121003339520,3859698,3857928,0,1136,scenario3
S2_reprodscen3_3,10000001,121006890752,3400370,3399244,0,1136,scenario3
S2_reprodscen3_3,10000001,121036713984,3928094,3925899,0,1138,scenario3
S2_reprodscen3_3,10000001,121040239616,3390550,3389164,0,1138,scenario3
S2_reprodscen3_3,10000001,121119083008,3715181,3713312,0,1140,scenario3
S2_reprodscen3_3,10000001,121133928960,4511267,4508268,0,1141,scenario3
S2_reprodscen3_3,10000001,121237526272,4617269,4614170,0,1142,scenario3
S2_reprodscen3_3,10000001,121259873280,3697261,3695479,0,1143,scenario3
S2_reprodscen3_3,10000001,121391698432,3484884,3483191,0,1144,scenario3
S2_reprodscen3_3,10000001,121409054720,3471289,3469815,0,1145,scenario3
S2_reprodscen3_3,10000001,121430888960,4107911,4106346,0,1146,scenario3
S2_reprodscen3_3,10000001,121444641536,3478886,3477396,0,1147,scenario3
S2_reprodscen3_3,10000001,121454704640,3407948,3406531,0,1148,scenario3
S2_reprodscen3_3,10000001,121506097664,3466412,3463634,0,1149,scenario3
S2_reprodscen3_3,10000001,121675914240,4079399,4077404,0,1150,scenario3
S2_reprodscen3_3,10000001,121747525120,3422914,3421368,0,1151,scenario3
S2_reprodscen3_3,10000001,121840905728,3699317,3697418,0,1152,scenario3
S2_reprodscen3_3,10000001,122018044928,3512329,3510774,0,1153,scenario3
S2_reprodscen3_3,10000001,122040892416,4396987,4394282,0,1154,scenario3
S2_reprodscen3_3,10000001,122053125888,4226484,4224285,0,1155,scenario3
S2_reprodscen3_3,10000001,122067437568,4317687,4315165,0,1156,scenario3
S2_reprodscen3_3,10000001,122099865856,3533894,3532214,0,1157,scenario3
S2_reprodscen3_3,10000001,122117706240,4206245,4204423,0,1158,scenario3
S2_reprodscen3_3,10000001,122139317248,4645962,4643411,0,1159,scenario3
S2_reprodscen3_3,10000001,122152524800,4498698,4496242,0,1160,scenario3
S2_reprodscen3_3,10000001,122323619072,3419348,3417816,0,1161,scenario3
S2_reprodscen3_3,10000001,122592966912,3523872,3521853,0,1162,scenario3
S2_reprodscen3_3,10000001,122646349312,3354682,3353078,0,1163,scenario3
S2_reprodscen3_3,10000001,122678578176,3385678,3384039,0,1164,scenario3
S2_reprodscen3_3,10000001,122766723840,3318206,3316791,0,1165,scenario3
S2_reprodscen3_3,10000001,122795359488,3599680,3598149,0,1166,scenario3
S2_reprodscen3_3,10000001,122799360768,3524805,3523672,0,1167,scenario3
S2_reprodscen3_3,10000001,122850752512,3579716,3578144,0,1168,scenario3
S2_reprodscen3_3,10000001,122879014912,3584199,3582670,0,1169,scenario3
S2_reprodscen3_3,10000001,123005868288,4097246,4095177,0,1170,scenario3
S2_reprodscen3_3,10000001,123024664064,3907940,3906187,0,1171,scenario3
S2_reprodscen3_3,10000001,123052264448,3737366,3734362,0,1172,scenario3
S2_reprodscen3_3,10000001,123084094976,3673263,3671401,0,1173,scenario3
S2_reprodscen3_3,10000001,123113109760,3438576,3437082,0,1174,scenario3
S2_reprodscen3_3,10000001,123137057792,4191583,4189453,0,1175,scenario3
S2_reprodscen3_3,10000001,123369935104,3821597,3820023,0,1176,scenario3
S2_reprodscen3_3,10000001,123404406272,3753581,3751872,0,1177,scenario3
S2_reprodscen3_3,10000001,123462971392,4138719,4135634,0,1178,scenario3
S2_reprodscen3_3,10000001,123467263232,4119829,4117346,0,1178,scenario3
S2_reprodscen3_3,10000001,123481645568,3645479,3643758,0,1180,scenario3
S2_reprodscen3_3,10000001,123602451968,4088540,4086699,0,1181,scenario3
S2_reprodscen3_3,10000001,123690530304,3816218,3814395,0,1182,scenario3
S2_reprodscen3_3,10000001,123694140160,3463268,3461957,0,1182,scenario3
S2_reprodscen3_3,10000001,123697536768,3299788,3298758,0,1183,scenario3
S2_reprodscen3_3,10000001,123725393664,3614554,3613028,0,1185,scenario3
S2_reprodscen3_3,10000001,123748288768,3840761,3838988,0,1186,scenario3
S2_reprodscen3_3,10000001,123881128192,3405618,3404131,0,1187,scenario3
S2_reprodscen3_3,10000001,124051137280,3930216,3927878,0,1188,scenario3
S2_reprodscen3_3,10000001,124058003968,3921527,3919917,0,1189,scenario3
S2_reprodscen3_3,10000001,124071805696,3430182,3428594,0,1190,scenario3
S2_reprodscen3_3,10000001,124085266944,3474949,3473350,0,1191,scenario3
S2_reprodscen3_3,10000001,124097414400,3356076,3354583,0,1192,scenario3
S2_reprodscen3_3,10000001,124115745536,3465414,3463779,0,1193,scenario3
S2_reprodscen3_3,10000001,124210396928,3854471,3852783,0,1194,scenario3
S2_reprodscen3_3,10000001,124257081600,3947428,3945333,0,1195,scenario3
S2_reprodscen3_3,10000001,124334488320,3356595,3355125,0,1196,scenario3
S2_reprodscen3_3,10000001,124469045248,3435571,3434052,0,1197,scenario3
S2_reprodscen3_3,10000001,124520042752,3354787,3353248,0,1198,scenario3
S2_reprodscen3_3,10000001,124567369472,3406575,3405110,0,1199,scenario3
S2_reprodscen3_3,10000001,124621842944,3688439,3686856,0,1200,scenario3
S2_reprodscen3_3,10000001,124725315072,3786125,3784617,0,1201,scenario3
S2_reprodscen3_3,10000001,124728797952,3330302,3329009,0,1201,scenario3
S2_reprodscen3_3,10000001,124744306432,3386871,3385407,0,1203,scenario3
S2_reprodscen3_3,10000001,124865856256,3618787,3606539,0,1204,scenario3
S2_reprodscen3_3,10000001,124891262464,3868029,3866413,0,1205,scenario3
S2_reprodscen3_3,10000001,125042235136,3379261,3377698,0,1206,scenario3
S2_reprodscen3_3,10000001,125063830528,3863314,3861409,0,1207,scenario3
S2_reprodscen3_3,10000001,125120191744,3661649,3659863,0,1208,scenario3
S2_reprodscen3_3,10000001,125193338112,3837130,3833962,0,1209,scenario3
S2_reprodscen3_3,10000001,125269456896,3700309,3698631,0,1210,scenario3
S2_reprodscen3_3,10000001,125273018368,3412250,3410603,0,1210,scenario3
S2_reprodscen3_3,10000001,125277514240,3264719,3263235,0,1212,scenario3
S2_reprodscen3_3,10000001,125467993856,3559257,3557725,0,1213,scenario3
S2_reprodscen3_3,10000001,125532210688,3570942,3569454,0,1214,scenario3
S2_reprodscen3_3,10000001,125536601856,3856827,3855447,0,1215,scenario3
S2_reprodscen3_3,10000001,125556652800,3529981,3528511,0,1216,scenario3
S2_reprodscen3_3,10000001,125568767488,3428144,3426722,0,1217,scenario3
S2_reprodscen3_3,10000001,125641416192,3404892,3403423,0,1218,scenario3
S2_reprodscen3_3,10000001,125675410944,3398623,3397130,0,1219,scenario3
S2_reprodscen3_3,10000001,125687858432,3375815,3374294,0,1220,scenario3
S2_reprodscen3_3,10000001,125704187136,3414660,3413181,0,1221,scenario3
S2_reprodscen3_3,10000001,125789617408,3732851,3730645,0,1222,scenario3
S2_reprodscen3_3,10000001,125901053184,3786605,3784841,0,1223,scenario3
S2_reprodscen3_3,10000001,125904946432,3715939,3714267,0,1223,scenario3
S2_reprodscen3_3,10000001,126156446976,3928588,3926826,0,1225,scenario3
S2_reprodscen3_3,10000001,126186215424,3358138,3356591,0,1226,scenario3
S2_reprodscen3_3,10000001,126228538112,3422102,3420604,0,1227,scenario3
S2_reprodscen3_3,10000001,126300329984,3916668,3914877,0,1228,scenario3
S2_reprodscen3_3,10000001,126311520000,3655404,3653787,0,1229,scenario3
S2_reprodscen3_3,10000001,126330454528,3425596,3424063,0,1230,scenario3
S2_reprodscen3_3,10000001,126372714496,3463078,3461537,0,1231,scenario3
S2_reprodscen3_3,10000001,126395864320,3439339,3437794,0,1232,scenario3
S2_reprodscen3_3,10000001,126424245760,3450189,3448676,0,1233,scenario3
S2_reprodscen3_3,10000001,126437563904,3397338,3391852,0,1234,scenario3
S2_reprodscen3_3,10000001,126526798080,3350053,3348564,0,1235,scenario3
S2_reprodscen3_3,10000001,126588160000,3453395,3450486,0,1236,scenario3
S2_reprodscen3_3,10000001,126677558016,3937807,3936220,0,1237,scenario3
S2_reprodscen3_3,10000001,126693710336,3728795,3715014,0,1238,scenario3
S2_reprodscen3_3,10000001,126714608640,3333748,3332238,0,1239,scenario3
S2_reprodscen3_3,10000001,126754936576,3403539,3401978,0,1240,scenario3
S2_reprodscen3_3,10000001,126784441344,3383975,3382386,0,1241,scenario3
S2_reprodscen3_3,10000001,126823413248,3436440,3434914,0,1242,scenario3
S2_reprodscen3_3,10000001,126846032896,3978386,3976807,0,1243,scenario3
S2_reprodscen3_3,10000001,127057873664,3446618,3444996,0,1244,scenario3
S2_reprodscen3_3,10000001,127139328000,3521535,3518699,0,1245,scenario3
S2_reprodscen3_3,10000001,127167923712,4046392,4044163,0,1246,scenario3
S2_reprodscen3_3,10000001,127211904000,3927016,3914772,0,1247,scenario3
S2_reprodscen3_3,10000001,127219873536,3520688,3519067,0,1248,scenario3
S2_reprodscen3_3,10000001,127246560256,3683355,3681297,0,1249,scenario3
S2_reprodscen3_3,10000001,127250647552,3847682,3845734,0,1250,scenario3
S2_reprodscen3_3,10000001,127352783104,3417454,3415912,0,1251,scenario3
S2_reprodscen3_3,10000001,127368940032,3538190,3536555,0,1252,scenario3
S2_reprodscen3_3,10000001,127417165568,3399741,3398143,0,1253,scenario3
S2_reprodscen3_3,10000001,127423282432,3930271,3928402,0,1254,scenario3
S2_reprodscen3_3,10000001,127426808320,3395008,3393807,0,1254,scenario3
S2_reprodscen3_3,10000001,127448056320,3395544,3393995,0,1256,scenario3
S2_reprodscen3_3,10000001,127467410688,3737633,3736028,0,1257,scenario3
S2_reprodscen3_3,10000001,127632875264,4058780,4057065,0,1258,scenario3
S2_reprodscen3_3,10000001,127667558912,3433173,3431686,0,1259,scenario3
S2_reprodscen3_3,10000001,127677904128,3488073,3486514,0,1260,scenario3
S2_reprodscen3_3,10000001,127723515904,3520137,3517283,0,1261,scenario3
S2_reprodscen3_3,10000001,127769360128,3442536,3440989,0,1262,scenario3
S2_reprodscen3_3,10000001,127833958400,3752161,3750605,0,1263,scenario3
S2_reprodscen3_3,10000001,128054185472,3541589,3539977,0,1264,scenario3
S2_reprodscen3_3,10000001,128062514176,3492459,3490780,0,1265,scenario3
S2_reprodscen3_3,10000001,128078623232,3420702,3419094,0,1266,scenario3
S2_reprodscen3_3,10000001,128140978688,3370094,3368626,0,1267,scenario3
S2_reprodscen3_3,10000001,128151536640,3584427,3582211,0,1268,scenario3
S2_reprodscen3_3,10000001,128183980032,3965327,3963628,0,1269,scenario3
S2_reprodscen3_3,10000001,128236852992,3614756,3613074,0,1270,scenario3
S2_reprodscen3_3,10000001,128258484736,3742051,3740439,0,1271,scenario3
S2_reprodscen3_3,10000001,128449465600,3506931,3505281,0,1272,scenario3
S2_reprodscen3_3,10000001,128595009024,3686133,3683780,0,1273,scenario3
S2_reprodscen3_3,10000001,128621237248,3831190,3829398,0,1274,scenario3
S2_reprodscen3_3,10000001,128625210880,3825885,3824572,0,1274,scenario3
S2_reprodscen3_3,10000001,128628704256,3363655,3362567,0,1275,scenario3
S2_reprodscen3_3,10000001,128643743232,3401206,3399777,0,1277,scenario3
S2_reprodscen3_3,10000001,128665808128,3412236,3410800,0,1278,scenario3
S2_reprodscen3_3,10000001,128748512768,3786919,3785021,0,1279,scenario3
S2_reprodscen3_3,10000001,128795437312,3523061,3521189,0,1280,scenario3
S2_reprodscen3_3,10000001,128798921984,3316540,3315121,0,1280,scenario3
S2_reprodscen3_3,10000001,128806662912,3397736,3396216,0,1282,scenario3
S2_reprodscen3_3,10000001,128825197056,3689854,3688256,0,1283,scenario3
S2_reprodscen3_3,10000001,129037151488,3470163,3468600,0,1284,scenario3
S2_reprodscen3_3,10000001,129043642368,3675039,3673477,0,1285,scenario3
S2_reprodscen3_3,10000001,129066697216,3332890,3331381,0,1286,scenario3
S2_reprodscen3_3,10000001,129082932224,3308389,3306998,0,1287,scenario3
S2_reprodscen3_3,10000001,129099645696,3702334,3700671,0,1288,scenario3
S2_reprodscen3_3,10000001,129131692288,3502559,3501094,0,1289,scenario3
S2_reprodscen3_3,10000001,129145041408,3423103,3421599,0,1290,scenario3
S2_reprodscen3_3,10000001,129157444608,3507609,3504689,0,1291,scenario3
S2_reprodscen3_3,10000001,129179876096,3564311,3561334,0,1292,scenario3
S2_reprodscen3_3,10000001,129258063360,3678377,3675357,0,1293,scenario3
S2_reprodscen3_3,10000001,129321220096,3489965,3488211,0,1294,scenario3
S2_reprodscen3_3,10000001,129332249600,3484050,3482488,0,1295,scenario3
S2_reprodscen3_3,10000001,129513798400,3447588,3446006,0,1296,scenario3
S2_reprodscen3_3,10000001,129600215552,3667573,3665896,0,1297,scenario3
S2_reprodscen3_3,10000001,129684791552,3967724,3965788,0,1298,scenario3
S2_reprodscen3_3,10000001,129688539136,3574525,3573202,0,1298,scenario3
S2_reprodscen3_3,10000001,129750543104,4078178,4074984,0,1300,scenario3
S2_reprodscen3_3,10000001,129754621696,3916173,3914286,0,1300,scenario3
S2_reprodscen3_3,10000001,129771644160,3661397,3658285,0,1302,scenario3
S2_reprodscen3_3,10000001,129839872256,3774653,3771637,0,1303,scenario3
S2_reprodscen3_3,10000001,130065063168,3589536,3587597,0,1304,scenario3
S2_reprodscen3_3,10000001,130192458496,3579822,3578059,0,1305,scenario3
S2_reprodscen3_3,10000001,130355022336,4115992,4112822,0,1306,scenario3
S2_reprodscen3_3,10000001,130403095552,3885709,3883528,0,1307,scenario3
S2_reprodscen3_3,10000001,130411578880,4224193,4221654,0,1308,scenario3
S2_reprodscen3_3,10000001,130416332800,3970753,3969224,0,1309,scenario3
S2_reprodscen3_3,10000001,130459483392,3441086,3439286,0,1310,scenario3
S2_reprodscen3_3,10000001,130486662400,3373012,3371453,0,1311,scenario3
S2_reprodscen3_3,10000001,130504026112,3676082,3674184,0,1312,scenario3
S2_reprodscen3_3,10000001,130533879552,3780920,3779303,0,1313,scenario3
S2_reprodscen3_3,10000001,130556932608,3676551,3674812,0,1314,scenario3
S2_reprodscen3_3,10000001,130584943872,3659611,3657873,0,1315,scenario3
S2_reprodscen3_3,10000001,130604196096,3559621,3557862,0,1316,scenario3
S2_reprodscen3_3,10000001,130635647232,3535620,3534025,0,1317,scenario3
S2_reprodscen3_3,10000001,130721807872,3372192,3370604,0,1318,scenario3
S2_reprodscen3_3,10000001,130730591488,3980449,3978205,0,1319,scenario3
S2_reprodscen3_3,10000001,130778609920,3599328,3597223,0,1320,scenario3
S2_reprodscen3_3,10000001,130803626496,3335953,3334410,0,1321,scenario3
S2_reprodscen3_3,10000001,130810230272,3667272,3665410,0,1322,scenario3
S2_reprodscen3_3,10000001,130813809920,3429582,3428262,0,1322,scenario3
S2_reprodscen3_3,10000001,130900524288,3493410,3491754,0,1324,scenario3
S2_reprodscen3_3,10000001,131099992064,3807969,3805574,0,1325,scenario3
S2_reprodscen3_3,10000001,131146455552,3941463,3937711,0,1326,scenario3
S2_reprodscen3_3,10000001,131172312064,3529923,3528310,0,1327,scenario3
S2_reprodscen3_3,10000001,131222377728,3337909,3336072,0,1328,scenario3
S2_reprodscen3_3,10000001,131286690304,3309520,3307951,0,1329,scenario3
S2_reprodscen3_3,10000001,131372087552,3494778,3493120,0,1330,scenario3
S2_reprodscen3_3,10000001,131438159616,3519604,3517780,0,1331,scenario3
S2_reprodscen3_3,10000001,131595429376,3450982,3449296,0,1332,scenario3
S2_reprodscen3_3,10000001,131604079872,3808412,3805174,0,1333,scenario3
S2_reprodscen3_3,10000001,131654241024,3874534,3872608,0,1334,scenario3
S2_reprodscen3_3,10000001,131693242624,3436055,3434409,0,1335,scenario3
S2_reprodscen3_3,10000001,131703664128,3410111,3408042,0,1336,scenario3
S2_reprodscen3_3,10000001,131712640768,4246576,4244084,0,1337,scenario3
S2_reprodscen3_3,10000001,131716503808,3716749,3715119,0,1337,scenario3
S2_reprodscen3_3,10000001,131720177152,3551678,3550405,0,1338,scenario3
S2_reprodscen3_3,10000001,131723645184,3347618,3346526,0,1339,scenario3
S2_reprodscen3_3,10000001,131742574848,3884136,3882042,0,1341,scenario3
S2_reprodscen3_3,10000001,131785517312,3571861,3568669,0,1342,scenario3
S2_reprodscen3_3,10000001,131813864960,3651102,3648466,0,1343,scenario3
S2_reprodscen3_3,10000001,131891880192,3437528,3435767,0,1344,scenario3
S2_reprodscen3_3,10000001,131928175616,3710108,3706491,0,1345,scenario3
S2_reprodscen3_3,10000001,132049852928,3601140,3599100,0,1346,scenario3
S2_reprodscen3_3,10000001,132072067328,3543397,3541563,0,1347,scenario3
S2_reprodscen3_3,10000001,132077286400,3537358,3535693,0,1348,scenario3
S2_reprodscen3_3,10000001,132121926144,3931834,3930011,0,1349,scenario3
S2_reprodscen3_3,10000001,132146930688,3791941,3789541,0,1350,scenario3
S2_reprodscen3_3,10000001,132178072576,3597531,3595157,0,1351,scenario3
S2_reprodscen3_3,10000001,132290563840,3452288,3450413,0,1352,scenario3
S2_reprodscen3_3,10000001,132314701312,3518887,3517078,0,1353,scenario3
S2_reprodscen3_3,10000001,132353053440,3508610,3506744,0,1354,scenario3
S2_reprodscen3_3,10000001,132368436736,3995427,3993384,0,1355,scenario3
S2_reprodscen3_3,10000001,132483622400,3458362,3456306,0,1356,scenario3
S2_reprodscen3_3,10000001,132573987840,3627536,3625815,0,1357,scenario3
S2_reprodscen3_3,10000001,132582104064,3787479,3785148,0,1358,scenario3
S2_reprodscen3_3,10000001,132652131584,3365204,3363513,0,1359,scenario3
S2_reprodscen3_3,10000001,132675254272,3450099,3448251,0,1360,scenario3
S2_reprodscen3_3,10000001,132740968448,3464406,3462554,0,1361,scenario3
S2_reprodscen3_3,10000001,132835497472,3798740,3796497,0,1362,scenario3
S2_reprodscen3_3,10000001,132839511808,3731154,3729058,0,1363,scenario3
S2_reprodscen3_3,10000001,132861897472,4023991,4022008,0,1364,scenario3
S2_reprodscen3_3,10000001,132880205056,3898252,3895735,0,1365,scenario3
S2_reprodscen3_3,10000001,132890249728,3641129,3639193,0,1366,scenario3
S2_reprodscen3_3,10000001,133064768768,4015267,4013257,0,1367,scenario3
S2_reprodscen3_3,10000001,133122077952,3918358,3916445,0,1368,scenario3
S2_reprodscen3_3,10000001,133134445824,3425188,3423384,0,1369,scenario3
S2_reprodscen3_3,10000001,133206468352,3487228,3484082,0,1370,scenario3
S2_reprodscen3_3,10000001,133218752512,3715655,3713340,0,1371,scenario3
S2_reprodscen3_3,10000001,133283268608,3978049,3975620,0,1372,scenario3
S2_reprodscen3_3,10000001,133291546112,3994642,3992221,0,1373,scenario3
S2_reprodscen3_3,10000001,133375081728,3495239,3493308,0,1374,scenario3
S2_reprodscen3_3,10000001,133390604032,3427286,3425515,0,1375,scenario3
S2_reprodscen3_3,10000001,133409030400,3405512,3403786,0,1376,scenario3
S2_reprodscen3_3,10000001,133450282496,3416593,3414880,0,1377,scenario3
S2_reprodscen3_3,10000001,133455808768,3515910,3514058,0,1378,scenario3
S2_reprodscen3_3,10000001,133468939008,3502435,3499986,0,1379,scenario3
S2_reprodscen3_3,10000001,133502039040,3365794,3364178,0,1380,scenario3
S2_reprodscen3_3,10000001,133516503040,3464847,3463106,0,1381,scenario3
S2_reprodscen3_3,10000001,133628180992,3824765,3822776,0,1382,scenario3
S2_reprodscen3_3,10000001,133631681792,3344128,3342825,0,1382,scenario3
S2_reprodscen3_3,10000001,133736401920,3850242,3848722,0,1384,scenario3
S2_reprodscen3_3,10000001,133765687296,3880176,3878126,0,1385,scenario3
S2_reprodscen3_3,10000001,133834626560,3430352,3428760,0,1386,scenario3
S2_reprodscen3_3,10000001,133857688064,3460435,3458891,0,1387,scenario3
S2_reprodscen3_3,10000001,133956213504,3631291,3629701,0,1388,scenario3
S2_reprodscen3_3,10000001,134116258048,3381496,3379888,0,1389,scenario3
S2_reprodscen3_3,10000001,134140839680,3462504,3461015,0,1390,scenario3
S2_reprodscen3_3,10000001,134159013888,3574703,3572645,0,1391,scenario3
S2_reprodscen3_3,10000001,134185274112,3591940,3590393,0,1392,scenario3
S2_reprodscen3_3,10000001,134226671104,3820417,3817829,0,1393,scenario3
S2_reprodscen3_3,10000001,134233901312,3930752,3929061,0,1394,scenario3
S2_reprodscen3_3,10000001,134307134208,3732284,3730486,0,1395,scenario3
S2_reprodscen3_3,10000001,134329222656,3808481,3806788,0,1396,scenario3
S2_reprodscen3_3,10000001,134384416512,3760263,3758733,0,1397,scenario3
S2_reprodscen3_3,10000001,134403691520,3623513,3621888,0,1398,scenario3
S2_reprodscen3_3,10000001,134408787968,3554959,3553456,0,1399,scenario3
S2_reprodscen3_3,10000001,134497045504,3461211,3459280,0,1400,scenario3
S2_reprodscen3_3,10000001,134543587584,3736967,3735440,0,1401,scenario3
S2_reprodscen3_3,10000001,134573536768,3480374,3478816,0,1402,scenario3
S2_reprodscen3_3,10000001,134597842688,3437923,3436368,0,1403,scenario3
S2_reprodscen3_3,10000001,134624125952,3390347,3388917,0,1404,scenario3
S2_reprodscen3_3,10000001,134662732800,3835718,3833508,0,1405,scenario3
S2_reprodscen3_3,10000001,134814733312,3351315,3349877,0,1406,scenario3
S2_reprodscen3_3,10000001,134902506752,4037526,4023376,0,1407,scenario3
S2_reprodscen3_3,10000001,134906296320,3644543,3643089,0,1408,scenario3
S2_reprodscen3_3,10000001,134953542144,3368137,3366581,0,1409,scenario3
S2_reprodscen3_3,10000001,134962996480,3602366,3600831,0,1410,scenario3
S2_reprodscen3_3,10000001,135064272896,3405428,3403990,0,1411,scenario3
S2_reprodscen3_3,10000001,135071556096,3464214,3462744,0,1412,scenario3
S2_reprodscen3_3,10000001,135155652352,3428669,3427257,0,1413,scenario3
S2_reprodscen3_3,10000001,135255063296,3608052,3606493,0,1414,scenario3
S2_reprodscen3_3,10000001,135264687104,3931168,3929095,0,1415,scenario3
S2_reprodscen3_3,10000001,135292471808,3524896,3523423,0,1416,scenario3
S2_reprodscen3_3,10000001,135311875072,3467443,3466060,0,1417,scenario3
S2_reprodscen3_3,10000001,135319058944,3632538,3630958,0,1418,scenario3
S2_reprodscen3_3,10000001,135326222592,3398075,3396528,0,1419,scenario3
S2_reprodscen3_3,10000001,135343145984,3801016,3798606,0,1420,scenario3
S2_reprodscen3_3,10000001,135346801152,3523377,3521531,0,1420,scenario3
S2_reprodscen3_3,10000001,135356180992,3552307,3550760,0,1422,scenario3
S2_reprodscen3_3,10000001,135457691648,3438718,3437228,0,1423,scenario3
S2_reprodscen3_3,10000001,135466596352,3313068,3311524,0,1424,scenario3
S2_reprodscen3_3,10000001,135509956352,3369242,3367764,0,1425,scenario3
S2_reprodscen3_3,10000001,135603381760,3395690,3390264,0,1426,scenario3
S2_reprodscen3_3,10000001,135738676736,3509504,3508102,0,1427,scenario3
S2_reprodscen3_3,10000001,135817760512,3412104,3410597,0,1428,scenario3
S2_reprodscen3_3,10000001,135823069696,3407046,3405511,0,1429,scenario3
S2_reprodscen3_3,10000001,135899378944,3392814,3391219,0,1430,scenario3
S2_reprodscen3_3,10000001,135922481152,3333325,3331902,0,1431,scenario3
S2_reprodscen3_3,10000001,135940107776,3678936,3677305,0,1432,scenario3
S2_reprodscen3_3,10000001,136073348096,3624122,3622590,0,1433,scenario3
S2_reprodscen3_3,10000001,136076963328,3454712,3453431,0,1433,scenario3
S2_reprodscen3_3,10000001,136120574976,3413932,3412483,0,1435,scenario3
S2_reprodscen3_3,10000001,136134840320,3343360,3341839,0,1436,scenario3
S2_reprodscen3_3,10000001,136170669568,3924534,3922479,0,1437,scenario3
S2_reprodscen3_3,10000001,136242456064,3408020,3406346,0,1438,scenario3
S2_reprodscen3_3,10000001,136267120384,3586795,3585259,0,1439,scenario3
S2_reprodscen3_3,10000001,136276964352,3449831,3448293,0,1440,scenario3
S2_reprodscen3_3,10000001,136384970496,3960146,3958061,0,1441,scenario3
S2_reprodscen3_3,10000001,136446918400,3754298,3752184,0,1442,scenario3
S2_reprodscen3_3,10000001,136478095872,3742315,3736680,0,1443,scenario3
S2_reprodscen3_3,10000001,136512183040,3473625,3471975,0,1444,scenario3
S2_reprodscen3_3,10000001,136563824640,3938286,3936758,0,1445,scenario3
S2_reprodscen3_3,10000001,136593167616,3885593,3883151,0,1446,scenario3
S2_reprodscen3_3,10000001,136604665856,4114379,4112132,0,1447,scenario3
S2_reprodscen3_3,10000001,136628034304,4216224,4214131,0,1448,scenario3
S2_reprodscen3_3,10000001,136674431744,3369370,3367881,0,1449,scenario3
S2_reprodscen3_3,10000001,136765858816,4232988,4230841,0,1450,scenario3
S2_reprodscen3_3,10000001,136825358336,3815850,3814163,0,1451,scenario3
S2_reprodscen3_3,10000001,136838411520,3510712,3509165,0,1452,scenario3
S2_reprodscen3_3,10000001,136870493184,3392748,3391332,0,1453,scenario3
S2_reprodscen3_3,10000001,136911818496,3400915,3399476,0,1454,scenario3
S2_reprodscen3_3,10000001,136954383872,3887330,3884965,0,1455,scenario3
S2_reprodscen3_3,10000001,137128712192,3799214,3797579,0,1456,scenario3
S2_reprodscen3_3,10000001,137192868352,3794961,3793365,0,1457,scenario3
S2_reprodscen3_3,10000001,137204316672,3626290,3624710,0,1458,scenario3
S2_reprodscen3_3,10000001,137250021120,3669916,3668271,0,1459,scenario3
S2_reprodscen3_3,10000001,137275694336,3756201,3753010,0,1460,scenario3
S2_reprodscen3_3,10000001,137346246656,4043524,4041509,0,1461,scenario3
S2_reprodscen3_3,10000001,137359938560,3570427,3568588,0,1462,scenario3
S2_reprodscen3_3,10000001,137435688704,3589475,3587724,0,1463,scenario3
S2_reprodscen3_3,10000001,137439224832,3394773,3393218,0,1463,scenario3
S2_reprodscen3_3,10000001,137500515840,3483224,3481741,0,1465,scenario3
S2_reprodscen3_3,10000001,137531400448,3354134,3352597,0,1466,scenario3
S2_reprodscen3_3,10000001,137627538688,3859114,3857584,0,1467,scenario3
S2_reprodscen3_3,10000001,137699219968,4289246,4287205,0,1468,scenario3
S2_reprodscen3_3,10000001,137718757888,3455628,3454161,0,1469,scenario3
S2_reprodscen3_3,10000001,137725996544,3588643,3587030,0,1470,scenario3
S2_reprodscen3_3,10000001,137743663104,3862064,3860413,0,1471,scenario3
S2_reprodscen3_3,10000001,137842863616,3715570,3713972,0,1472,scenario3
S2_reprodscen3_3,10000001,137846325760,3288902,3287692,0,1472,scenario3
S2_reprodscen3_3,10000001,137884228608,3515590,3514029,0,1474,scenario3
S2_reprodscen3_3,10000001,137895169792,3398528,3396934,0,1475,scenario3
S2_reprodscen3_3,10000001,137927628032,3418805,3417323,0,1476,scenario3
S2_reprodscen3_3,10000001,137941825792,3559273,3557551,0,1477,scenario3
S2_reprodscen3_3,10000001,137981138176,3501169,3499520,0,1478,scenario3
S2_reprodscen3_3,10000001,138140124672,4100325,4098283,0,1479,scenario3
S2_reprodscen3_3,10000001,138211959808,3618010,3616330,0,1480,scenario3
S2_reprodscen3_3,10000001,138215516928,3400804,3399296,0,1480,scenario3
S2_reprodscen3_3,10000001,138223838720,3438014,3436313,0,1482,scenario3
S2_reprodscen3_3,10000001,138237431808,3432707,3431116,0,1483,scenario3
S2_reprodscen3_3,10000001,138262074624,3425361,3423791,0,1484,scenario3
S2_reprodscen3_3,10000001,138289243904,3903244,3901131,0,1485,scenario3
S2_reprodscen3_3,10000001,138306021888,3439977,3438293,0,1486,scenario3
S2_reprodscen3_3,10000001,138339159552,3948593,3946360,0,1487,scenario3
S2_reprodscen3_3,10000001,138379367168,4057618,4055606,0,1488,scenario3
S2_reprodscen3_3,10000001,138435370496,3850464,3848831,0,1489,scenario3
S2_reprodscen3_3,10000001,138569683712,3827465,3825742,0,1490,scenario3
S2_reprodscen3_3,10000001,138582086144,3882425,3880837,0,1491,scenario3
S2_reprodscen3_3,10000001,138590063104,3508655,3507033,0,1492,scenario3
S2_reprodscen3_3,10000001,138606262784,3443663,3442094,0,1493,scenario3
S2_reprodscen3_3,10000001,138618641152,3432964,3431347,0,1494,scenario3
S2_reprodscen3_3,10000001,138660443392,3390075,3388937,0,1495,scenario3
S2_reprodscen3_3,10000001,138681596416,3763087,3761271,0,1496,scenario3
S2_reprodscen3_3,10000001,138685315328,3634956,3633919,0,1496,scenario3
S2_reprodscen3_3,10000001,138694792448,3423952,3422358,0,1498,scenario3
S2_reprodscen3_3,10000001,138852019456,3561963,3560299,0,1499,scenario3
S2_reprodscen3_3,10000001,138899194880,3460362,3458094,0,1500,scenario3
S2_reprodscen3_3,10000001,138914442496,4522887,4520196,0,1501,scenario3
S2_reprodscen3_3,10000001,139138783488,3308032,3306352,0,1502,scenario3
S2_reprodscen3_3,10000001,139208996352,3378401,3376961,0,1503,scenario3
S2_reprodscen3_3,10000001,139284311040,3633042,3631443,0,1504,scenario3
S2_reprodscen3_3,10000001,139329598720,3563149,3561577,0,1505,scenario3
S2_reprodscen3_3,10000001,139358903040,3415771,3414350,0,1506,scenario3
S2_reprodscen3_3,10000001,139463345152,3893014,3890855,0,1507,scenario3
S2_reprodscen3_3,10000001,139515603712,3833524,3831683,0,1508,scenario3
S2_reprodscen3_3,10000001,139532385024,3494142,3492537,0,1509,scenario3
S2_reprodscen3_3,10000001,139574081792,3531292,3529870,0,1510,scenario3
S2_reprodscen3_3,10000001,139595140608,3398069,3396523,0,1511,scenario3
S2_reprodscen3_3,10000001,139600728576,3863518,3861367,0,1512,scenario3
S2_reprodscen3_3,10000001,139624836864,3845001,3842914,0,1513,scenario3
S2_reprodscen3_3,10000001,139651855104,3435610,3433996,0,1514,scenario3
S2_reprodscen3_3,10000001,139668544512,4155750,4153680,0,1515,scenario3
S2_reprodscen3_3,10000001,139704141824,3608990,3607437,0,1516,scenario3
S2_reprodscen3_3,10000001,139782650880,3518793,3517142,0,1517,scenario3
S2_reprodscen3_3,10000001,139832904448,3404033,3402561,0,1518,scenario3
S2_reprodscen3_3,10000001,139870500352,3454328,3452752,0,1519,scenario3
S2_reprodscen3_3,10000001,139874164224,3514019,3512324,0,1519,scenario3
S2_reprodscen3_3,10000001,139888613120,3665638,3664007,0,1521,scenario3
S2_reprodscen3_3,10000001,139892144128,3405666,3404532,0,1521,scenario3
S2_reprodscen3_3,10000001,139950354944,3884303,3882155,0,1523,scenario3
S2_reprodscen3_3,10000001,139979534592,3727181,3714731,0,1524,scenario3
S2_reprodscen3_3,10000001,140149732096,3695681,3694211,0,1525,scenario3
S2_reprodscen3_3,10000001,140158503424,3422697,3421203,0,1526,scenario3
S2_reprodscen3_3,10000001,140291201536,3622488,3620407,0,1527,scenario3
S2_reprodscen3_3,10000001,140335207424,3386815,3385302,0,1528,scenario3
S2_reprodscen3_3,10000001,140364810240,4578222,4575903,0,1529,scenario3
S2_reprodscen3_3,10000001,140368618240,3668161,3666502,0,1529,scenario3
S2_reprodscen3_3,10000001,140401075200,3718158,3716453,0,1531,scenario3
S2_reprodscen3_3,10000001,140424831232,3439750,3438202,0,1532,scenario3
S2_reprodscen3_3,10000001,140530277376,3366341,3364868,0,1533,scenario3
S2_reprodscen3_3,10000001,140609113600,3900576,3898997,0,1534,scenario3
S2_reprodscen3_3,10000001,140623123200,3729059,3727190,0,1535,scenario3
S2_reprodscen3_3,10000001,140709945856,3647738,3646164,0,1536,scenario3
S2_reprodscen3_3,10000001,140787194112,3481614,3479991,0,1537,scenario3
S2_reprodscen3_3,10000001,140792409600,3656564,3654960,0,1538,scenario3
S2_reprodscen3_3,10000001,140807639040,3493908,3492353,0,1539,scenario3
S2_reprodscen3_3,10000001,140856368384,3636601,3635119,0,1540,scenario3
S2_reprodscen3_3,10000001,140859933952,3426442,3425295,0,1540,scenario3
S2_reprodscen3_3,10000001,140906549248,3377111,3375562,0,1542,scenario3
S2_reprodscen3_3,10000001,140912910848,3913567,3911912,0,1543,scenario3
S2_reprodscen3_3,10000001,140924752640,3501695,3500099,0,1544,scenario3
S2_reprodscen3_3,10000001,140956232192,3775323,3773742,0,1545,scenario3
S2_reprodscen3_3,10000001,140977795840,4135783,4134037,0,1546,scenario3
S2_reprodscen3_3,10000001,140981455360,3517549,3516333,0,1546,scenario3
S2_reprodscen3_3,10000001,140993975552,3850215,3848574,0,1548,scenario3
S2_reprodscen3_3,10000001,141149925120,3648725,3647162,0,1549,scenario3
S2_reprodscen3_3,10000001,141188240128,3726112,3724515,0,1550,scenario3
S2_reprodscen3_3,10000001,141214763264,3797187,3795465,0,1551,scenario3
S2_reprodscen3_3,10000001,141218308352,3391568,3390102,0,1551,scenario3
S2_reprodscen3_3,10000001,141265923328,3642229,3640609,0,1553,scenario3
S2_reprodscen3_3,10000001,141284014080,3447038,3445598,0,1554,scenario3
S2_reprodscen3_3,10000001,141301135616,3418112,3416679,0,1555,scenario3
S2_reprodscen3_3,10000001,141309512192,3410171,3408773,0,1556,scenario3
S2_reprodscen3_3,10000001,141381545728,3441119,3439630,0,1557,scenario3
S2_reprodscen3_3,10000001,141406238720,3865402,3863797,0,1558,scenario3
S2_reprodscen3_3,10000001,141419023360,3954484,3952278,0,1559,scenario3
S2_reprodscen3_3,10000001,141464259328,3967620,3966138,0,1560,scenario3
S2_reprodscen3_3,10000001,141483966720,3522153,3520593,0,1561,scenario3
S2_reprodscen3_3,10000001,141554437120,3887449,3885921,0,1562,scenario3
S2_reprodscen3_3,10000001,141577493504,3428572,3427052,0,1563,scenario3
S2_reprodscen3_3,10000001,141591953408,3665034,3663174,0,1564,scenario3
S2_reprodscen3_3,10000001,141606919680,3698687,3697035,0,1565,scenario3
S2_reprodscen3_3,10000001,141642008320,4158842,4156521,0,1566,scenario3
S2_reprodscen3_3,10000001,141824567296,3909410,3907790,0,1567,scenario3
S2_reprodscen3_3,10000001,141845658368,3474642,3473094,0,1568,scenario3
S2_reprodscen3_3,10000001,141886055936,3414481,3413013,0,1569,scenario3
S2_reprodscen3_3,10000001,141930221824,3396732,3395097,0,1570,scenario3
S2_reprodscen3_3,10000001,141960024064,3490216,3488623,0,1571,scenario3
S2_reprodscen3_3,10000001,141975568896,3387833,3386403,0,1572,scenario3
S2_reprodscen3_3,10000001,142148737536,3566606,3564889,0,1573,scenario3
S2_reprodscen3_3,10000001,142152318976,3436308,3434982,0,1573,scenario3
S2_reprodscen3_3,10000001,142169247488,3842005,3840379,0,1575,scenario3
S2_reprodscen3_3,10000001,142198377472,3568697,3567198,0,1576,scenario3
S2_reprodscen3_3,10000001,142207664896,3871812,3869599,0,1577,scenario3
S2_reprodscen3_3,10000001,142296687360,3465100,3463563,0,1578,scenario3
S2_reprodscen3_3,10000001,142344087808,3852768,3850786,0,1579,scenario3
S2_reprodscen3_3,10000001,142410243840,3317234,3315911,0,1580,scenario3
S2_reprodscen3_3,10000001,142455002624,3976589,3974356,0,1581,scenario3
S2_reprodscen3_3,10000001,142465668864,3804545,3802508,0,1582,scenario3
S2_reprodscen3_3,10000001,142486927616,3857100,3854923,0,1583,scenario3
S2_reprodscen3_3,10000001,142554273280,3834551,3832493,0,1584,scenario3
S2_reprodscen3_3,10000001,142649304064,3611717,3610224,0,1585,scenario3
S2_reprodscen3_3,10000001,142686498048,3486192,3484701,0,1586,scenario3
S2_reprodscen3_3,10000001,142690074880,3425010,3423821,0,1586,scenario3
S2_reprodscen3_3,10000001,142693605376,3418932,3417999,0,1587,scenario3
S2_reprodscen3_3,10000001,142698944512,3725127,3716587,0,1589,scenario3
S2_reprodscen3_3,10000001,142718280960,3648896,3647073,0,1590,scenario3
S2_reprodscen3_3,10000001,142760325120,3472069,3470595,0,1591,scenario3
S2_reprodscen3_3,10000001,142780316672,3394266,3392720,0,1592,scenario3
S2_reprodscen3_3,10000001,142819576320,3478369,3472783,0,1593,scenario3
S2_reprodscen3_3,10000001,142862927104,3357966,3356545,0,1594,scenario3
S2_reprodscen3_3,10000001,142903281408,3366502,3365069,0,1595,scenario3
S2_reprodscen3_3,10000001,143000001280,3697631,3695263,0,1596,scenario3
S2_reprodscen3_3,10000001,143147366656,3993816,3991869,0,1597,scenario3
S2_reprodscen3_3,10000001,143158184704,3569799,3568157,0,1598,scenario3
S2_reprodscen3_3,10000001,143165180160,3791672,3790020,0,1599,scenario3
S2_reprodscen3_3,10000001,143168824832,3487181,3485980,0,1599,scenario3
S2_reprodscen3_3,10000001,143198108672,3793601,3792102,0,1601,scenario3
S2_reprodscen3_3,10000001,143253189888,3653836,3652181,0,1602,scenario3
S2_reprodscen3_3,10000001,143272029952,4097899,4095633,0,1603,scenario3
S2_reprodscen3_3,10000001,143276154368,3951866,3949788,0,1603,scenario3
S2_reprodscen3_3,10000001,143337848832,3378752,3377239,0,1605,scenario3
S2_reprodscen3_3,10000001,143372300032,3632659,3631111,0,1606,scenario3
S2_reprodscen3_3,10000001,143458014208,3534340,3532596,0,1607,scenario3
S2_reprodscen3_3,10000001,143461592576,3413904,3412373,0,1607,scenario3
S2_reprodscen3_3,10000001,143489226240,3685568,3683547,0,1609,scenario3
S2_reprodscen3_3,10000001,143524720384,3349854,3348337,0,1610,scenario3
S2_reprodscen3_3,10000001,143614551552,3375467,3374071,0,1611,scenario3
S2_reprodscen3_3,10000001,143628190720,3798849,3797229,0,1612,scenario3
S2_reprodscen3_3,10000001,143717315072,3403335,3401811,0,1613,scenario3
S2_reprodscen3_3,10000001,143776140288,4075840,4074077,0,1614,scenario3
S2_reprodscen3_3,10000001,143889186816,3663144,3661494,0,1615,scenario3
S2_reprodscen3_3,10000001,143905873408,3339125,3337665,0,1616,scenario3
S2_reprodscen3_3,10000001,143928109312,3447021,3445444,0,1617,scenario3
S2_reprodscen3_3,10000001,143949276672,3414130,3412638,0,1618,scenario3
S2_reprodscen3_3,10000001,143971875840,3785198,3783559,0,1619,scenario3
S2_reprodscen3_3,10000001,144009934336,3537317,3535815,0,1620,scenario3
S2_reprodscen3_3,10000001,144172708096,4036705,4034690,0,1621,scenario3
S2_reprodscen3_3,10000001,144176556544,3685368,3683500,0,1621,scenario3
S2_reprodscen3_3,10000001,144204972800,3607623,3605745,0,1623,scenario3
S2_reprodscen3_3,10000001,144210874880,3602618,3601127,0,1624,scenario3
S2_reprodscen3_3,10000001,144260652544,3493707,3491743,0,1625,scenario3
S2_reprodscen3_3,10000001,144270622976,3733396,3731794,0,1626,scenario3
S2_reprodscen3_3,10000001,144319027200,3621742,3619564,0,1627,scenario3
S2_reprodscen3_3,10000001,144333941248,3386133,3384772,0,1628,scenario3
S2_reprodscen3_3,10000001,144353175040,4097856,4096063,0,1629,scenario3
S2_reprodscen3_3,10000001,144366998272,3967545,3965303,0,1630,scenario3
S2_reprodscen3_3,10000001,144382165760,3924455,3922340,0,1631,scenario3
S2_reprodscen3_3,10000001,144401365760,3583788,3582275,0,1632,scenario3
S2_reprodscen3_3,10000001,144405065728,3567495,3566235,0,1632,scenario3
S2_reprodscen3_3,10000001,144417629440,3906303,3904595,0,1634,scenario3
S2_reprodscen3_3,10000001,144617689600,3464635,3463135,0,1635,scenario3
S2_reprodscen3_3,10000001,144649249536,3892989,3890750,0,1636,scenario3
S2_reprodscen3_3,10000001,144698164992,3378376,3376878,0,1637,scenario3
S2_reprodscen3_3,10000001,144746768384,3762150,3760681,0,1638,scenario3
S2_reprodscen3_3,10000001,144801361664,3388982,3387609,0,1639,scenario3
S2_reprodscen3_3,10000001,144819855360,3410996,3409585,0,1640,scenario3
S2_reprodscen3_3,10000001,144859384832,3346390,3344949,0,1641,scenario3
S2_reprodscen3_3,10000001,144881534208,3496218,3494735,0,1642,scenario3
S2_reprodscen3_3,10000001,144959491328,3335482,3334033,0,1643,scenario3
S2_reprodscen3_3,10000001,144991137792,3379691,3378191,0,1644,scenario3
S2_reprodscen3_3,10000001,145170541312,3867679,3866173,0,1645,scenario3
S2_reprodscen3_3,10000001,145203578112,3655184,3653336,0,1646,scenario3
S2_reprodscen3_3,10000001,145212196608,4039369,4037647,0,1647,scenario3
S2_reprodscen3_3,10000001,145216169984,3822961,3821043,0,1647,scenario3
S2_reprodscen3_3,10000001,145241279744,3886611,3884452,0,1649,scenario3
S2_reprodscen3_3,10000001,145372240640,3606664,3605106,0,1650,scenario3
S2_reprodscen3_3,10000001,145466719744,3937112,3935188,0,1651,scenario3
S2_reprodscen3_3,10000001,145471324160,4196556,4194922,0,1652,scenario3
S2_reprodscen3_3,10000001,145475150592,3736200,3734932,0,1652,scenario3
S2_reprodscen3_3,10000001,145536699392,4036251,4034350,0,1654,scenario3
S2_reprodscen3_3,10000001,145564548352,3375832,3374413,0,1655,scenario3
S2_reprodscen3_3,10000001,145586102016,3746958,3745436,0,1656,scenario3
S2_reprodscen3_3,10000001,145604190720,3502379,3500911,0,1657,scenario3
S2_reprodscen3_3,10000001,145695743488,3527795,3526298,0,1658,scenario3
S2_reprodscen3_3,10000001,145699475456,3571524,3570269,0,1658,scenario3
S2_reprodscen3_3,10000001,145706182656,3800755,3799111,0,1660,scenario3
S2_reprodscen3_3,10000001,145746171904,3569625,3567981,0,1661,scenario3
S2_reprodscen3_3,10000001,145757687552,3445767,3444290,0,1662,scenario3
S2_reprodscen3_3,10000001,145876043008,3569433,3565209,0,1663,scenario3
S2_reprodscen3_3,10000001,145926330624,3781906,3780132,0,1664,scenario3
S2_reprodscen3_3,10000001,145948896256,3776399,3775033,0,1665,scenario3
S2_reprodscen3_3,10000001,145952550656,3497802,3496681,0,1665,scenario3
S2_reprodscen3_3,10000001,145964845056,3374480,3373012,0,1667,scenario3
S2_reprodscen3_3,10000001,145979328256,3814796,3813170,0,1668,scenario3
S2_reprodscen3_3,10000001,146129174272,3448487,3446966,0,1669,scenario3
S2_reprodscen3_3,10000001,146155958528,3902483,3900526,0,1670,scenario3
S2_reprodscen3_3,10000001,146169930240,3683839,3682119,0,1671,scenario3
S2_reprodscen3_3,10000001,146216146944,3409222,3407681,0,1672,scenario3
S2_reprodscen3_3,10000001,146241730816,3874217,3872511,0,1673,scenario3
S2_reprodscen3_3,10000001,146315031552,3732875,3731200,0,1674,scenario3
S2_reprodscen3_3,10000001,146396455168,3945751,3944048,0,1675,scenario3
S2_reprodscen3_3,10000001,146486604800,3901802,3900010,0,1676,scenario3
S2_reprodscen3_3,10000001,146524084736,3727917,3726428,0,1677,scenario3
S2_reprodscen3_3,10000001,146527758080,3501968,3500750,0,1677,scenario3
S2_reprodscen3_3,10000001,146535200256,3700593,3699008,0,1679,scenario3
S2_reprodscen3_3,10000001,146566351360,3641905,3640476,0,1680,scenario3
S2_reprodscen3_3,10000001,146569966336,3469289,3468045,0,1680,scenario3
S2_reprodscen3_3,10000001,146580082944,3515470,3514041,0,1682,scenario3
S2_reprodscen3_3,10000001,146612992768,3498806,3497323,0,1683,scenario3
S2_reprodscen3_3,10000001,146622300416,3375571,3374078,0,1684,scenario3
S2_reprodscen3_3,10000001,146634641920,3724960,3723335,0,1685,scenario3
S2_reprodscen3_3,10000001,146757789184,3486856,3485368,0,1686,scenario3
S2_reprodscen3_3,10000001,146791979264,3659016,3657322,0,1687,scenario3
S2_reprodscen3_3,10000001,146800380416,3556808,3555346,0,1688,scenario3
S2_reprodscen3_3,10000001,146843638528,3703041,3701137,0,1689,scenario3
S2_reprodscen3_3,10000001,146882859264,3306826,3305538,0,1690,scenario3
S2_reprodscen3_3,10000001,146955372032,3448427,3446983,0,1691,scenario3
S2_reprodscen3_3,10000001,147026807808,3826746,3825068,0,1692,scenario3
S2_reprodscen3_3,10000001,147221948928,3552060,3550603,0,1693,scenario3
S2_reprodscen3_3,10000001,147362254848,3698012,3696388,0,1694,scenario3
S2_reprodscen3_3,10000001,147392636928,4061603,4059686,0,1695,scenario3
S2_reprodscen3_3,10000001,147413526528,3369001,3367595,0,1696,scenario3
S2_reprodscen3_3,10000001,147509030656,3719728,3718024,0,1697,scenario3
S2_reprodscen3_3,10000001,147552252160,3828328,3826661,0,1698,scenario3
S2_reprodscen3_3,10000001,147576206080,3479984,3478499,0,1699,scenario3
S2_reprodscen3_3,10000001,147604390912,3381099,3379572,0,1700,scenario3
S2_reprodscen3_3,10000001,147627722240,3767529,3765882,0,1701,scenario3
S2_reprodscen3_3,10000001,147653284608,3678726,3675805,0,1702,scenario3
S2_reprodscen3_3,10000001,147659882752,3399598,3398067,0,1703,scenario3
S2_reprodscen3_3,10000001,147668044544,3940171,3938414,0,1704,scenario3
S2_reprodscen3_3,10000001,147671774976,3596148,3594884,0,1704,scenario3
S2_reprodscen3_3,10000001,147675675136,3799316,3797754,0,1705,scenario3
S2_reprodscen3_3,10000001,147679407616,3619088,3618081,0,1706,scenario3
S2_reprodscen3_3,10000001,147685149952,3451965,3450515,0,1708,scenario3
S2_reprodscen3_3,10000001,147755828736,3929357,3927466,0,1709,scenario3
S2_reprodscen3_3,10000001,147801901568,3758533,3757052,0,1710,scenario3
S2_reprodscen3_3,10000001,147814206976,3592217,3590813,0,1711,scenario3
S2_reprodscen3_3,10000001,147818054400,3688750,3687586,0,1711,scenario3
S2_reprodscen3_3,10000001,147822143744,3953697,3952103,0,1712,scenario3
S2_reprodscen3_3,10000001,147880474880,3414885,3413372,0,1714,scenario3
S2_reprodscen3_3,10000001,147998173184,3409638,3408090,0,1715,scenario3
S2_reprodscen3_3,10000001,148033069312,3496939,3495288,0,1716,scenario3
S2_reprodscen3_3,10000001,148145603584,3494661,3493223,0,1717,scenario3
S2_reprodscen3_3,10000001,148149178368,3407490,3406323,0,1717,scenario3
S2_reprodscen3_3,10000001,148198974720,3383021,3381431,0,1719,scenario3
S2_reprodscen3_3,10000001,148204079872,3439676,3438184,0,1720,scenario3
S2_reprodscen3_3,10000001,148269805824,3834529,3832604,0,1721,scenario3
S2_reprodscen3_3,10000001,148303244544,3327436,3326086,0,1722,scenario3
S2_reprodscen3_3,10000001,148366585344,3444840,3443279,0,1723,scenario3
S2_reprodscen3_3,10000001,148392840448,3537709,3536199,0,1724,scenario3
S2_reprodscen3_3,10000001,148418211072,3591097,3589574,0,1725,scenario3
S2_reprodscen3_3,10000001,148496635392,3621899,3620401,0,1726,scenario3
S2_reprodscen3_3,10000001,148588037632,3885046,3883139,0,1727,scenario3
S2_reprodscen3_3,10000001,148632375808,4110969,4109216,0,1728,scenario3
S2_reprodscen3_3,10000001,148637108224,4625735,4623759,0,1728,scenario3
S2_reprodscen3_3,10000001,148663698688,4102787,4101268,0,1730,scenario3
S2_reprodscen3_3,10000001,148674011392,3929415,3927709,0,1731,scenario3
S2_reprodscen3_3,10000001,148693872128,3808543,3806991,0,1732,scenario3
S2_reprodscen3_3,10000001,148715868672,3657806,3656229,0,1733,scenario3
S2_reprodscen3_3,10000001,148746095616,3538095,3536537,0,1734,scenario3
S2_reprodscen3_3,10000001,148848186368,3401482,3399979,0,1735,scenario3
S2_reprodscen3_3,10000001,148908716288,3681521,3679930,0,1736,scenario3
S2_reprodscen3_3,10000001,148917724672,3488340,3486817,0,1737,scenario3
S2_reprodscen3_3,10000001,148954072064,3379842,3378358,0,1738,scenario3
S2_reprodscen3_3,10000001,149012661504,3404919,3403359,0,1739,scenario3
S2_reprodscen3_3,10000001,149019185664,4107955,4106022,0,1740,scenario3
S2_reprodscen3_3,10000001,149181533440,3446678,3445149,0,1741,scenario3
S2_reprodscen3_3,10000001,149187796480,3501000,3499580,0,1742,scenario3
S2_reprodscen3_3,10000001,149205791232,4085944,4084188,0,1743,scenario3
S2_reprodscen3_3,10000001,149218878208,3975041,3972944,0,1744,scenario3
S2_reprodscen3_3,10000001,149223143680,4103077,4101352,0,1744,scenario3
S2_reprodscen3_3,10000001,149313786624,3414779,3413241,0,1746,scenario3
S2_reprodscen3_3,10000001,149328781568,3796872,3795287,0,1747,scenario3
S2_reprodscen3_3,10000001,149332811008,3894865,3893095,0,1747,scenario3
S2_reprodscen3_3,10000001,149414248704,3866618,3865145,0,1749,scenario3
S2_reprodscen3_3,10000001,149428915456,3364560,3363127,0,1750,scenario3
S2_reprodscen3_3,10000001,149461944576,3357253,3355796,0,1751,scenario3
S2_reprodscen3_3,10000001,149508334848,3398497,3397079,0,1752,scenario3
S2_reprodscen3_3,10000001,149512575488,3408644,3407164,0,1753,scenario3
S2_reprodscen3_3,10000001,149544984832,3397215,3395858,0,1754,scenario3
S2_reprodscen3_3,10000001,149573255424,3595297,3593732,0,1755,scenario3
S2_reprodscen3_3,10000001,149591826432,3939419,3937272,0,1756,scenario3
S2_reprodscen3_3,10000001,149601626368,3427421,3426004,0,1757,scenario3
S2_reprodscen3_3,10000001,149672622848,3357050,3355564,0,1758,scenario3
S2_reprodscen3_3,10000001,149804496384,3650243,3647403,0,1759,scenario3
S2_reprodscen3_3,10000001,149861095424,3482082,3480496,0,1760,scenario3
S2_reprodscen3_3,10000001,149898480896,3307279,3305852,0,1761,scenario3
S2_reprodscen3_3,10000001,149936859904,3318083,3316709,0,1762,scenario3
S2_reprodscen3_3,10000001,149985263104,3312924,3311483,0,1763,scenario3
S2_reprodscen3_3,10000001,149999226624,3342233,3340800,0,1764,scenario3
S2_reprodscen3_3,10000001,150169638656,3492099,3489569,0,1765,scenario3
S2_reprodscen3_3,10000001,150299302912,3775506,3773595,0,1766,scenario3
S2_reprodscen3_3,10000001,150316122112,4608666,4606235,0,1767,scenario3
S2_reprodscen3_3,10000001,150321195008,3467761,3465888,0,1768,scenario3
S2_reprodscen3_3,10000001,150338242560,3917460,3915442,0,1769,scenario3
S2_reprodscen3_3,10000001,150356823296,3474968,3473557,0,1770,scenario3
S2_reprodscen3_3,10000001,150437905920,3441524,3440059,0,1771,scenario3
S2_reprodscen3_3,10000001,150449568512,3530954,3528875,0,1772,scenario3
S2_reprodscen3_3,10000001,150454536704,3400591,3399018,0,1773,scenario3
S2_reprodscen3_3,10000001,150464971520,3356394,3354971,0,1774,scenario3
S2_reprodscen3_3,10000001,150513672448,3858865,3857219,0,1775,scenario3
S2_reprodscen3_3,10000001,150518478336,3441419,3439865,0,1776,scenario3
S2_reprodscen3_3,10000001,150597874176,3753998,3752295,0,1777,scenario3
S2_reprodscen3_3,10000001,150635163392,3905391,3903752,0,1778,scenario3
S2_reprodscen3_3,10000001,150647988224,3379752,3378396,0,1779,scenario3
S2_reprodscen3_3,10000001,150656598016,3626254,3624759,0,1780,scenario3
S2_reprodscen3_3,10000001,150672735232,3462150,3460559,0,1781,scenario3
S2_reprodscen3_3,10000001,150709229824,3450822,3449325,0,1782,scenario3
S2_reprodscen3_3,10000001,150727461632,3515361,3513829,0,1783,scenario3
S2_reprodscen3_3,10000001,150893992448,3936604,3934819,0,1784,scenario3
S2_reprodscen3_3,10000001,150916903680,3471426,3469618,0,1785,scenario3
S2_reprodscen3_3,10000001,150953651456,4014512,4012304,0,1786,scenario3
S2_reprodscen3_3,10000001,151005420288,3630394,3628838,0,1787,scenario3
S2_reprodscen3_3,10000001,151047434752,3309354,3307985,0,1788,scenario3
S2_reprodscen3_3,10000001,151188829184,3313227,3311850,0,1789,scenario3
S2_reprodscen3_3,10000001,151264102144,3552253,3550673,0,1790,scenario3
S2_reprodscen3_3,10000001,151288331264,3376104,3374613,0,1791,scenario3
S2_reprodscen3_3,10000001,151303947520,3779978,3778346,0,1792,scenario3
S2_reprodscen3_3,10000001,151307528704,3457077,3455661,0,1792,scenario3
S2_reprodscen3_3,10000001,151324085248,3721827,3720214,0,1794,scenario3
S2_reprodscen3_3,10000001,151334577920,3820170,3818143,0,1795,scenario3
S2_reprodscen3_3,10000001,151414220800,3347480,3346037,0,1796,scenario3
S2_reprodscen3_3,10000001,151448485888,3599660,3598155,0,1797,scenario3
S2_reprodscen3_3,10000001,151462589184,3308501,3307103,0,1798,scenario3
S2_reprodscen3_3,10000001,151521760512,4008070,4006012,0,1799,scenario3
S2_reprodscen3_3,10000001,151563351808,3535591,3534052,0,1800,scenario3
S2_reprodscen3_3,10000001,151643700736,3437214,3435570,0,1801,scenario3
S2_reprodscen3_3,10000001,151663973632,3514068,3512487,0,1802,scenario3
S2_reprodscen3_3,10000001,151720523008,3617686,3615960,0,1803,scenario3
S2_reprodscen3_3,10000001,151725102336,4187803,4185835,0,1804,scenario3
S2_reprodscen3_3,10000001,151730843392,3754702,3752996,0,1805,scenario3
S2_reprodscen3_3,10000001,151862210560,3646432,3644924,0,1806,scenario3
S2_reprodscen3_3,10000001,151897426688,3552076,3550383,0,1807,scenario3
S2_reprodscen3_3,10000001,151913486080,3524536,3523036,0,1808,scenario3
S2_reprodscen3_3,10000001,151917371392,3753145,3751762,0,1808,scenario3
S2_reprodscen3_3,10000001,151936033280,3354057,3352651,0,1810,scenario3
S2_reprodscen3_3,10000001,151985926144,3468679,3466939,0,1811,scenario3
S2_reprodscen3_3,10000001,151992806656,3900183,3886321,0,1812,scenario3
S2_reprodscen3_3,10000001,152242807296,3331668,3330232,0,1813,scenario3
S2_reprodscen3_3,10000001,152279809792,4232455,4230383,0,1814,scenario3
S2_reprodscen3_3,10000001,152283698432,3736525,3735178,0,1814,scenario3
S2_reprodscen3_3,10000001,152377729280,3732710,3731128,0,1816,scenario3
S2_reprodscen3_3,10000001,152414819840,3333296,3331837,0,1817,scenario3
S2_reprodscen3_3,10000001,152512039168,3446041,3444581,0,1818,scenario3
S2_reprodscen3_3,10000001,152561553152,3591364,3589405,0,1819,scenario3
S2_reprodscen3_3,10000001,152635454720,3345644,3344209,0,1820,scenario3
S2_reprodscen3_3,10000001,152665970944,3399303,3397873,0,1821,scenario3
S2_reprodscen3_3,10000001,152672252160,3600480,3598916,0,1822,scenario3
S2_reprodscen3_3,10000001,152675956224,3571388,3570184,0,1822,scenario3
S2_reprodscen3_3,10000001,152679473664,3407111,3406118,0,1823,scenario3
S2_reprodscen3_3,10000001,152682817536,3238936,3238083,0,1824,scenario3
S2_reprodscen3_3,10000001,152687952384,3429515,3427982,0,1826,scenario3
S2_reprodscen3_3,10000001,152704162048,3314435,3313048,0,1827,scenario3
S2_reprodscen3_3,10000001,152779405824,4270149,4268179,0,1828,scenario3
S2_reprodscen3_3,10000001,152813726464,3378344,3376864,0,1829,scenario3
S2_reprodscen3_3,10000001,152830344704,3656533,3655069,0,1830,scenario3
S2_reprodscen3_3,10000001,152844178176,3499521,3498095,0,1831,scenario3
S2_reprodscen3_3,10000001,152872945920,3830791,3818371,0,1832,scenario3
S2_reprodscen3_3,10000001,152876587520,3487652,3486413,0,1832,scenario3
S2_reprodscen3_3,10000001,152965723904,4058290,4056525,0,1834,scenario3
S2_reprodscen3_3,10000001,153034798592,3810076,3807951,0,1835,scenario3
S2_reprodscen3_3,10000001,153047855872,3418526,3417064,0,1836,scenario3
S2_reprodscen3_3,10000001,153175661056,3354561,3352974,0,1837,scenario3
S2_reprodscen3_3,10000001,153215592960,4236658,4234903,0,1838,scenario3
S2_reprodscen3_3,10000001,153250634496,3552506,3550872,0,1839,scenario3
S2_reprodscen3_3,10000001,153254544128,3748303,3746322,0,1839,scenario3
S2_reprodscen3_3,10000001,153307790080,3484212,3482773,0,1841,scenario3
S2_reprodscen3_3,10000001,153371908096,3991164,3988990,0,1842,scenario3
S2_reprodscen3_3,10000001,153375790848,3780913,3779156,0,1842,scenario3
S2_reprodscen3_3,10000001,153495441152,3341099,3339696,0,1844,scenario3
S2_reprodscen3_3,10000001,153502142976,3973810,3972274,0,1845,scenario3
S2_reprodscen3_3,10000001,153507359488,3838778,3837246,0,1846,scenario3
S2_reprodscen3_3,10000001,153535258112,3340428,3338938,0,1847,scenario3
S2_reprodscen3_3,10000001,153581065728,3930759,3928687,0,1848,scenario3
S2_reprodscen3_3,10000001,153595667712,3315534,3314176,0,1849,scenario3
S2_reprodscen3_3,10000001,153703782144,3379585,3378163,0,1850,scenario3
S2_reprodscen3_3,10000001,153766254592,3378733,3377261,0,1851,scenario3
S2_reprodscen3_3,10000001,153784437760,3487546,3486069,0,1852,scenario3
S2_reprodscen3_3,10000001,153805871872,3418349,3416843,0,1853,scenario3
S2_reprodscen3_3,10000001,153841567488,3648513,3635028,0,1854,scenario3
S2_reprodscen3_3,10000001,153849431296,3412981,3411533,0,1855,scenario3
S2_reprodscen3_3,10000001,153857030144,3719884,3718429,0,1856,scenario3
S2_reprodscen3_3,10000001,153893682432,3380770,3379356,0,1857,scenario3
S2_reprodscen3_3,10000001,153919243264,3410827,3409377,0,1858,scenario3
S2_reprodscen3_3,10000001,153985120256,3312683,3311306,0,1859,scenario3
S2_reprodscen3_3,10000001,154049667072,3358828,3357401,0,1860,scenario3
S2_reprodscen3_3,10000001,154191179264,3931033,3929331,0,1861,scenario3
S2_reprodscen3_3,10000001,154194763264,3429564,3428312,0,1861,scenario3
S2_reprodscen3_3,10000001,154287851776,3628890,3626956,0,1863,scenario3
S2_reprodscen3_3,10000001,154291635712,3653000,3651589,0,1863,scenario3
S2_reprodscen3_3,10000001,154308544768,3354467,3353050,0,1865,scenario3
S2_reprodscen3_3,10000001,154316843520,3318027,3316627,0,1866,scenario3
S2_reprodscen3_3,10000001,154325842176,4066639,4064777,0,1867,scenario3
S2_reprodscen3_3,10000001,154329862400,3869147,3867747,0,1867,scenario3
S2_reprodscen3_3,10000001,154448686336,3412733,3411243,0,1869,scenario3
S2_reprodscen3_3,10000001,154453763584,3459859,3458354,0,1870,scenario3
S2_reprodscen3_3,10000001,154470331392,3356636,3355251,0,1871,scenario3
S2_reprodscen3_3,10000001,154477026560,3807806,3805862,0,1872,scenario3
S2_reprodscen3_3,10000001,154515063040,3568473,3566902,0,1873,scenario3
S2_reprodscen3_3,10000001,154578264064,3307019,3305669,0,1874,scenario3
S2_reprodscen3_3,10000001,154613516544,3436362,3434950,0,1875,scenario3
S2_reprodscen3_3,10000001,154800203264,3773464,3771799,0,1876,scenario3
S2_reprodscen3_3,10000001,154808009984,3450354,3448720,0,1877,scenario3
S2_reprodscen3_3,10000001,154828390912,3716719,3715182,0,1878,scenario3
S2_reprodscen3_3,10000001,154841957376,3985998,3984199,0,1879,scenario3
S2_reprodscen3_3,10000001,154852097792,3519377,3517788,0,1880,scenario3
S2_reprodscen3_3,10000001,154899459584,3516179,3514739,0,1881,scenario3
S2_reprodscen3_3,10000001,154930392832,3363550,3361926,0,1882,scenario3
S2_reprodscen3_3,10000001,155024617216,3394953,3393444,0,1883,scenario3
S2_reprodscen3_3,10000001,155034827776,3359584,3358052,0,1884,scenario3
S2_reprodscen3_3,10000001,155199253248,3317823,3316457,0,1885,scenario3
S2_reprodscen3_3,10000001,155213817344,3377970,3376493,0,1886,scenario3
S2_reprodscen3_3,10000001,155222619136,3346801,3345393,0,1887,scenario3
S2_reprodscen3_3,10000001,155386289664,3736816,3735164,0,1888,scenario3
S2_reprodscen3_3,10000001,155397739264,3670477,3668920,0,1889,scenario3
S2_reprodscen3_3,10000001,155401987584,4062444,4061255,0,1889,scenario3
S2_reprodscen3_3,10000001,155405886720,3778680,3777521,0,1890,scenario3
S2_reprodscen3_3,10000001,155409718272,3736247,3735117,0,1891,scenario3
S2_reprodscen3_3,10000001,155420938496,3209861,3208379,0,1893,scenario3
S2_reprodscen3_3,10000001,155437875712,3828239,3826167,0,1894,scenario3
S2_reprodscen3_3,10000001,155485732864,3379175,3377791,0,1895,scenario3
S2_reprodscen3_3,10000001,155536182528,3631496,3629696,0,1896,scenario3
S2_reprodscen3_3,10000001,155576598016,3401650,3400153,0,1897,scenario3
S2_reprodscen3_3,10000001,155616512256,3673970,3661230,0,1898,scenario3
S2_reprodscen3_3,10000001,155641003520,3405545,3404119,0,1899,scenario3
S2_reprodscen3_3,10000001,155670463232,3947178,3945416,0,1900,scenario3
S2_reprodscen3_3,10000001,155763377920,3797040,3795424,0,1901,scenario3
S2_reprodscen3_3,10000001,155814449920,3373753,3372360,0,1902,scenario3
S2_reprodscen3_3,10000001,155882370560,3337870,3336379,0,1903,scenario3
S2_reprodscen3_3,10000001,156041606144,3374407,3372869,0,1904,scenario3
S2_reprodscen3_3,10000001,156047296000,3446490,3444966,0,1905,scenario3
S2_reprodscen3_3,10000001,156056224512,3499342,3497846,0,1906,scenario3
S2_reprodscen3_3,10000001,156066127872,4050206,4048121,0,1907,scenario3
S2_reprodscen3_3,10000001,156072466688,3796256,3793258,0,1908,scenario3
S2_reprodscen3_3,10000001,156199977728,3392017,3390518,0,1909,scenario3
S2_reprodscen3_3,10000001,156249092352,3376660,3375110,0,1910,scenario3
S2_reprodscen3_3,10000001,156279326720,3349400,3347893,0,1911,scenario3
S2_reprodscen3_3,10000001,156309572864,3325571,3324154,0,1912,scenario3
S2_reprodscen3_3,10000001,156326436608,3843798,3842159,0,1913,scenario3
S2_reprodscen3_3,10000001,156330433792,3389644,3388310,0,1914,scenario3
S2_reprodscen3_3,10000001,156391864576,3560571,3558901,0,1915,scenario3
S2_reprodscen3_3,10000001,156436291328,3818008,3815012,0,1916,scenario3
S2_reprodscen3_3,10000001,156439718912,3293631,3292440,0,1916,scenario3
S2_reprodscen3_3,10000001,156504550144,3683059,3681046,0,1918,scenario3
S2_reprodscen3_3,10000001,156512160768,3570645,3569231,0,1919,scenario3
S2_reprodscen3_3,10000001,156516109824,3755207,3753199,0,1919,scenario3
S2_reprodscen3_3,10000001,156528791808,3378039,3376566,0,1921,scenario3
S2_reprodscen3_3,10000001,156582402816,3623216,3621700,0,1922,scenario3
S2_reprodscen3_3,10000001,156698387200,3404729,3403107,0,1923,scenario3
S2_reprodscen3_3,10000001,156707169536,3416436,3415005,0,1924,scenario3
S2_reprodscen3_3,10000001,156792097792,3599944,3598339,0,1925,scenario3
S2_reprodscen3_3,10000001,156825692928,3905877,3904191,0,1926,scenario3
S2_reprodscen3_3,10000001,156880755968,3573175,3571636,0,1927,scenario3
S2_reprodscen3_3,10000001,156901310208,3816347,3814878,0,1928,scenario3
S2_reprodscen3_3,10000001,156905046528,3584996,3583763,0,1928,scenario3
S2_reprodscen3_3,10000001,156971449088,3511602,3510194,0,1930,scenario3
S2_reprodscen3_3,10000001,156980604160,3399277,3397786,0,1931,scenario3
S2_reprodscen3_3,10000001,157034848000,3343235,3341780,0,1932,scenario3
S2_reprodscen3_3,10000001,157197384704,3630454,3628999,0,1933,scenario3
S2_reprodscen3_3,10000001,157200975872,3442526,3441298,0,1933,scenario3
S2_reprodscen3_3,10000001,157248989440,3347596,3346072,0,1935,scenario3
S2_reprodscen3_3,10000001,157300355584,3552394,3550858,0,1936,scenario3
S2_reprodscen3_3,10000001,157303892224,3397445,3396118,0,1936,scenario3
S2_reprodscen3_3,10000001,157329504768,3399130,3393372,0,1938,scenario3
S2_reprodscen3_3,10000001,157378041344,3632364,3630700,0,1939,scenario3
S2_reprodscen3_3,10000001,157412206336,3499701,3498014,0,1940,scenario3
S2_reprodscen3_3,10000001,157440203776,4193683,4191569,0,1941,scenario3
S2_reprodscen3_3,10000001,157501740032,3430439,3428932,0,1942,scenario3
S2_reprodscen3_3,10000001,157527942656,3469337,3467667,0,1943,scenario3
S2_reprodscen3_3,10000001,157558207232,3744855,3743145,0,1944,scenario3
S2_reprodscen3_3,10000001,157651560960,3364540,3363115,0,1945,scenario3
S2_reprodscen3_3,10000001,157679125504,3805842,3804198,0,1946,scenario3
S2_reprodscen3_3,10000001,157722789632,3373666,3372229,0,1947,scenario3
S2_reprodscen3_3,10000001,157766870272,4120418,4118600,0,1948,scenario3
S2_reprodscen3_3,10000001,157836580096,3451434,3449927,0,1949,scenario3
S2_reprodscen3_3,10000001,157877894400,3745888,3744309,0,1950,scenario3
S2_reprodscen3_3,10000001,157889112064,3313298,3311842,0,1951,scenario3
S2_reprodscen3_3,10000001,157912386560,3375438,3373992,0,1952,scenario3
S2_reprodscen3_3,10000001,157983578368,3363975,3362593,0,1953,scenario3
S2_reprodscen3_3,10000001,158033627648,3996818,3995024,0,1954,scenario3
S2_reprodscen3_3,10000001,158037554944,3769776,3768390,0,1954,scenario3
S2_reprodscen3_3,10000001,158076355328,3317009,3315597,0,1956,scenario3
S2_reprodscen3_3,10000001,158225428480,3321994,3320531,0,1957,scenario3
S2_reprodscen3_3,10000001,158244017408,3312521,3311067,0,1958,scenario3
S2_reprodscen3_3,10000001,158291318016,3318837,3317390,0,1959,scenario3
S2_reprodscen3_3,10000001,158302638592,3586294,3584614,0,1960,scenario3
S2_reprodscen3_3,10000001,158372033280,3777070,3775277,0,1961,scenario3
S2_reprodscen3_3,10000001,158389100288,3561557,3560108,0,1962,scenario3
S2_reprodscen3_3,10000001,158398210816,3521255,3519657,0,1963,scenario3
S2_reprodscen3_3,10000001,158428652032,3508673,3507126,0,1964,scenario3
S2_reprodscen3_3,10000001,158480754944,3392373,3390985,0,1965,scenario3
S2_reprodscen3_3,10000001,158571808768,4320726,4318484,0,1966,scenario3
S2_reprodscen3_3,10000001,158591873024,4178072,4175734,0,1967,scenario3
S2_reprodscen3_3,10000001,158602227968,4117645,4116058,0,1968,scenario3
S2_reprodscen3_3,10000001,158684682240,4215741,4213624,0,1969,scenario3
S2_reprodscen3_3,10000001,158688734720,3901503,3900257,0,1969,scenario3
S2_reprodscen3_3,10000001,158692784128,3922328,3921005,0,1970,scenario3
S2_reprodscen3_3,10000001,158732701696,3956087,3953870,0,1972,scenario3
S2_reprodscen3_3,10000001,158769721856,3629224,3627511,0,1973,scenario3
S2_reprodscen3_3,10000001,158777222400,3841496,3839916,0,1974,scenario3
S2_reprodscen3_3,10000001,158801138176,3456504,3455028,0,1975,scenario3
S2_reprodscen3_3,10000001,158893670912,3424683,3423140,0,1976,scenario3
S2_reprodscen3_3,10000001,158942404096,3381330,3379781,0,1977,scenario3
S2_reprodscen3_3,10000001,158981039104,3652905,3650335,0,1978,scenario3
S2_reprodscen3_3,10000001,158985072384,3852596,3850822,0,1978,scenario3
S2_reprodscen3_3,10000001,159037253120,3312406,3311009,0,1980,scenario3
S2_reprodscen3_3,10000001,159212105984,3358800,3357291,0,1981,scenario3
S2_reprodscen3_3,10000001,159373857536,3388842,3387419,0,1982,scenario3
S2_reprodscen3_3,10000001,159402276352,3415693,3414262,0,1983,scenario3
S2_reprodscen3_3,10000001,159446764544,3669774,3668035,0,1984,scenario3
S2_reprodscen3_3,10000001,159472756992,3378366,3365975,0,1985,scenario3
S2_reprodscen3_3,10000001,159523820800,3316289,3314898,0,1986,scenario3
S2_reprodscen3_3,10000001,159554539776,3941090,3939329,0,1987,scenario3
S2_reprodscen3_3,10000001,159576833024,3806363,3804412,0,1988,scenario3
S2_reprodscen3_3,10000001,159614228992,3901338,3899648,0,1989,scenario3
S2_reprodscen3_3,10000001,159682082816,3533280,3531560,0,1990,scenario3
S2_reprodscen3_3,10000001,159706620160,3867435,3865484,0,1991,scenario3
S2_reprodscen3_3,10000001,159720421888,3404877,3403406,0,1992,scenario3
S2_reprodscen3_3,10000001,159831067648,3789962,3788181,0,1993,scenario3
S2_reprodscen3_3,10000001,159939439616,3947301,3945543,0,1994,scenario3
S2_reprodscen3_3,10000001,159952324864,3426835,3425427,0,1995,scenario3
S2_reprodscen3_3,10000001,159976972544,3948793,3947122,0,1996,scenario3
S2_reprodscen3_3,10000001,160009744384,3380078,3378655,0,1997,scenario3
S2_reprodscen3_3,10000001,160024656128,4113106,4110706,0,1998,scenario3
S2_reprodscen3_3,10000001,160028501504,3729093,3727347,0,1998,scenario3
S2_reprodscen3_3,10000001,160032438272,3590875,3589150,0,2000,scenario3
S2_reprodscen3_3,10000001,160041918720,3569352,3567614,0,2001,scenario3
S2_reprodscen3_3,10000001,160045804288,3746313,3744592,0,2001,scenario3
S2_reprodscen3_3,10000001,160072345600,3387998,3386598,0,2003,scenario3
S2_reprodscen3_3,10000001,160083409408,3360328,3358901,0,2004,scenario3
S2_reprodscen3_3,10000001,160250058752,3692403,3690446,0,2005,scenario3
S2_reprodscen3_3,10000001,160274826752,3306770,3305449,0,2006,scenario3
S2_reprodscen3_3,10000001,160294081280,3354806,3353452,0,2007,scenario3
S2_reprodscen3_3,10000001,160301539072,3460380,3458980,0,2008,scenario3
S2_reprodscen3_3,10000001,160379326464,3879531,3877537,0,2009,scenario3
S2_reprodscen3_3,10000001,160383024640,3577504,3576299,0,2009,scenario3
S2_reprodscen3_3,10000001,160401517056,3465279,3463838,0,2011,scenario3
S2_reprodscen3_3,10000001,160432037120,4059102,4057405,0,2012,scenario3
S2_reprodscen3_3,10000001,160441297152,3753443,3751308,0,2013,scenario3
S2_reprodscen3_3,10000001,160445118208,3661472,3660127,0,2013,scenario3
S2_reprodscen3_3,10000001,160451203584,3499048,3497021,0,2015,scenario3
S2_reprodscen3_3,10000001,160463719424,3631722,3630187,0,2016,scenario3
S2_reprodscen3_3,10000001,160482230016,3765226,3763266,0,2017,scenario3
S2_reprodscen3_3,10000001,160486045696,3659046,3657380,0,2017,scenario3
S2_reprodscen3_3,10000001,160586746880,3941106,3938884,0,2019,scenario3
S2_reprodscen3_3,10000001,160755084032,3626680,3625082,0,2020,scenario3
S2_reprodscen3_3,10000001,160758554624,3335294,3334069,0,2020,scenario3
S2_reprodscen3_3,10000001,160766204416,3631540,3630044,0,2022,scenario3
S2_reprodscen3_3,10000001,160771591680,3609134,3606214,0,2023,scenario3
S2_reprodscen3_3,10000001,160782925056,3944343,3942279,0,2024,scenario3
S2_reprodscen3_3,10000001,160804790272,3366471,3364975,0,2025,scenario3
S2_reprodscen3_3,10000001,160902987776,3565334,3563623,0,2026,scenario3
S2_reprodscen3_3,10000001,161074328064,3495015,3493313,0,2027,scenario3
S2_reprodscen3_3,10000001,161309849856,3698957,3697367,0,2028,scenario3
S2_reprodscen3_3,10000001,161358890496,3689506,3687213,0,2029,scenario3
S2_reprodscen3_3,10000001,161387929600,3431830,3430423,0,2030,scenario3
S2_reprodscen3_3,10000001,161420051968,3380523,3379051,0,2031,scenario3
S2_reprodscen3_3,10000001,161451627008,3409686,3408203,0,2032,scenario3
S2_reprodscen3_3,10000001,161531842304,3480186,3478198,0,2033,scenario3
S2_reprodscen3_3,10000001,161622158848,3603512,3601156,0,2034,scenario3
S2_reprodscen3_3,10000001,161639761408,3857532,3855802,0,2035,scenario3
S2_reprodscen3_3,10000001,161643810304,3938354,3936479,0,2035,scenario3
S2_reprodscen3_3,10000001,161654840320,3638344,3636774,0,2037,scenario3
S2_reprodscen3_3,10000001,161660034816,3556887,3554926,0,2038,scenario3
S2_reprodscen3_3,10000001,161710265344,3374541,3365850,0,2039,scenario3
S2_reprodscen3_3,10000001,161738402048,3388771,3387251,0,2040,scenario3
S2_reprodscen3_3,10000001,161770075904,3415976,3414579,0,2041,scenario3
S2_reprodscen3_3,10000001,161783362304,3720435,3718896,0,2042,scenario3
S2_reprodscen3_3,10000001,161846118656,3379085,3377616,0,2043,scenario3
S2_reprodscen3_3,10000001,161952590848,3407821,3406361,0,2044,scenario3
S2_reprodscen3_3,10000001,161992973056,3742695,3741039,0,2045,scenario3
S2_reprodscen3_3,10000001,162002317312,3465128,3463665,0,2046,scenario3
S2_reprodscen3_3,10000001,162045741312,3410830,3409379,0,2047,scenario3
S2_reprodscen3_3,10000001,162079755008,3468855,3463431,0,2048,scenario3
S2_reprodscen3_3,10000001,162107001344,3457181,3455698,0,2049,scenario3
S2_reprodscen3_3,10000001,162119526656,3568807,3566940,0,2050,scenario3
S2_reprodscen3_3,10000001,162269521152,3416602,3415164,0,2051,scenario3
S2_reprodscen3_3,10000001,162348785920,3393442,3391897,0,2052,scenario3
S2_reprodscen3_3,10000001,162367540480,3803332,3801280,0,2053,scenario3
S2_reprodscen3_3,10000001,162415135488,3636541,3634397,0,2054,scenario3
S2_reprodscen3_3,10000001,162431526656,3932648,3930569,0,2055,scenario3
S2_reprodscen3_3,10000001,162443133184,3657418,3655147,0,2056,scenario3
S2_reprodscen3_3,10000001,162487326464,3376157,3374706,0,2057,scenario3
S2_reprodscen3_3,10000001,162571630592,3439788,3438383,0,2058,scenario3
S2_reprodscen3_3,10000001,162635551232,4085220,4083161,0,2059,scenario3
S2_reprodscen3_3,10000001,162639658240,3967162,3965478,0,2059,scenario3
S2_reprodscen3_3,10000001,162653646848,3636996,3634892,0,2061,scenario3
S2_reprodscen3_3,10000001,162776413696,3832999,3830962,0,2062,scenario3
S2_reprodscen3_3,10000001,162792778240,3430791,3429313,0,2063,scenario3
S2_reprodscen3_3,10000001,162846674432,3773913,3772238,0,2064,scenario3
S2_reprodscen3_3,10000001,162883312384,3358483,3357056,0,2065,scenario3
S2_reprodscen3_3,10000001,162897652736,3496610,3495080,0,2066,scenario3
S2_reprodscen3_3,10000001,162902176256,3760823,3759430,0,2067,scenario3
S2_reprodscen3_3,10000001,162910595840,4066486,4064442,0,2068,scenario3
S2_reprodscen3_3,10000001,162960644608,3336704,3335225,0,2069,scenario3
S2_reprodscen3_3,10000001,162989214464,3839701,3837965,0,2070,scenario3
S2_reprodscen3_3,10000001,163003106816,3342831,3341371,0,2071,scenario3
S2_reprodscen3_3,10000001,163043000576,3651288,3649130,0,2072,scenario3
S2_reprodscen3_3,10000001,163089571584,3396935,3395453,0,2073,scenario3
S2_reprodscen3_3,10000001,163249011712,3384245,3382689,0,2074,scenario3
S2_reprodscen3_3,10000001,163271917312,3827285,3825161,0,2075,scenario3
S2_reprodscen3_3,10000001,163324147200,3786743,3784811,0,2076,scenario3
S2_reprodscen3_3,10000001,163329649152,3957922,3955778,0,2077,scenario3
S2_reprodscen3_3,10000001,163350127104,3428690,3427277,0,2078,scenario3
S2_reprodscen3_3,10000001,163400746240,3399184,3397690,0,2079,scenario3
S2_reprodscen3_3,10000001,163477801984,3679738,3678115,0,2080,scenario3
S2_reprodscen3_3,10000001,163505186304,3357168,3355731,0,2081,scenario3
S2_reprodscen3_3,10000001,163520635136,3431431,3429978,0,2082,scenario3
S2_reprodscen3_3,10000001,163606372352,5155455,5152826,0,2083,scenario3
S2_reprodscen3_3,10000001,163689032960,3456744,3455208,0,2084,scenario3
S2_reprodscen3_3,10000001,163799331328,3519109,3517636,0,2085,scenario3
S2_reprodscen3_3,10000001,163808727552,3526817,3525304,0,2086,scenario3
S2_reprodscen3_3,10000001,163940553472,3397006,3395574,0,2087,scenario3
S2_reprodscen3_3,10000001,164013702400,4203731,4201912,0,2088,scenario3
S2_reprodscen3_3,10000001,164017387264,3557196,3555881,0,2088,scenario3
S2_reprodscen3_3,10000001,164033412608,3568652,3567212,0,2090,scenario3
S2_reprodscen3_3,10000001,164037150464,3565295,3564062,0,2090,scenario3
S2_reprodscen3_3,10000001,164056304384,3499786,3494356,0,2092,scenario3
S2_reprodscen3_3,10000001,164069691136,3750109,3748519,0,2093,scenario3
S2_reprodscen3_3,10000001,164076234240,3805630,3803397,0,2094,scenario3
S2_reprodscen3_3,10000001,164082450944,4033085,4031607,0,2095,scenario3
S2_reprodscen3_3,10000001,164108326400,3385854,3384410,0,2096,scenario3
S2_reprodscen3_3,10000001,164239124992,3673032,3671507,0,2097,scenario3
S2_reprodscen3_3,10000001,164242557696,3305737,3304570,0,2097,scenario3
S2_reprodscen3_3,10000001,164247792640,3270845,3269396,0,2099,scenario3
S2_reprodscen3_3,10000001,164257875712,3701881,3700450,0,2100,scenario3
S2_reprodscen3_3,10000001,164372385792,3375158,3373674,0,2101,scenario3
S2_reprodscen3_3,10000001,164379919616,3664116,3662454,0,2102,scenario3
S2_reprodscen3_3,10000001,164500683520,4231836,4229491,0,2103,scenario3
S2_reprodscen3_3,10000001,164504765184,3980219,3978453,0,2103,scenario3
S2_reprodscen3_3,10000001,164553594624,3688993,3687477,0,2105,scenario3
S2_reprodscen3_3,10000001,164626017024,3595341,3593626,0,2106,scenario3
S2_reprodscen3_3,10000001,164673980928,3372775,3371326,0,2107,scenario3
S2_reprodscen3_3,10000001,164681487360,3883370,3881766,0,2108,scenario3
S2_reprodscen3_3,10000001,164691047936,4059823,4057600,0,2109,scenario3
S2_reprodscen3_3,10000001,164797234176,3669988,3668537,0,2110,scenario3
S2_reprodscen3_3,10000001,164853810688,3344923,3343460,0,2111,scenario3
S2_reprodscen3_3,10000001,164874542080,3656312,3654834,0,2112,scenario3
S2_reprodscen3_3,10000001,164890786816,3488881,3487447,0,2113,scenario3
S2_reprodscen3_3,10000001,164956069888,4015084,4013061,0,2114,scenario3
S2_reprodscen3_3,10000001,164982855424,3379261,3377797,0,2115,scenario3
S2_reprodscen3_3,10000001,164998057984,3360825,3359370,0,2116,scenario3
S2_reprodscen3_3,10000001,165124583168,3582416,3580662,0,2117,scenario3
S2_reprodscen3_3,10000001,165128088832,3372347,3371134,0,2117,scenario3
S2_reprodscen3_3,10000001,165289011200,3455896,3454383,0,2119,scenario3
S2_reprodscen3_3,10000001,165371520000,3682903,3681301,0,2120,scenario3
S2_reprodscen3_3,10000001,165375448320,3725611,3723778,0,2120,scenario3
S2_reprodscen3_3,10000001,165385214720,4010504,4008294,0,2122,scenario3
S2_reprodscen3_3,10000001,165392601856,3965965,3963988,0,2123,scenario3
S2_reprodscen3_3,10000001,165528932352,4224094,4221839,0,2124,scenario3
S2_reprodscen3_3,10000001,165534066432,4045705,4043607,0,2125,scenario3
S2_reprodscen3_3,10000001,165542084608,3864843,3863262,0,2126,scenario3
S2_reprodscen3_3,10000001,165556105984,3479049,3477582,0,2127,scenario3
S2_reprodscen3_3,10000001,165577725696,3413249,3411760,0,2128,scenario3
S2_reprodscen3_3,10000001,165643619072,3355446,3354061,0,2129,scenario3
S2_reprodscen3_3,10000001,165706911744,3372166,3370668,0,2130,scenario3
S2_reprodscen3_3,10000001,165867238656,3318706,3313290,0,2131,scenario3
S2_reprodscen3_3,10000001,165887603456,3372054,3370474,0,2132,scenario3
S2_reprodscen3_3,10000001,165960919296,3397122,3395690,0,2133,scenario3
S2_reprodscen3_3,10000001,166025455616,3332226,3330808,0,2134,scenario3
S2_reprodscen3_3,10000001,166029499392,3339505,3337993,0,2135,scenario3
S2_reprodscen3_3,10000001,166039706368,3369422,3367978,0,2136,scenario3
S2_reprodscen3_3,10000001,166043968512,3318436,3317038,0,2137,scenario3
S2_reprodscen3_3,10000001,166066594048,3597437,3595943,0,2138,scenario3
S2_reprodscen3_3,10000001,166113382144,4181449,4179222,0,2139,scenario3
S2_reprodscen3_3,10000001,166145122816,3681916,3680325,0,2140,scenario3
S2_reprodscen3_3,10000001,166303522048,3961681,3959633,0,2141,scenario3
S2_reprodscen3_3,10000001,166341570304,3602763,3600903,0,2142,scenario3
S2_reprodscen3_3,10000001,166357825280,3815520,3813493,0,2143,scenario3
S2_reprodscen3_3,10000001,166390140160,3348505,3346973,0,2144,scenario3
S2_reprodscen3_3,10000001,166431553792,3410329,3408875,0,2145,scenario3
S2_reprodscen3_3,10000001,166489838080,3778141,3776127,0,2146,scenario3
S2_reprodscen3_3,10000001,166558891776,3638182,3636153,0,2147,scenario3
S2_reprodscen3_3,10000001,166600224256,3671354,3669771,0,2148,scenario3
S2_reprodscen3_3,10000001,166611311616,3462782,3461284,0,2149,scenario3
S2_reprodscen3_3,10000001,166714777600,3528184,3526658,0,2150,scenario3
S2_reprodscen3_3,10000001,166718309632,3391715,3390546,0,2150,scenario3
S2_reprodscen3_3,10000001,166744006400,3573049,3571467,0,2152,scenario3
S2_reprodscen3_3,10000001,166747700992,3521560,3520299,0,2152,scenario3
S2_reprodscen3_3,10000001,166793565696,3679317,3677820,0,2154,scenario3
S2_reprodscen3_3,10000001,166833643520,3365642,3364174,0,2155,scenario3
S2_reprodscen3_3,10000001,166853936896,3316339,3314866,0,2156,scenario3
S2_reprodscen3_3,10000001,166956961280,3886177,3883944,0,2157,scenario3
S2_reprodscen3_3,10000001,166966684928,3591578,3589681,0,2158,scenario3
S2_reprodscen3_3,10000001,167001884928,3861493,3859528,0,2159,scenario3
S2_reprodscen3_3,10000001,167018253824,3327598,3326180,0,2160,scenario3
S2_reprodscen3_3,10000001,167061434112,3317926,3316455,0,2161,scenario3
S2_reprodscen3_3,10000001,167115330560,3834544,3832528,0,2162,scenario3
S2_reprodscen3_3,10000001,167387483904,3473846,3472260,0,2163,scenario3
S2_reprodscen3_3,10000001,167391631360,3511043,3509394,0,2164,scenario3
S2_reprodscen3_3,10000001,167505018624,3483720,3482160,0,2165,scenario3
S2_reprodscen3_3,10000001,167543277568,3388649,3387097,0,2166,scenario3
S2_reprodscen3_3,10000001,167601527040,4410095,4407988,0,2167,scenario3
S2_reprodscen3_3,10000001,167670953216,3399217,3397573,0,2168,scenario3
S2_reprodscen3_3,10000001,167776045056,3320872,3319262,0,2169,scenario3
S2_reprodscen3_3,10000001,167784392448,3452507,3450895,0,2170,scenario3
S2_reprodscen3_3,10000001,167796981248,3793753,3791329,0,2171,scenario3
S2_reprodscen3_3,10000001,167806917120,3442644,3441079,0,2172,scenario3
S2_reprodscen3_3,10000001,167821478144,3780588,3778748,0,2173,scenario3
S2_reprodscen3_3,10000001,167827353600,3648102,3646375,0,2174,scenario3
S2_reprodscen3_3,10000001,167869347840,3382892,3381264,0,2175,scenario3
S2_reprodscen3_3,10000001,167882847744,3310282,3308744,0,2176,scenario3
S2_reprodscen3_3,10000001,167942256384,3368913,3367346,0,2177,scenario3
S2_reprodscen3_3,10000001,167960252928,3548494,3546545,0,2178,scenario3
S2_reprodscen3_3,10000001,167993513984,3432897,3431308,0,2179,scenario3
S2_reprodscen3_3,10000001,168040926208,3430058,3428275,0,2180,scenario3
S2_reprodscen3_3,10000001,168101669376,3563346,3561438,0,2181,scenario3
S2_reprodscen3_3,10000001,168105274880,3408639,3406803,0,2181,scenario3
S2_reprodscen3_3,10000001,168145016320,3319814,3318252,0,2183,scenario3
S2_reprodscen3_3,10000001,168323529216,3538052,3536398,0,2184,scenario3
S2_reprodscen3_3,10000001,168333732096,3852428,3850492,0,2185,scenario3
S2_reprodscen3_3,10000001,168423492096,3849564,3847305,0,2186,scenario3
S2_reprodscen3_3,10000001,168443875584,4335816,4333549,0,2187,scenario3
S2_reprodscen3_3,10000001,168636295424,3398333,3396709,0,2188,scenario3
S2_reprodscen3_3,10000001,168650281216,3383822,3382094,0,2189,scenario3
S2_reprodscen3_3,10000001,168673751552,3363279,3361718,0,2190,scenario3
S2_reprodscen3_3,10000001,168714168320,3348508,3346932,0,2191,scenario3
S2_reprodscen3_3,10000001,168726439424,3664012,3662389,0,2192,scenario3
S2_reprodscen3_3,10000001,168742522368,3863819,3862206,0,2193,scenario3
S2_reprodscen3_3,10000001,168746381056,3676316,3674339,0,2193,scenario3
S2_reprodscen3_3,10000001,168813843456,3958275,3956519,0,2195,scenario3
S2_reprodscen3_3,10000001,168817634816,3669359,3668094,0,2195,scenario3
S2_reprodscen3_3,10000001,168831192064,3722987,3720281,0,2197,scenario3
S2_reprodscen3_3,10000001,168854127360,3504470,3502741,0,2198,scenario3
S2_reprodscen3_3,10000001,168870932992,3952572,3950499,0,2199,scenario3
S2_reprodscen3_3,10000001,168915861248,3413151,3411422,0,2200,scenario3
S2_reprodscen3_3,10000001,169069994496,3337820,3335854,0,2201,scenario3
S2_reprodscen3_3,10000001,169086836224,3660371,3658494,0,2202,scenario3
S2_reprodscen3_3,10000001,169099154176,3528869,3526776,0,2203,scenario3
S2_reprodscen3_3,10000001,169102705408,3391630,3390070,0,2203,scenario3
S2_reprodscen3_3,10000001,169389758464,4022680,4019994,0,2205,scenario3
S2_reprodscen3_3,10000001,169418690048,3374891,3373091,0,2206,scenario3
S2_reprodscen3_3,10000001,169599576832,4247912,4245145,0,2207,scenario3
S2_reprodscen3_3,10000001,169622434304,3394131,3392279,0,2208,scenario3
S2_reprodscen3_3,10000001,169648957952,3865427,3862702,0,2209,scenario3
S2_reprodscen3_3,10000001,169709928192,3456473,3454570,0,2210,scenario3
S2_reprodscen3_3,10000001,169728417536,3535263,3533356,0,2211,scenario3
S2_reprodscen3_3,10000001,169734381824,4048820,4046799,0,2212,scenario3
S2_reprodscen3_3,10000001,169738211328,3663216,3661702,0,2212,scenario3
S2_reprodscen3_3,10000001,169818411264,4137601,4135340,0,2214,scenario3
S2_reprodscen3_3,10000001,169828550400,3458561,3456731,0,2215,scenario3
S2_reprodscen3_3,10000001,169865723904,3734874,3732472,0,2216,scenario3
S2_reprodscen3_3,10000001,169947973376,3724934,3722961,0,2217,scenario3
S2_reprodscen3_3,10000001,169962482432,3681619,3679778,0,2218,scenario3
S2_reprodscen3_3,10000001,170005416704,3348612,3346806,0,2219,scenario3
S2_reprodscen3_3,10000001,170036984064,3445627,3443904,0,2220,scenario3
S2_reprodscen3_3,10000001,170062979840,3376056,3374185,0,2221,scenario3
S2_reprodscen3_3,10000001,170073344256,3403267,3401446,0,2222,scenario3
S2_reprodscen3_3,10000001,170108637952,3386362,3384442,0,2223,scenario3
S2_reprodscen3_3,10000001,170122345728,3588674,3586813,0,2224,scenario3
S2_reprodscen3_3,10000001,170136481792,3708479,3705972,0,2225,scenario3
S2_reprodscen3_3,10000001,170296968448,3802580,3799977,0,2226,scenario3
S2_reprodscen3_3,10000001,170320723712,4243121,4240326,0,2227,scenario3
S2_reprodscen3_3,10000001,170325410048,3885918,3883510,0,2228,scenario3
S2_reprodscen3_3,10000001,170373643008,3611424,3609533,0,2229,scenario3
S2_reprodscen3_3,10000001,170496994304,3549842,3547099,0,2230,scenario3
S2_reprodscen3_3,10000001,170585266944,3393081,3391279,0,2231,scenario3
S2_reprodscen3_3,10000001,170649548800,3389951,3387906,0,2232,scenario3
S2_reprodscen3_3,10000001,170696946176,3367066,3365040,0,2233,scenario3
S2_reprodscen3_3,10000001,170762403072,3354556,3352758,0,2234,scenario3
S2_reprodscen3_3,10000001,170841661952,3325629,3323913,0,2235,scenario3
S2_reprodscen3_3,10000001,170847634944,3654502,3652652,0,2236,scenario3
S2_reprodscen3_3,10000001,170861666816,3946008,3943872,0,2237,scenario3
S2_reprodscen3_3,10000001,170946003200,4077509,4075538,0,2238,scenario3
S2_reprodscen3_3,10000001,170950086912,3918673,3917104,0,2238,scenario3
S2_reprodscen3_3,10000001,170982959872,3372286,3370555,0,2240,scenario3
S2_reprodscen3_3,10000001,171022576128,3457430,3455753,0,2241,scenario3
S2_reprodscen3_3,10000001,171026072576,3315743,3313946,0,2241,scenario3
S2_reprodscen3_3,10000001,171075086080,3575118,3573266,0,2243,scenario3
S2_reprodscen3_3,10000001,171078543872,3280080,3278355,0,2243,scenario3
S2_reprodscen3_3,10000001,171099490048,3322577,3320920,0,2245,scenario3
S2_reprodscen3_3,10000001,171281481728,3641269,3638159,0,2246,scenario3
S2_reprodscen3_3,10000001,171314540544,3638238,3636267,0,2247,scenario3
S2_reprodscen3_3,10000001,171318053120,3321478,3319570,0,2247,scenario3
S2_reprodscen3_3,10000001,171359339776,3963665,3961733,0,2249,scenario3
S2_reprodscen3_3,10000001,171363309824,3819189,3817394,0,2249,scenario3
S2_reprodscen3_3,10000001,171367144704,3681974,3680717,0,2250,scenario3
S2_reprodscen3_3,10000001,171387619328,3551632,3549747,0,2252,scenario3
S2_reprodscen3_3,10000001,171402739200,4172736,4170796,0,2253,scenario3
S2_reprodscen3_3,10000001,171463384576,3783873,3782088,0,2254,scenario3
S2_reprodscen3_3,10000001,171479490816,3325283,3323682,0,2255,scenario3
S2_reprodscen3_3,10000001,171493877760,3372122,3370444,0,2256,scenario3
S2_reprodscen3_3,10000001,171629580032,3977242,3975262,0,2257,scenario3
S2_reprodscen3_3,10000001,171788465152,3379171,3377507,0,2258,scenario3
S2_reprodscen3_3,10000001,171831043840,3807253,3804965,0,2259,scenario3
S2_reprodscen3_3,10000001,171922857728,3384183,3382431,0,2260,scenario3
S2_reprodscen3_3,10000001,172002451968,3525069,3522658,0,2261,scenario3
S2_reprodscen3_3,10000001,172084305920,3973590,3971401,0,2262,scenario3
S2_reprodscen3_3,10000001,172088292096,3804852,3802866,0,2262,scenario3
S2_reprodscen3_3,10000001,172091926272,3489824,3488258,0,2263,scenario3
S2_reprodscen3_3,10000001,172175491584,3776606,3774286,0,2265,scenario3
S2_reprodscen3_3,10000001,172287643904,3480376,3478401,0,2266,scenario3
S2_reprodscen3_3,10000001,172383190016,3773460,3771323,0,2267,scenario3
S2_reprodscen3_3,10000001,172387637760,3622451,3620586,0,2268,scenario3
S2_reprodscen3_3,10000001,172410732032,3369776,3367895,0,2269,scenario3
S2_reprodscen3_3,10000001,172487352064,3550674,3548779,0,2270,scenario3
S2_reprodscen3_3,10000001,172491067136,3511947,3510036,0,2270,scenario3
S2_reprodscen3_3,10000001,172529950464,3397202,3395415,0,2272,scenario3
S2_reprodscen3_3,10000001,172642821888,3382455,3380207,0,2273,scenario3
S2_reprodscen3_3,10000001,172681859328,5921004,5915252,0,2274,scenario3
S2_reprodscen3_3,10000001,172770095360,3818150,3816054,0,2275,scenario3
S2_reprodscen3_3,10000001,172834798592,3741082,3738967,0,2276,scenario3
S2_reprodscen3_3,10000001,172848957952,3471347,3469949,0,2277,scenario3
S2_reprodscen3_3,10000001,172941855488,3364834,3363418,0,2278,scenario3
S2_reprodscen3_3,10000001,172961675520,3794255,3792584,0,2279,scenario3
S2_reprodscen3_3,10000001,172973302528,3881434,3879750,0,2280,scenario3
S2_reprodscen3_3,10000001,172976803328,3358795,3357575,0,2280,scenario3
S2_reprodscen3_3,10000001,173012078592,3365690,3364201,0,2282,scenario3
S2_reprodscen3_3,10000001,173043731456,3994497,3992730,0,2283,scenario3
S2_reprodscen3_3,10000001,173175682560,3348921,3347480,0,2284,scenario3
S2_reprodscen3_3,10000001,173185353472,3789994,3788341,0,2285,scenario3
S2_reprodscen3_3,10000001,173292586496,3802157,3800450,0,2286,scenario3
S2_reprodscen3_3,10000001,173329904128,3927135,3925306,0,2287,scenario3
S2_reprodscen3_3,10000001,173467894272,3359432,3357989,0,2288,scenario3
S2_reprodscen3_3,10000001,173484336128,3464404,3462479,0,2289,scenario3
S2_reprodscen3_3,10000001,173504165632,3961968,3959722,0,2290,scenario3
S2_reprodscen3_3,10000001,173593743360,3628129,3626627,0,2291,scenario3
S2_reprodscen3_3,10000001,173597402624,3514479,3513246,0,2291,scenario3
S2_reprodscen3_3,10000001,173710074880,3490075,3488606,0,2293,scenario3
S2_reprodscen3_3,10000001,173714117120,3884051,3882781,0,2293,scenario3
S2_reprodscen3_3,10000001,173718083584,3849680,3848018,0,2294,scenario3
S2_reprodscen3_3,10000001,173774553344,3473863,3472357,0,2296,scenario3
S2_reprodscen3_3,10000001,173814124800,3599489,3597951,0,2297,scenario3
S2_reprodscen3_3,10000001,173896623616,3660418,3658286,0,2298,scenario3
S2_reprodscen3_3,10000001,173906138112,3325453,3323950,0,2299,scenario3
S2_reprodscen3_3,10000001,173960778496,3359085,3357631,0,2300,scenario3
S2_reprodscen3_3,10000001,173996701696,3317906,3316447,0,2301,scenario3
S2_reprodscen3_3,10000001,174006059520,3425182,3423813,0,2302,scenario3
S2_reprodscen3_3,10000001,174040504064,3316693,3315216,0,2303,scenario3
S2_reprodscen3_3,10000001,174098704384,3314877,3313498,0,2304,scenario3
S2_reprodscen3_3,10000001,174323953408,3383365,3381787,0,2305,scenario3
S2_reprodscen3_3,10000001,174343653376,3374922,3373368,0,2306,scenario3
S2_reprodscen3_3,10000001,174373809408,3330771,3329225,0,2307,scenario3
S2_reprodscen3_3,10000001,174408278016,3526230,3524560,0,2308,scenario3
S2_reprodscen3_3,10000001,174411868928,3440138,3438839,0,2308,scenario3
S2_reprodscen3_3,10000001,174446914816,3766258,3752881,0,2310,scenario3
S2_reprodscen3_3,10000001,174488945408,3863220,3861201,0,2311,scenario3
S2_reprodscen3_3,10000001,174498075904,3472118,3470543,0,2312,scenario3
S2_reprodscen3_3,10000001,174655050240,3441294,3439732,0,2313,scenario3
S2_reprodscen3_3,10000001,174720277760,4228842,4226764,0,2314,scenario3
S2_reprodscen3_3,10000001,174730191616,4130246,4128838,0,2315,scenario3
S2_reprodscen3_3,10000001,174761986304,3648417,3646769,0,2316,scenario3
S2_reprodscen3_3,10000001,174836108032,3351965,3350485,0,2317,scenario3
S2_reprodscen3_3,10000001,174872387328,3340780,3339367,0,2318,scenario3
S2_reprodscen3_3,10000001,174921750016,3313888,3312477,0,2319,scenario3
S2_reprodscen3_3,10000001,174964189184,3724108,3722115,0,2320,scenario3
S2_reprodscen3_3,10000001,175058366464,3385882,3384304,0,2321,scenario3
S2_reprodscen3_3,10000001,175102695680,3309625,3308193,0,2322,scenario3
S2_reprodscen3_3,10000001,175172478976,3990975,3989096,0,2323,scenario3
S2_reprodscen3_3,10000001,175306807808,3781710,3779966,0,2324,scenario3
S2_reprodscen3_3,10000001,175331798016,3598418,3596818,0,2325,scenario3
S2_reprodscen3_3,10000001,175542892288,3380477,3378929,0,2326,scenario3
S2_reprodscen3_3,10000001,175546812160,3760043,3758689,0,2326,scenario3
S2_reprodscen3_3,10000001,175551632640,3921198,3907646,0,2328,scenario3
S2_reprodscen3_3,10000001,175556732928,3425509,3423886,0,2329,scenario3
S2_reprodscen3_3,10000001,175710079488,3319560,3318120,0,2330,scenario3
S2_reprodscen3_3,10000001,175746484480,3558963,3557062,0,2331,scenario3
S2_reprodscen3_3,10000001,175925140992,3667869,3665596,0,2332,scenario3
S2_reprodscen3_3,10000001,175955046912,3483618,3481958,0,2333,scenario3
S2_reprodscen3_3,10000001,175961378560,3411273,3409496,0,2334,scenario3
S2_reprodscen3_3,10000001,176006965504,3430970,3429296,0,2335,scenario3
S2_reprodscen3_3,10000001,176010427648,3263054,3261754,0,2335,scenario3
S2_reprodscen3_3,10000001,176014071552,3524316,3523213,0,2336,scenario3
S2_reprodscen3_3,10000001,176079192832,3367447,3365761,0,2338,scenario3
S2_reprodscen3_3,10000001,176114708992,3358286,3356631,0,2339,scenario3
S2_reprodscen3_3,10000001,176118319360,3438739,3437360,0,2339,scenario3
S2_reprodscen3_3,10000001,176199970048,3321918,3320260,0,2341,scenario3
S2_reprodscen3_3,10000001,176372255488,3348522,3346680,0,2342,scenario3
S2_reprodscen3_3,10000001,176410977280,3692373,3690395,0,2343,scenario3
S2_reprodscen3_3,10000001,176525378816,3468267,3466329,0,2344,scenario3
S2_reprodscen3_3,10000001,176535785216,3389667,3387795,0,2345,scenario3
S2_reprodscen3_3,10000001,176543742208,3323130,3321351,0,2346,scenario3
S2_reprodscen3_3,10000001,176560332800,3378225,3376498,0,2347,scenario3
S2_reprodscen3_3,10000001,176573668352,3636802,3634840,0,2348,scenario3
S2_reprodscen3_3,10000001,176681906176,3453594,3451853,0,2349,scenario3
S2_reprodscen3_3,10000001,176723849216,3420500,3418732,0,2350,scenario3
S2_reprodscen3_3,10000001,176768320768,3321196,3319365,0,2351,scenario3
S2_reprodscen3_3,10000001,176837809408,3626085,3624188,0,2352,scenario3
S2_reprodscen3_3,10000001,176843666176,3843016,3840998,0,2353,scenario3
S2_reprodscen3_3,10000001,176859365888,3362527,3360690,0,2354,scenario3
S2_reprodscen3_3,10000001,176864658432,3420739,3418919,0,2355,scenario3
S2_reprodscen3_3,10000001,176894488576,3980797,3978656,0,2356,scenario3
S2_reprodscen3_3,10000001,176970506752,3892164,3889492,0,2357,scenario3
S2_reprodscen3_3,10000001,177167723264,3400769,3398901,0,2358,scenario3
S2_reprodscen3_3,10000001,177195645440,3488585,3486776,0,2359,scenario3
S2_reprodscen3_3,10000001,177349900544,3366540,3364727,0,2360,scenario3
S2_reprodscen3_3,10000001,177371360768,3423422,3421704,0,2361,scenario3
S2_reprodscen3_3,10000001,177423852032,3368117,3366361,0,2362,scenario3
S2_reprodscen3_3,10000001,177466858752,3313038,3311282,0,2363,scenario3
S2_reprodscen3_3,10000001,177569161984,3417987,3416122,0,2364,scenario3
S2_reprodscen3_3,10000001,177654531840,3408737,3406940,0,2365,scenario3
S2_reprodscen3_3,10000001,177704285184,3414259,3412344,0,2366,scenario3
S2_reprodscen3_3,10000001,177743714560,3413242,3411409,0,2367,scenario3
S2_reprodscen3_3,10000001,177747503616,3590744,3589088,0,2367,scenario3
S2_reprodscen3_3,10000001,177948947456,3548603,3546716,0,2369,scenario3
S2_reprodscen3_3,10000001,177964047360,3385895,3383886,0,2370,scenario3
S2_reprodscen3_3,10000001,178057515520,3473498,3471682,0,2371,scenario3
S2_reprodscen3_3,10000001,178101883648,3383547,3381662,0,2372,scenario3
S2_reprodscen3_3,10000001,178137186048,3387719,3385850,0,2373,scenario3
S2_reprodscen3_3,10000001,178157895168,3718059,3716104,0,2374,scenario3
S2_reprodscen3_3,10000001,178177146112,3412486,3410205,0,2375,scenario3
S2_reprodscen3_3,10000001,178180856832,3520747,3518580,0,2375,scenario3
S2_reprodscen3_3,10000001,178354362624,3316174,3314477,0,2377,scenario3
S2_reprodscen3_3,10000001,178414797056,3397189,3395389,0,2378,scenario3
S2_reprodscen3_3,10000001,178534933504,3355380,3353544,0,2379,scenario3
S2_reprodscen3_3,10000001,178657113600,4236508,4234035,0,2380,scenario3
S2_reprodscen3_3,10000001,178661186304,3924895,3923009,0,2380,scenario3
S2_reprodscen3_3,10000001,178665225216,3939169,3937443,0,2381,scenario3
S2_reprodscen3_3,10000001,178692204800,4026978,4007007,0,2383,scenario3
S2_reprodscen3_3,10000001,178697359104,4105989,4104434,0,2384,scenario3
S2_reprodscen3_3,10000001,178705533952,4134528,4132896,0,2385,scenario3
S2_reprodscen3_3,10000001,178890088704,3482283,3480831,0,2386,scenario3
S2_reprodscen3_3,10000001,178917922816,4052406,4050529,0,2387,scenario3
S2_reprodscen3_3,10000001,178977491456,3391344,3389812,0,2388,scenario3
S2_reprodscen3_3,10000001,179005773312,3467026,3465559,0,2389,scenario3
S2_reprodscen3_3,10000001,179065148416,3472144,3470671,0,2390,scenario3
S2_reprodscen3_3,10000001,179100800512,3783777,3782018,0,2391,scenario3
S2_reprodscen3_3,10000001,179111187456,3672346,3670723,0,2392,scenario3
S2_reprodscen3_3,10000001,179127210752,3527993,3526409,0,2393,scenario3
S2_reprodscen3_3,10000001,179357659392,3807149,3805633,0,2394,scenario3
S2_reprodscen3_3,10000001,179362807296,3646178,3644576,0,2395,scenario3
S2_reprodscen3_3,10000001,179434039552,3481957,3480433,0,2396,scenario3
S2_reprodscen3_3,10000001,179472683520,3772374,3770768,0,2397,scenario3
S2_reprodscen3_3,10000001,179493943552,3520419,3518875,0,2398,scenario3
S2_reprodscen3_3,10000001,179778308608,3597747,3596177,0,2399,scenario3
S2_reprodscen3_3,10000001,179821520896,3660618,3659010,0,2400,scenario3
S2_reprodscen3_3,10000001,179898771200,3620147,3618592,0,2401,scenario3
S2_reprodscen3_3,10000001,179923435776,3789485,3787654,0,2402,scenario3
S2_reprodscen3_3,10000001,179926898688,3321835,3320667,0,2402,scenario3
S2_reprodscen3_3,10000001,179942668288,3503836,3502266,0,2404,scenario3
S2_reprodscen3_3,10000001,179950198528,3647695,3646104,0,2405,scenario3
S2_reprodscen3_3,10000001,179955533056,3774422,3772802,0,2406,scenario3
S2_reprodscen3_3,10000001,180052368384,3473980,3472344,0,2407,scenario3
S2_reprodscen3_3,10000001,180203851008,3629473,3627912,0,2408,scenario3
S2_reprodscen3_3,10000001,180217286144,3473454,3471833,0,2409,scenario3
S2_reprodscen3_3,10000001,180445362176,3450448,3448962,0,2410,scenario3
S2_reprodscen3_3,10000001,180637933056,3834245,3832647,0,2411,scenario3
S2_reprodscen3_3,10000001,180645782272,3428305,3426819,0,2412,scenario3
S2_reprodscen3_3,10000001,180744312320,3827500,3825862,0,2413,scenario3
S2_reprodscen3_3,10000001,180781534720,3392558,3391077,0,2414,scenario3
S2_reprodscen3_3,10000001,180797381120,4181790,4179708,0,2415,scenario3
S2_reprodscen3_3,10000001,180804110080,3451705,3450280,0,2416,scenario3
S2_reprodscen3_3,10000001,180865225728,3644713,3642990,0,2417,scenario3
S2_reprodscen3_3,10000001,180869769728,3899282,3897396,0,2418,scenario3
S2_reprodscen3_3,10000001,180926286336,3871704,3869868,0,2419,scenario3
S2_reprodscen3_3,10000001,180966269184,3776402,3774651,0,2420,scenario3
S2_reprodscen3_3,10000001,180971465216,3587428,3585818,0,2421,scenario3
S2_reprodscen3_3,10000001,181001695232,3708456,3706849,0,2422,scenario3
S2_reprodscen3_3,10000001,181031935744,3535357,3533757,0,2423,scenario3
S2_reprodscen3_3,10000001,181171433984,3375759,3374257,0,2424,scenario3
S2_reprodscen3_3,10000001,181189182976,3315997,3314626,0,2425,scenario3
S2_reprodscen3_3,10000001,181452469504,3348266,3346772,0,2426,scenario3
S2_reprodscen3_3,10000001,181524888064,3482227,3480563,0,2427,scenario3
S2_reprodscen3_3,10000001,181572308224,3686315,3684630,0,2428,scenario3
S2_reprodscen3_3,10000001,181608527616,3567129,3565606,0,2429,scenario3
S2_reprodscen3_3,10000001,181624059904,3586346,3584704,0,2430,scenario3
S2_reprodscen3_3,10000001,181672858624,3859132,3857248,0,2431,scenario3
S2_reprodscen3_3,10000001,181676324352,3339187,3337775,0,2431,scenario3
S2_reprodscen3_3,10000001,181726495232,3307795,3306372,0,2433,scenario3
S2_reprodscen3_3,10000001,181732091904,3939395,3937518,0,2434,scenario3
S2_reprodscen3_3,10000001,181928126720,3384270,3382777,0,2435,scenario3
S2_reprodscen3_3,10000001,181956675328,3489538,3487923,0,2436,scenario3
S2_reprodscen3_3,10000001,181963834880,3691168,3689541,0,2437,scenario3
S2_reprodscen3_3,10000001,182026150144,3682107,3680439,0,2438,scenario3
S2_reprodscen3_3,10000001,182046522368,3759601,3757888,0,2439,scenario3
S2_reprodscen3_3,10000001,182179410432,3320402,3318883,0,2440,scenario3
S2_reprodscen3_3,10000001,182227789568,3406349,3404789,0,2441,scenario3
S2_reprodscen3_3,10000001,182341227264,3371897,3370279,0,2442,scenario3
S2_reprodscen3_3,10000001,182571956992,3930671,3928476,0,2443,scenario3
S2_reprodscen3_3,10000001,182644758272,3316031,3314568,0,2444,scenario3
S2_reprodscen3_3,10000001,182746034176,3674767,3672489,0,2445,scenario3
S2_reprodscen3_3,10000001,182879182848,3321049,3319524,0,2446,scenario3
S2_reprodscen3_3,10000001,182926612224,3628173,3626616,0,2447,scenario3
S2_reprodscen3_3,10000001,182938222592,3511952,3510112,0,2448,scenario3
S2_reprodscen3_3,10000001,182942225408,3521023,3519701,0,2449,scenario3
S2_reprodscen3_3,10000001,182968571904,3447888,3446288,0,2450,scenario3
S2_reprodscen3_3,10000001,183038754816,3309617,3308009,0,2451,scenario3
S2_reprodscen3_3,10000001,183125180928,3363855,3362193,0,2452,scenario3
S2_reprodscen3_3,10000001,183133470208,3443061,3441387,0,2453,scenario3
S2_reprodscen3_3,10000001,183216538880,4145007,4142689,0,2454,scenario3
S2_reprodscen3_3,10000001,183220324608,3650695,3648906,0,2454,scenario3
S2_reprodscen3_3,10000001,183227466752,3514782,3513257,0,2456,scenario3
S2_reprodscen3_3,10000001,183351454720,3703364,3701473,0,2457,scenario3
S2_reprodscen3_3,10000001,183418613248,3803947,3802103,0,2458,scenario3
S2_reprodscen3_3,10000001,183511453952,3417262,3415445,0,2459,scenario3
S2_reprodscen3_3,10000001,183526788864,3356943,3355214,0,2460,scenario3
S2_reprodscen3_3,10000001,183574017280,3452108,3450168,0,2461,scenario3
S2_reprodscen3_3,10000001,183652583680,3475008,3473119,0,2462,scenario3
S2_reprodscen3_3,10000001,183849974528,3689486,3687038,0,2463,scenario3
S2_reprodscen3_3,10000001,183960381440,3446619,3444709,0,2464,scenario3
S2_reprodscen3_3,10000001,183982403584,3405243,3403528,0,2465,scenario3
S2_reprodscen3_3,10000001,184016750080,3452462,3450519,0,2466,scenario3
S2_reprodscen3_3,10000001,184044027648,3482440,3480670,0,2467,scenario3
S2_reprodscen3_3,10000001,184134263552,3397101,3395314,0,2468,scenario3
S2_reprodscen3_3,10000001,184165790208,3438958,3437226,0,2469,scenario3
S2_reprodscen3_3,10000001,184174800384,3369879,3368141,0,2470,scenario3
S2_reprodscen3_3,10000001,184241406976,3731168,3729124,0,2471,scenario3
S2_reprodscen3_3,10000001,184375958528,3987763,3985642,0,2472,scenario3
S2_reprodscen3_3,10000001,184381636352,3606091,3604284,0,2473,scenario3
S2_reprodscen3_3,10000001,184432586752,3344896,3342965,0,2474,scenario3
S2_reprodscen3_3,10000001,184529339136,3736002,3733997,0,2475,scenario3
S2_reprodscen3_3,10000001,184533030400,3498998,3496547,0,2475,scenario3
S2_reprodscen3_3,10000001,184559794944,3514860,3513026,0,2477,scenario3
S2_reprodscen3_3,10000001,184570740224,3324732,3322907,0,2478,scenario3
S2_reprodscen3_3,10000001,184641424640,3924357,3922480,0,2479,scenario3
S2_reprodscen3_3,10000001,184678409216,3510682,3508489,0,2480,scenario3
S2_reprodscen3_3,10000001,184737195520,3693979,3692043,0,2481,scenario3
S2_reprodscen3_3,10000001,184775122944,3702248,3700046,0,2482,scenario3
S2_reprodscen3_3,10000001,184848124416,3393241,3391335,0,2483,scenario3
S2_reprodscen3_3,10000001,184950630144,3502612,3500613,0,2484,scenario3
S2_reprodscen3_3,10000001,185130014208,3387231,3385384,0,2485,scenario3
S2_reprodscen3_3,10000001,185446323712,3351180,3349395,0,2486,scenario3
S2_reprodscen3_3,10000001,185486670592,3443008,3440769,0,2487,scenario3
S2_reprodscen3_3,10000001,185530757632,3312760,3310984,0,2488,scenario3
S2_reprodscen3_3,10000001,185544158464,3458259,3456387,0,2489,scenario3
S2_reprodscen3_3,10000001,185661863168,3543703,3541823,0,2490,scenario3
S2_reprodscen3_3,10000001,185681078016,3430683,3428815,0,2491,scenario3
S2_reprodscen3_3,10000001,185770190080,3609975,3608031,0,2492,scenario3
S2_reprodscen3_3,10000001,185964658176,3555342,3553579,0,2493,scenario3
S2_reprodscen3_3,10000001,186039085056,3441780,3439805,0,2494,scenario3
S2_reprodscen3_3,10000001,186068556288,3563402,3561544,0,2495,scenario3
S2_reprodscen3_3,10000001,186072226560,3470245,3468536,0,2495,scenario3
S2_reprodscen3_3,10000001,186123017728,3418853,3417013,0,2497,scenario3
S2_reprodscen3_3,10000001,186176649728,3394921,3392920,0,2498,scenario3
S2_reprodscen3_3,10000001,186198753536,3372404,3370671,0,2499,scenario3
S2_reprodscen3_3,10000001,186384176384,3348487,3346671,0,2500,scenario3
S2_reprodscen3_3,10000001,186412723200,3908474,3905950,0,2501,scenario3
S2_reprodscen3_3,10000001,186472207360,4166314,4164227,0,2502,scenario3
S2_reprodscen3_3,10000001,186494754816,3312803,3311019,0,2503,scenario3
S2_reprodscen3_3,10000001,186556211456,3435223,3433349,0,2504,scenario3
S2_reprodscen3_3,10000001,186637805568,3701823,3699932,0,2505,scenario3
S2_reprodscen3_3,10000001,186710790656,3312425,3310645,0,2506,scenario3
S2_reprodscen3_3,10000001,186788160256,3369758,3367823,0,2507,scenario3
S2_reprodscen3_3,10000001,186845015296,3662683,3660559,0,2508,scenario3
S2_reprodscen3_3,10000001,186876723200,3963173,3961142,0,2509,scenario3
S2_reprodscen3_3,10000001,187034395648,3713287,3710960,0,2510,scenario3
S2_reprodscen3_3,10000001,187103556096,3357905,3355968,0,2511,scenario3
S2_reprodscen3_3,10000001,187238761984,3311096,3309424,0,2512,scenario3
S2_reprodscen3_3,10000001,187379384576,3724824,3722552,0,2513,scenario3
S2_reprodscen3_3,10000001,187395574784,3502211,3500091,0,2514,scenario3
S2_reprodscen3_3,10000001,187458667520,3824480,3822567,0,2515,scenario3
S2_reprodscen3_3,10000001,187518038528,3436631,3434263,0,2516,scenario3
S2_reprodscen3_3,10000001,187640480512,3492751,3490840,0,2517,scenario3
S2_reprodscen3_3,10000001,187676939264,3390842,3389210,0,2518,scenario3
S2_reprodscen3_3,10000001,187758474752,3865394,3863296,0,2519,scenario3
S2_reprodscen3_3,10000001,187773500160,3727235,3725478,0,2520,scenario3
S2_reprodscen3_3,10000001,187871528960,3441577,3440005,0,2521,scenario3
S2_reprodscen3_3,10000001,187889071616,3412316,3410781,0,2522,scenario3
S2_reprodscen3_3,10000001,187946276352,3340803,3339378,0,2523,scenario3
S2_reprodscen3_3,10000001,188196462080,3383357,3381534,0,2524,scenario3
S2_reprodscen3_3,10000001,188243202816,3506478,3504865,0,2525,scenario3
S2_reprodscen3_3,10000001,188399414272,3590601,3589042,0,2526,scenario3
S2_reprodscen3_3,10000001,188413588480,3588888,3587066,0,2527,scenario3
S2_reprodscen3_3,10000001,188636818944,3354759,3353052,0,2528,scenario3
S2_reprodscen3_3,10000001,188658246144,3524108,3522302,0,2529,scenario3
S2_reprodscen3_3,10000001,188864698112,3730311,3728194,0,2530,scenario3
S2_reprodscen3_3,10000001,188927629312,3586693,3584683,0,2531,scenario3
S2_reprodscen3_3,10000001,189036466688,3449518,3447524,0,2532,scenario3
S2_reprodscen3_3,10000001,189079431680,4056989,4054861,0,2533,scenario3
S2_reprodscen3_3,10000001,189133453568,3727107,3724564,0,2534,scenario3
S2_reprodscen3_3,10000001,189137133312,3506307,3504601,0,2534,scenario3
S2_reprodscen3_3,10000001,189185662464,3391289,3389429,0,2536,scenario3
S2_reprodscen3_3,10000001,189209849088,3357138,3355237,0,2537,scenario3
S2_reprodscen3_3,10000001,189384687360,3519650,3517148,0,2538,scenario3
S2_reprodscen3_3,10000001,189517634048,3380510,3378700,0,2539,scenario3
S2_reprodscen3_3,10000001,189636205312,3563641,3561416,0,2540,scenario3
S2_reprodscen3_3,10000001,189664374272,3426468,3424587,0,2541,scenario3
S2_reprodscen3_3,10000001,189689057536,3840000,3837624,0,2542,scenario3
S2_reprodscen3_3,10000001,189723897856,3325997,3324201,0,2543,scenario3
S2_reprodscen3_3,10000001,189789581824,3356438,3354650,0,2544,scenario3
S2_reprodscen3_3,10000001,189895616256,3356397,3354584,0,2545,scenario3
S2_reprodscen3_3,10000001,189905398784,3807360,3805242,0,2546,scenario3
S2_reprodscen3_3,10000001,189938167808,3374440,3372555,0,2547,scenario3
S2_reprodscen3_3,10000001,189969744640,3556538,3554752,0,2548,scenario3
S2_reprodscen3_3,10000001,190193739008,3325428,3323617,0,2549,scenario3
S2_reprodscen3_3,10000001,190452327680,3478463,3476713,0,2550,scenario3
S2_reprodscen3_3,10000001,190462109440,3612510,3610347,0,2551,scenario3
S2_reprodscen3_3,10000001,190465666048,3376709,3374780,0,2551,scenario3
S2_reprodscen3_3,10000001,190529208576,3424055,3422036,0,2553,scenario3
S2_reprodscen3_3,10000001,190593722624,3384605,3382724,0,2554,scenario3
S2_reprodscen3_3,10000001,190793821696,4180445,4178157,0,2555,scenario3
S2_reprodscen3_3,10000001,190797882368,3887976,3885891,0,2555,scenario3
S2_reprodscen3_3,10000001,190873416704,4140156,4137837,0,2557,scenario3
S2_reprodscen3_3,10000001,190897037056,3457293,3455438,0,2558,scenario3
S2_reprodscen3_3,10000001,191088471552,3557783,3555843,0,2559,scenario3
S2_reprodscen3_3,10000001,191154872576,3505571,3503796,0,2560,scenario3
S2_reprodscen3_3,10000001,191600062976,3454532,3452645,0,2561,scenario3
S2_reprodscen3_3,10000001,191742277120,3382271,3380455,0,2562,scenario3
S2_reprodscen3_3,10000001,191818804224,3407018,3405184,0,2563,scenario3
S2_reprodscen3_3,10000001,191856077312,3610047,3607862,0,2564,scenario3
S2_reprodscen3_3,10000001,191942504192,3356044,3354304,0,2565,scenario3
S2_reprodscen3_3,10000001,191976750080,3378887,3377133,0,2566,scenario3
S2_reprodscen3_3,10000001,192013151488,3386827,3385020,0,2567,scenario3
S2_reprodscen3_3,10000001,192048624128,3415256,3413434,0,2568,scenario3
S2_reprodscen3_3,10000001,192140917248,3367138,3365349,0,2569,scenario3
S2_reprodscen3_3,10000001,192152330240,3408065,3406240,0,2570,scenario3
S2_reprodscen3_3,10000001,192180762880,3486500,3484701,0,2571,scenario3
S2_reprodscen3_3,10000001,192389094912,3431262,3429373,0,2572,scenario3
S2_reprodscen3_3,10000001,192545565696,3897147,3895066,0,2573,scenario3
S2_reprodscen3_3,10000001,192623662592,3322976,3321199,0,2574,scenario3
S2_reprodscen3_3,10000001,192649551104,3730985,3728662,0,2575,scenario3
S2_reprodscen3_3,10000001,192793187328,3354809,3352961,0,2576,scenario3
S2_reprodscen3_3,10000001,192872492032,3356954,3355064,0,2577,scenario3
S2_reprodscen3_3,10000001,192902819328,3312937,3311287,0,2578,scenario3
S2_reprodscen3_3,10000001,193099432192,3611528,3609178,0,2579,scenario3
S2_reprodscen3_3,10000001,193128741888,3423337,3421426,0,2580,scenario3
S2_reprodscen3_3,10000001,193206408960,3686934,3684852,0,2581,scenario3
S2_reprodscen3_3,10000001,193280330496,3387140,3385261,0,2582,scenario3
S2_reprodscen3_3,10000001,193383970304,3324234,3322386,0,2583,scenario3
S2_reprodscen3_3,10000001,193572966144,5108345,5104535,0,2584,scenario3
S2_reprodscen3_3,10000001,193633438208,3902144,3900395,0,2585,scenario3
S2_reprodscen3_3,10000001,193802871296,4253724,4252012,0,2586,scenario3
S2_reprodscen3_3,10000001,193806634496,3629774,3628625,0,2586,scenario3
S2_reprodscen3_3,10000001,193864146688,4103889,4102223,0,2588,scenario3
S2_reprodscen3_3,10000001,193923719936,3493342,3491805,0,2589,scenario3
S2_reprodscen3_3,10000001,193974223616,3436296,3434879,0,2590,scenario3
S2_reprodscen3_3,10000001,194105813504,3921679,3920064,0,2591,scenario3
S2_reprodscen3_3,10000001,194204605952,3316262,3314907,0,2592,scenario3
S2_reprodscen3_3,10000001,194418235648,3807434,3805840,0,2593,scenario3
S2_reprodscen3_3,10000001,194591377152,3399715,3398330,0,2594,scenario3
S2_reprodscen3_3,10000001,194777613824,3377153,3375624,0,2595,scenario3
S2_reprodscen3_3,10000001,194843751680,3679194,3677725,0,2596,scenario3
S2_reprodscen3_3,10000001,194908790784,4090937,4088874,0,2597,scenario3
S2_reprodscen3_3,10000001,194938437120,3434093,3432440,0,2598,scenario3
S2_reprodscen3_3,10000001,194944410368,3380096,3378663,0,2599,scenario3
S2_reprodscen3_3,10000001,195120021760,3315844,3314423,0,2600,scenario3
S2_reprodscen3_3,10000001,195178161664,3345692,3344210,0,2601,scenario3
S2_reprodscen3_3,10000001,195198739200,3434232,3432758,0,2602,scenario3
S2_reprodscen3_3,10000001,195388044032,3466899,3465348,0,2603,scenario3
S2_reprodscen3_3,10000001,195391648256,3452195,3450790,0,2603,scenario3
S2_reprodscen3_3,10000001,195653389824,3364465,3362799,0,2605,scenario3
S2_reprodscen3_3,10000001,195705778944,3401321,3399677,0,2606,scenario3
S2_reprodscen3_3,10000001,195848944128,3320589,3318908,0,2607,scenario3
S2_reprodscen3_3,10000001,195866535680,3309718,3308127,0,2608,scenario3
S2_reprodscen3_3,10000001,195949917696,3344983,3343271,0,2609,scenario3
S2_reprodscen3_3,10000001,196222389248,3313801,3312096,0,2610,scenario3
S2_reprodscen3_3,10000001,196281161728,3365511,3363684,0,2611,scenario3
S2_reprodscen3_3,10000001,196393512448,3807838,3805653,0,2612,scenario3
S2_reprodscen3_3,10000001,196489645056,3413679,3411850,0,2613,scenario3
S2_reprodscen3_3,10000001,196567868672,3394585,3392771,0,2614,scenario3
S2_reprodscen3_3,10000001,196602513920,3656405,3653878,0,2615,scenario3
S2_reprodscen3_3,10000001,196726689792,3673158,3671264,0,2616,scenario3
S2_reprodscen3_3,10000001,196761757952,3345771,3343856,0,2617,scenario3
S2_reprodscen3_3,10000001,196863230976,3381691,3379861,0,2618,scenario3
S2_reprodscen3_3,10000001,197106494464,3458415,3456617,0,2619,scenario3
S2_reprodscen3_3,10000001,197200995584,3755160,3752755,0,2620,scenario3
S2_reprodscen3_3,10000001,197458830080,4205524,4203222,0,2621,scenario3
S2_reprodscen3_3,10000001,197469761024,3682870,3680941,0,2622,scenario3
S2_reprodscen3_3,10000001,197511298304,3527698,3525878,0,2623,scenario3
S2_reprodscen3_3,10000001,197754260480,3361411,3359676,0,2624,scenario3
S2_reprodscen3_3,10000001,197895676928,3365959,3364075,0,2625,scenario3
S2_reprodscen3_3,10000001,197939867136,3368927,3367216,0,2626,scenario3
S2_reprodscen3_3,10000001,198096460800,3365105,3363287,0,2627,scenario3
S2_reprodscen3_3,10000001,198261758720,3406875,3405059,0,2628,scenario3
S2_reprodscen3_3,10000001,198283381760,3447047,3445216,0,2629,scenario3
S2_reprodscen3_3,10000001,198403258880,3937652,3935428,0,2630,scenario3
S2_reprodscen3_3,10000001,198562066432,3490648,3488628,0,2631,scenario3
S2_reprodscen3_3,10000001,198622185728,3351745,3349920,0,2632,scenario3
S2_reprodscen3_3,10000001,198749503232,3414872,3413142,0,2633,scenario3
S2_reprodscen3_3,10000001,198816690176,4093973,4091710,0,2634,scenario3
S2_reprodscen3_3,10000001,198847617536,3562028,3560201,0,2635,scenario3
S2_reprodscen3_3,10000001,199020887808,3419817,3417918,0,2636,scenario3
S2_reprodscen3_3,10000001,199285831424,4535045,4529367,0,2637,scenario3
S2_reprodscen3_3,10000001,199490750464,3318695,3317193,0,2638,scenario3
S2_reprodscen3_3,10000001,199506282240,3306926,3305603,0,2639,scenario3
S2_reprodscen3_3,10000001,199609474048,3384223,3382709,0,2640,scenario3
S2_reprodscen3_3,10000001,199709730816,3336515,3335009,0,2641,scenario3
S2_reprodscen3_3,10000001,199865097472,3380131,3378663,0,2642,scenario3
S2_reprodscen3_3,10000001,199877431040,3317927,3316539,0,2643,scenario3
S2_reprodscen3_3,10000001,200013816320,3337052,3335499,0,2644,scenario3
S2_reprodscen3_3,10000001,200037286400,3395930,3394476,0,2645,scenario3
S2_reprodscen3_3,10000001,200552030208,3983027,3980473,0,2646,scenario3
S2_reprodscen3_3,10000001,200602614016,3311143,3309626,0,2647,scenario3
S2_reprodscen3_3,10000001,200748026624,3365998,3364299,0,2648,scenario3
S2_reprodscen3_3,10000001,200853763840,3624675,3622148,0,2649,scenario3
S2_reprodscen3_3,10000001,200898734592,3376948,3375093,0,2650,scenario3
S2_reprodscen3_3,10000001,201017139968,3326755,3324959,0,2651,scenario3
S2_reprodscen3_3,10000001,201295320832,3325722,3323922,0,2652,scenario3
S2_reprodscen3_3,10000001,201430188032,3520907,3519044,0,2653,scenario3
S2_reprodscen3_3,10000001,201796414208,3557490,3555129,0,2654,scenario3
S2_reprodscen3_3,10000001,201841853952,3412935,3411186,0,2655,scenario3
S2_reprodscen3_3,10000001,201913406720,3433263,3431474,0,2656,scenario3
S2_reprodscen3_3,10000001,201917294592,3361740,3360320,0,2657,scenario3
S2_reprodscen3_3,10000001,202030579456,3340015,3338149,0,2658,scenario3
S2_reprodscen3_3,10000001,202264145920,3375088,3373229,0,2659,scenario3
S2_reprodscen3_3,10000001,202732465152,3321976,3320251,0,2660,scenario3
S2_reprodscen3_3,10000001,202740224512,3709484,3707450,0,2661,scenario3
S2_reprodscen3_3,10000001,202761966592,3321978,3320214,0,2662,scenario3
S2_reprodscen3_3,10000001,202899819776,3704983,3703061,0,2663,scenario3
S2_reprodscen3_3,10000001,202930207232,3950092,3947866,0,2664,scenario3
S2_reprodscen3_3,10000001,203017960448,3327924,3326163,0,2665,scenario3
S2_reprodscen3_3,10000001,203288363776,3448735,3447135,0,2666,scenario3
S2_reprodscen3_3,10000001,203420175104,3673775,3671940,0,2667,scenario3
S2_reprodscen3_3,10000001,203526511616,3353749,3351978,0,2668,scenario3
S2_reprodscen3_3,10000001,203625168128,3622494,3619304,0,2669,scenario3
S2_reprodscen3_3,10000001,204021057280,3614108,3612295,0,2670,scenario3
S2_reprodscen3_3,10000001,204036142336,3328234,3326430,0,2671,scenario3
S2_reprodscen3_3,10000001,204096685568,3406307,3404398,0,2672,scenario3
S2_reprodscen3_3,10000001,204266210048,3649066,3647002,0,2673,scenario3
S2_reprodscen3_3,10000001,204519424256,3392341,3390651,0,2674,scenario3
S2_reprodscen3_3,10000001,204588718848,3348285,3346378,0,2675,scenario3
S2_reprodscen3_3,10000001,204783346944,3956161,3954141,0,2676,scenario3
S2_reprodscen3_3,10000001,204858218496,3395513,3393600,0,2677,scenario3
S2_reprodscen3_3,10000001,204919305984,3327305,3325379,0,2678,scenario3
S2_reprodscen3_3,10000001,205119265280,3839727,3837004,0,2679,scenario3
S2_reprodscen3_3,10000001,205564161024,3395881,3394066,0,2680,scenario3
S2_reprodscen3_3,10000001,205610444544,3374743,3373051,0,2681,scenario3
S2_reprodscen3_3,10000001,205669822208,3348516,3346711,0,2682,scenario3
S2_reprodscen3_3,10000001,205732982784,3349662,3347868,0,2683,scenario3
S2_reprodscen3_3,10000001,205789853696,3666457,3663807,0,2684,scenario3
S2_reprodscen3_3,10000001,205968805888,3367650,3365736,0,2685,scenario3
S2_reprodscen3_3,10000001,206592304128,3425679,3423542,0,2686,scenario3
S2_reprodscen3_3,10000001,206617027840,3840853,3837650,0,2687,scenario3
S2_reprodscen3_3,10000001,206624061184,4004650,4002754,0,2688,scenario3
S2_reprodscen3_3,10000001,206723147264,3758378,3756384,0,2689,scenario3
S2_reprodscen3_3,10000001,207121499136,3753753,3751605,0,2690,scenario3
S2_reprodscen3_3,10000001,207166435584,3405206,3403404,0,2691,scenario3
S2_reprodscen3_3,10000001,207687051264,3833572,3831369,0,2692,scenario3
S2_reprodscen3_3,10000001,207765321216,3412128,3410179,0,2693,scenario3
S2_reprodscen3_3,10000001,207951447552,3364650,3362685,0,2694,scenario3
S2_reprodscen3_3,10000001,208087850752,3325099,3323289,0,2695,scenario3
S2_reprodscen3_3,10000001,208105252864,3351748,3349935,0,2696,scenario3
S2_reprodscen3_3,10000001,208263547904,3475857,3473712,0,2697,scenario3
S2_reprodscen3_3,10000001,208516011520,3708295,3706230,0,2698,scenario3
S2_reprodscen3_3,10000001,208850026496,3319414,3317673,0,2699,scenario3
S2_reprodscen3_3,10000001,208916162304,3357061,3355583,0,2700,scenario3
S2_reprodscen3_3,10000001,209221007104,3809183,3807350,0,2701,scenario3
S2_reprodscen3_3,10000001,209266429952,3307872,3306533,0,2702,scenario3
S2_reprodscen3_3,10000001,209499887872,3345861,3344488,0,2703,scenario3
S2_reprodscen3_3,10000001,209724466688,3315732,3314253,0,2704,scenario3
S2_reprodscen3_3,10000001,210147588608,3325148,3323479,0,2705,scenario3
S2_reprodscen3_3,10000001,210175094272,3671768,3670067,0,2706,scenario3
S2_reprodscen3_3,10000001,210281391616,3359335,3357718,0,2707,scenario3
S2_reprodscen3_3,10000001,210556104960,3502474,3500797,0,2708,scenario3
S2_reprodscen3_3,10000001,210570853376,3308629,3307220,0,2709,scenario3
S2_reprodscen3_3,10000001,210858163968,3350685,3349197,0,2710,scenario3
S2_reprodscen3_3,10000001,210992637952,3741823,3740280,0,2711,scenario3
S2_reprodscen3_3,10000001,211195923456,3380395,3378941,0,2712,scenario3
S2_reprodscen3_3,10000001,211466514688,3682804,3681345,0,2713,scenario3
S2_reprodscen3_3,10000001,211608365056,3371208,3369756,0,2714,scenario3
S2_reprodscen3_3,10000001,211684482560,3317994,3316504,0,2715,scenario3
S2_reprodscen3_3,10000001,212178926592,3366721,3365091,0,2716,scenario3
S2_reprodscen3_3,10000001,212305605376,3396436,3394749,0,2717,scenario3
S2_reprodscen3_3,10000001,212470928896,3695372,3693384,0,2718,scenario3
S2_reprodscen3_3,10000001,212599175168,3324098,3322249,0,2719,scenario3
S2_reprodscen3_3,10000001,213143608064,3369809,3367949,0,2720,scenario3
S2_reprodscen3_3,10000001,213182585856,3941056,3938886,0,2721,scenario3
S2_reprodscen3_3,10000001,213223335680,3430226,3428280,0,2722,scenario3
S2_reprodscen3_3,10000001,213518734592,3596151,3594345,0,2723,scenario3
S2_reprodscen3_3,10000001,213522920192,3418783,3416789,0,2724,scenario3
S2_reprodscen3_3,10000001,213633164032,3440529,3438769,0,2725,scenario3
S2_reprodscen3_3,10000001,213850751744,3641614,3639886,0,2726,scenario3
S2_reprodscen3_3,10000001,213930070016,3490639,3488795,0,2727,scenario3
S2_reprodscen3_3,10000001,214545775360,3925903,3924094,0,2728,scenario3
S2_reprodscen3_3,10000001,214549559808,3613503,3611984,0,2728,scenario3
S2_reprodscen3_3,10000001,214703232768,3349890,3348011,0,2730,scenario3
S2_reprodscen3_3,10000001,214817370368,3385241,3383377,0,2731,scenario3
S2_reprodscen3_3,10000001,215319671808,3363231,3361330,0,2732,scenario3
S2_reprodscen3_3,10000001,215498041856,3329380,3327591,0,2733,scenario3
S2_reprodscen3_3,10000001,215513457408,3344133,3342201,0,2734,scenario3
S2_reprodscen3_3,10000001,216093704192,3400171,3398419,0,2735,scenario3
S2_reprodscen3_3,10000001,216193337856,3441821,3440058,0,2736,scenario3
S2_reprodscen3_3,10000001,216220268288,3327864,3326049,0,2737,scenario3
S2_reprodscen3_3,10000001,216767759104,3356133,3354346,0,2738,scenario3
S2_reprodscen3_3,10000001,216852309504,3366984,3365132,0,2739,scenario3
S2_reprodscen3_3,10000001,216863932928,3820415,3818240,0,2740,scenario3
S2_reprodscen3_3,10000001,217165096192,3568508,3566586,0,2741,scenario3
S2_reprodscen3_3,10000001,217194371328,3408014,3406204,0,2742,scenario3
S2_reprodscen3_3,10000001,217664651264,3348279,3346366,0,2743,scenario3
S2_reprodscen3_3,10000001,217873663232,3360898,3359071,0,2744,scenario3
S2_reprodscen3_3,10000001,218011575808,3583367,3581231,0,2745,scenario3
S2_reprodscen3_3,10000001,218075706368,3448196,3446214,0,2746,scenario3
S2_reprodscen3_3,10000001,218086264576,3742240,3740102,0,2747,scenario3
S2_reprodscen3_3,10000001,218488407040,3383098,3381369,0,2748,scenario3
S2_reprodscen3_3,10000001,218732900096,3364925,3363060,0,2749,scenario3
S2_reprodscen3_3,10000001,218742230784,3359449,3357619,0,2750,scenario3
S2_reprodscen3_3,10000001,218785447424,3345376,3343468,0,2751,scenario3
S2_reprodscen3_3,10000001,219288907776,3322681,3320785,0,2752,scenario3
S2_reprodscen3_3,10000001,219670144256,3330167,3328315,0,2753,scenario3
S2_reprodscen3_3,10000001,219810589952,3311848,3310121,0,2754,scenario3
S2_reprodscen3_3,10000001,219927782144,3353355,3351481,0,2755,scenario3
S2_reprodscen3_3,10000001,219999282176,3497910,3495925,0,2756,scenario3
S2_reprodscen3_3,10000001,220079932928,3324545,3322800,0,2757,scenario3
S2_reprodscen3_3,10000001,221020257024,3327611,3325818,0,2758,scenario3
S2_reprodscen3_3,10000001,221031610368,3352035,3350370,0,2759,scenario3
S2_reprodscen3_3,10000001,221040990208,3409910,3408113,0,2760,scenario3
S2_reprodscen3_3,10000001,221163182848,3324109,3322263,0,2761,scenario3
S2_reprodscen3_3,10000001,221213723136,3376076,3374284,0,2762,scenario3
S2_reprodscen3_3,10000001,221568090368,3365096,3363216,0,2763,scenario3
S2_reprodscen3_3,10000001,221720503296,3482672,3480256,0,2764,scenario3
S2_reprodscen3_3,10000001,221942673408,3350170,3348439,0,2765,scenario3
S2_reprodscen3_3,10000001,222242791168,3321427,3319982,0,2766,scenario3
S2_reprodscen3_3,10000001,222246216704,3251432,3250038,0,2766,scenario3
S2_reprodscen3_3,10000001,222505347840,3366567,3364900,0,2768,scenario3
S2_reprodscen3_3,10000001,222788864768,3438942,3435879,0,2769,scenario3
S2_reprodscen3_3,10000001,222818064640,3351906,3350130,0,2770,scenario3
S2_reprodscen3_3,10000001,222942678272,3408508,3406811,0,2771,scenario3
S2_reprodscen3_3,10000001,223262838016,3313987,3312147,0,2772,scenario3
S2_reprodscen3_3,10000001,223734520832,3880400,3878432,0,2773,scenario3
S2_reprodscen3_3,10000001,224051216128,3392400,3390861,0,2774,scenario3
S2_reprodscen3_3,10000001,224122405632,4333470,4331402,0,2775,scenario3
S2_reprodscen3_3,10000001,224162682112,3353199,3351719,0,2776,scenario3
S2_reprodscen3_3,10000001,224186250496,3599890,3597009,0,2777,scenario3
S2_reprodscen3_3,10000001,224546798848,3759070,3756215,0,2778,scenario3
S2_reprodscen3_3,10000001,224573645056,3373408,3371956,0,2779,scenario3
S2_reprodscen3_3,10000001,224635277824,3474769,3471871,0,2780,scenario3
S2_reprodscen3_3,10000001,224830235648,3319144,3317670,0,2781,scenario3
S2_reprodscen3_3,10000001,225183740416,3436702,3435024,0,2782,scenario3
S2_reprodscen3_3,10000001,225451038208,3343898,3342226,0,2783,scenario3
S2_reprodscen3_3,10000001,225589678848,3749892,3747386,0,2784,scenario3
S2_reprodscen3_3,10000001,225770665472,3312586,3310812,0,2785,scenario3
S2_reprodscen3_3,10000001,225997288192,3518507,3515298,0,2786,scenario3
S2_reprodscen3_3,10000001,226234708992,3619389,3617366,0,2787,scenario3
S2_reprodscen3_3,10000001,226313817344,3477443,3474241,0,2788,scenario3
S2_reprodscen3_3,10000001,226954897408,3400523,3398618,0,2789,scenario3
S2_reprodscen3_3,10000001,227040061952,3402940,3400942,0,2790,scenario3
S2_reprodscen3_3,10000001,227126596608,3372422,3370581,0,2791,scenario3
S2_reprodscen3_3,10000001,227130098176,3297026,3295342,0,2791,scenario3
S2_reprodscen3_3,10000001,227145805056,3327060,3325423,0,2793,scenario3
S2_reprodscen3_3,10000001,227300123136,3459508,3457882,0,2794,scenario3
S2_reprodscen3_3,10000001,227472626176,3628176,3625070,0,2795,scenario3
S2_reprodscen3_3,10000001,227486610944,3309981,3308417,0,2796,scenario3
S2_reprodscen3_3,10000001,227564325888,3599401,3596210,0,2797,scenario3
S2_reprodscen3_3,10000001,227792911872,3779197,3776156,0,2798,scenario3
S2_reprodscen3_3,10000001,227921059584,3715746,3713695,0,2799,scenario3
S2_reprodscen3_3,10000001,228033336576,3476976,3473740,0,2800,scenario3
S2_reprodscen3_3,10000001,228467979008,3865840,3863758,0,2801,scenario3
S2_reprodscen3_3,10000001,228564061440,3614502,3612662,0,2802,scenario3
S2_reprodscen3_3,10000001,228613220096,3417223,3414000,0,2803,scenario3
S2_reprodscen3_3,10000001,228851469568,3369955,3368085,0,2804,scenario3
S2_reprodscen3_3,10000001,229054830592,3402213,3400484,0,2805,scenario3
S2_reprodscen3_3,10000001,229071163136,3347711,3346058,0,2806,scenario3
S2_reprodscen3_3,10000001,229467643904,3608457,3606469,0,2807,scenario3
S2_reprodscen3_3,10000001,229595907840,3604149,3602002,0,2808,scenario3
S2_reprodscen3_3,10000001,229751025664,3497706,3495903,0,2809,scenario3
S2_reprodscen3_3,10000001,229974555904,3897987,3895976,0,2810,scenario3
S2_reprodscen3_3,10000001,230135598336,3393034,3391175,0,2811,scenario3
S2_reprodscen3_3,10000001,230156194816,3619832,3616639,0,2812,scenario3
S2_reprodscen3_3,10000001,230220393216,3767364,3765351,0,2813,scenario3
S2_reprodscen3_3,10000001,230643642368,3615048,3612012,0,2814,scenario3
S2_reprodscen3_3,10000001,230708118272,3895776,3893747,0,2815,scenario3
S2_reprodscen3_3,10000001,230715168000,3566270,3564286,0,2816,scenario3
S2_reprodscen3_3,10000001,230864050432,3899243,3897046,0,2817,scenario3
S2_reprodscen3_3,10000001,231162747136,3385299,3383436,0,2818,scenario3
S2_reprodscen3_3,10000001,231166251264,3277825,3276157,0,2818,scenario3
S2_reprodscen3_3,10000001,231173004544,3374744,3372823,0,2820,scenario3
S2_reprodscen3_3,10000001,231549914368,3840808,3837289,0,2821,scenario3
S2_reprodscen3_3,10000001,231893853440,3428285,3425143,0,2822,scenario3
S2_reprodscen3_3,10000001,231950594816,3922972,3919550,0,2823,scenario3
S2_reprodscen3_3,10000001,231977359872,3401788,3399878,0,2824,scenario3
S2_reprodscen3_3,10000001,231984789504,3421415,3419624,0,2825,scenario3
S2_reprodscen3_3,10000001,232159407104,3639527,3636472,0,2826,scenario3
S2_reprodscen3_3,10000001,232169511936,3466521,3464704,0,2827,scenario3
S2_reprodscen3_3,10000001,232294668800,3355629,3353979,0,2828,scenario3
S2_reprodscen3_3,10000001,232524007936,3469198,3466082,0,2829,scenario3
S2_reprodscen3_3,10000001,232588354816,3437011,3435221,0,2830,scenario3
S2_reprodscen3_3,10000001,232699844608,3548309,3545061,0,2831,scenario3
S2_reprodscen3_3,10000001,232853352704,3891192,3886073,0,2832,scenario3
S2_reprodscen3_3,10000001,233105220864,3556095,3531746,0,2833,scenario3
S2_reprodscen3_3,10000001,233223298048,3390176,3388748,0,2834,scenario3
S2_reprodscen3_3,10000001,233334179072,3778875,3776045,0,2835,scenario3
S2_reprodscen3_3,10000001,233337596160,3260394,3259032,0,2835,scenario3
S2_reprodscen3_3,10000001,233584228096,3409284,3407820,0,2837,scenario3
S2_reprodscen3_3,10000001,233608950272,3690727,3687802,0,2838,scenario3
S2_reprodscen3_3,10000001,233642854912,3308203,3306829,0,2839,scenario3
S2_reprodscen3_3,10000001,233725138944,3317291,3315856,0,2840,scenario3
S2_reprodscen3_3,10000001,233912692992,3682143,3680577,0,2841,scenario3
S2_reprodscen3_3,10000001,234076786944,3462021,3460513,0,2842,scenario3
S2_reprodscen3_3,10000001,234101006080,3360088,3358613,0,2843,scenario3
S2_reprodscen3_3,10000001,234236988672,3938956,3935936,0,2844,scenario3
S2_reprodscen3_3,10000001,234550628352,3400301,3398806,0,2845,scenario3
S2_reprodscen3_3,10000001,234555177216,3392896,3391403,0,2846,scenario3
S2_reprodscen3_3,10000001,234598200832,3349309,3347710,0,2847,scenario3
S2_reprodscen3_3,10000001,234816626176,3381426,3379898,0,2848,scenario3
S2_reprodscen3_3,10000001,234829428736,3341902,3340371,0,2849,scenario3
S2_reprodscen3_3,10000001,234833174016,3612681,3611514,0,2849,scenario3
S2_reprodscen3_3,10000001,234836667904,3382755,3381810,0,2850,scenario3
S2_reprodscen3_3,10000001,234891572224,3571050,3568833,0,2852,scenario3
S2_reprodscen3_3,10000001,235086593024,3310137,3308700,0,2853,scenario3
S2_reprodscen3_3,10000001,235699059968,3353087,3351460,0,2854,scenario3
S2_reprodscen3_3,10000001,235763561472,3524211,3521151,0,2855,scenario3
S2_reprodscen3_3,10000001,235820111360,3720913,3719137,0,2856,scenario3
S2_reprodscen3_3,10000001,235934189824,3391238,3389602,0,2857,scenario3
S2_reprodscen3_3,10000001,235972712960,3672686,3670907,0,2858,scenario3
S2_reprodscen3_3,10000001,235999968512,3590496,3588406,0,2859,scenario3
S2_reprodscen3_3,10000001,236081132800,3428441,3426786,0,2860,scenario3
S2_reprodscen3_3,10000001,236103903744,3783651,3780718,0,2861,scenario3
S2_reprodscen3_3,10000001,236343853568,3472144,3469117,0,2862,scenario3
S2_reprodscen3_3,10000001,236563352064,3501597,3500006,0,2863,scenario3
S2_reprodscen3_3,10000001,236652819456,3722046,3720456,0,2864,scenario3
S2_reprodscen3_3,10000001,236680173824,3764904,3762997,0,2865,scenario3
S2_reprodscen3_3,10000001,236925037568,4250365,4246622,0,2866,scenario3
S2_reprodscen3_3,10000001,236957541888,3415339,3413636,0,2867,scenario3
S2_reprodscen3_3,10000001,237000902656,3507855,3506259,0,2868,scenario3
S2_reprodscen3_3,10000001,237025570816,3888657,3885591,0,2869,scenario3
S2_reprodscen3_3,10000001,237067656704,3638585,3636832,0,2870,scenario3
S2_reprodscen3_3,10000001,237136643584,3320401,3318795,0,2871,scenario3
S2_reprodscen3_3,10000001,237191094272,3396205,3394390,0,2872,scenario3
S2_reprodscen3_3,10000001,237734737152,3738582,3736634,0,2873,scenario3
S2_reprodscen3_3,10000001,237752058368,3763810,3761335,0,2874,scenario3
S2_reprodscen3_3,10000001,237809289728,3649074,3645651,0,2875,scenario3
S2_reprodscen3_3,10000001,237895484160,3394734,3392968,0,2876,scenario3
S2_reprodscen3_3,10000001,237934345216,3706633,3704603,0,2877,scenario3
S2_reprodscen3_3,10000001,238067175680,3431507,3429815,0,2878,scenario3
S2_reprodscen3_3,10000001,238077884672,3941344,3939287,0,2879,scenario3
S2_reprodscen3_3,10000001,238140712448,3412646,3409593,0,2880,scenario3
S2_reprodscen3_3,10000001,238250014464,3407184,3405448,0,2881,scenario3
S2_reprodscen3_3,10000001,238309507584,3435420,3432341,0,2882,scenario3
S2_reprodscen3_3,10000001,238335462912,3955289,3953014,0,2883,scenario3
S2_reprodscen3_3,10000001,238505459712,3702058,3699938,0,2884,scenario3
S2_reprodscen3_3,10000001,238650503168,4303367,4300396,0,2885,scenario3
S2_reprodscen3_3,10000001,238667302656,3987260,3985088,0,2886,scenario3
S2_reprodscen3_3,10000001,238672641792,3987150,3985448,0,2887,scenario3
S2_reprodscen3_3,10000001,238689858560,4071014,4068876,0,2888,scenario3
S2_reprodscen3_3,10000001,238770786304,3856443,3854754,0,2889,scenario3
S2_reprodscen3_3,10000001,238944178176,3879101,3877621,0,2890,scenario3
S2_reprodscen3_3,10000001,239211919872,3481348,3479849,0,2891,scenario3
S2_reprodscen3_3,10000001,239217210368,3536569,3535341,0,2892,scenario3
S2_reprodscen3_3,10000001,239269550592,3546111,3544553,0,2893,scenario3
S2_reprodscen3_3,10000001,239314268416,3998206,3996537,0,2894,scenario3
S2_reprodscen3_3,10000001,239557128448,3513478,3511987,0,2895,scenario3
S2_reprodscen3_3,10000001,239620973056,4017056,4014907,0,2896,scenario3
S2_reprodscen3_3,10000001,239703657216,3417524,3416092,0,2897,scenario3
S2_reprodscen3_3,10000001,239732221696,3671302,3669811,0,2898,scenario3
S2_reprodscen3_3,10000001,239870329344,3510770,3509337,0,2899,scenario3
S2_reprodscen3_3,10000001,239924380928,4229673,4227735,0,2900,scenario3
S2_reprodscen3_3,10000001,239941037312,3486939,3485493,0,2901,scenario3
S2_reprodscen3_3,10000001,239994563840,3835719,3834262,0,2902,scenario3
S2_reprodscen3_3,10000001,240063451392,3438073,3436607,0,2903,scenario3
S2_reprodscen3_3,10000001,240136671744,3441781,3440378,0,2904,scenario3
S2_reprodscen3_3,10000001,240164289792,3592183,3590680,0,2905,scenario3
S2_reprodscen3_3,10000001,240235536640,3553088,3551528,0,2906,scenario3
S2_reprodscen3_3,10000001,240568662784,3406872,3405307,0,2907,scenario3
S2_reprodscen3_3,10000001,240621215232,3575721,3572822,0,2908,scenario3
S2_reprodscen3_3,10000001,240758304768,3618984,3617370,0,2909,scenario3
S2_reprodscen3_3,10000001,240923552000,3394713,3393158,0,2910,scenario3
S2_reprodscen3_3,10000001,240957985792,3523690,3521689,0,2911,scenario3
S2_reprodscen3_3,10000001,241095036928,3316799,3315457,0,2912,scenario3
S2_reprodscen3_3,10000001,241106683136,3375707,3374230,0,2913,scenario3
S2_reprodscen3_3,10000001,241244969216,3560976,3558155,0,2914,scenario3
S2_reprodscen3_3,10000001,241274028544,3364311,3362864,0,2915,scenario3
S2_reprodscen3_3,10000001,241316487168,3449248,3447712,0,2916,scenario3
S2_reprodscen3_3,10000001,241360324608,4059532,4056551,0,2917,scenario3
S2_reprodscen3_3,10000001,241364014336,3479315,3477860,0,2917,scenario3
S2_reprodscen3_3,10000001,241664504832,3699176,3697575,0,2919,scenario3
S2_reprodscen3_3,10000001,241680614144,3633219,3631497,0,2920,scenario3
S2_reprodscen3_3,10000001,241728084480,3709257,3707740,0,2921,scenario3
S2_reprodscen3_3,10000001,241744085760,3414197,3412594,0,2922,scenario3
S2_reprodscen3_3,10000001,241781447424,3438543,3437083,0,2923,scenario3
S2_reprodscen3_3,10000001,241830985984,3513967,3511018,0,2924,scenario3
S2_reprodscen3_3,10000001,241849040128,3400309,3398800,0,2925,scenario3
S2_reprodscen3_3,10000001,241867418368,3581960,3580013,0,2926,scenario3
S2_reprodscen3_3,10000001,241871724544,3488969,3487293,0,2927,scenario3
S2_reprodscen3_3,10000001,241922166272,3929723,3928122,0,2928,scenario3
S2_reprodscen3_3,10000001,242285506816,3903702,3902000,0,2929,scenario3
S2_reprodscen3_3,10000001,242305524736,3605602,3604042,0,2930,scenario3
S2_reprodscen3_3,10000001,242344717056,3438644,3437168,0,2931,scenario3
S2_reprodscen3_3,10000001,242573229056,3592671,3580431,0,2932,scenario3
S2_reprodscen3_3,10000001,242577380096,3990059,3988823,0,2932,scenario3
S2_reprodscen3_3,10000001,242610960128,3870197,3846123,0,2934,scenario3
S2_reprodscen3_3,10000001,242673853184,3399757,3398278,0,2935,scenario3
S2_reprodscen3_3,10000001,242784075520,3330483,3328881,0,2936,scenario3
S2_reprodscen3_3,10000001,243095441408,3425229,3423743,0,2937,scenario3
S2_reprodscen3_3,10000001,243152629760,3415509,3413928,0,2938,scenario3
S2_reprodscen3_3,10000001,243165065216,3770403,3768761,0,2939,scenario3
S2_reprodscen3_3,10000001,243185410048,3614558,3612917,0,2940,scenario3
S2_reprodscen3_3,10000001,243188977152,3396259,3394967,0,2940,scenario3
S2_reprodscen3_3,10000001,243283936512,3438366,3436671,0,2942,scenario3
S2_reprodscen3_3,10000001,243327259392,3488345,3486642,0,2943,scenario3
S2_reprodscen3_3,10000001,243332206848,3422223,3420700,0,2944,scenario3
S2_reprodscen3_3,10000001,243385767424,3712321,3710572,0,2945,scenario3
S2_reprodscen3_3,10000001,243543146752,3724213,3722610,0,2946,scenario3
S2_reprodscen3_3,10000001,243592266496,3417950,3416378,0,2947,scenario3
S2_reprodscen3_3,10000001,243599017728,3834495,3832325,0,2948,scenario3
S2_reprodscen3_3,10000001,243667835136,3330765,3329132,0,2949,scenario3
S2_reprodscen3_3,10000001,243773412352,3702120,3700583,0,2950,scenario3
S2_reprodscen3_3,10000001,243854668800,3376561,3374962,0,2951,scenario3
S2_reprodscen3_3,10000001,243929468160,4061745,4059450,0,2952,scenario3
S2_reprodscen3_3,10000001,243941663232,3877525,3875429,0,2953,scenario3
S2_reprodscen3_3,10000001,244025911808,3777376,3775321,0,2954,scenario3
S2_reprodscen3_3,10000001,244166734848,4215521,4213447,0,2955,scenario3
S2_reprodscen3_3,10000001,244170464512,3599231,3598022,0,2955,scenario3
S2_reprodscen3_3,10000001,244217269760,3345816,3344324,0,2957,scenario3
S2_reprodscen3_3,10000001,244248381696,4127752,4125450,0,2958,scenario3
S2_reprodscen3_3,10000001,244289017344,3410086,3408545,0,2959,scenario3
S2_reprodscen3_3,10000001,244601273344,3436004,3434400,0,2960,scenario3
S2_reprodscen3_3,10000001,244839142656,3927563,3925466,0,2961,scenario3
S2_reprodscen3_3,10000001,244911832064,3320174,3318562,0,2962,scenario3
S2_reprodscen3_3,10000001,244963282432,3356893,3355353,0,2963,scenario3
S2_reprodscen3_3,10000001,245008286976,4055023,4052691,0,2964,scenario3
S2_reprodscen3_3,10000001,245054998528,3398548,3396993,0,2965,scenario3
S2_reprodscen3_3,10000001,245105490944,3702120,3700395,0,2966,scenario3
S2_reprodscen3_3,10000001,245121634048,3441830,3440227,0,2967,scenario3
S2_reprodscen3_3,10000001,245147546880,4013226,4010743,0,2968,scenario3
S2_reprodscen3_3,10000001,245198550272,3774550,3772319,0,2969,scenario3
S2_reprodscen3_3,10000001,245237115136,4101794,4099328,0,2970,scenario3
S2_reprodscen3_3,10000001,245240845312,3531092,3529282,0,2970,scenario3
S2_reprodscen3_3,10000001,245291399424,3913337,3910936,0,2972,scenario3
S2_reprodscen3_3,10000001,245298246912,3403385,3401511,0,2973,scenario3
S2_reprodscen3_3,10000001,245362061312,3925248,3922173,0,2974,scenario3
S2_reprodscen3_3,10000001,245519888640,3671385,3669253,0,2975,scenario3
S2_reprodscen3_3,10000001,245696190720,3686981,3683848,0,2976,scenario3
S2_reprodscen3_3,10000001,245816303616,3407960,3406332,0,2977,scenario3
S2_reprodscen3_3,10000001,245821601792,3578590,3577044,0,2978,scenario3
S2_reprodscen3_3,10000001,245917266176,3961706,3959495,0,2979,scenario3
S2_reprodscen3_3,10000001,245927750144,4035966,4033602,0,2980,scenario3
S2_reprodscen3_3,10000001,245931299072,3349074,3347117,0,2980,scenario3
S2_reprodscen3_3,10000001,245946685952,3309413,3307876,0,2982,scenario3
S2_reprodscen3_3,10000001,245992167680,3598379,3596474,0,2983,scenario3
S2_reprodscen3_3,10000001,245999113984,3965666,3963748,0,2984,scenario3
S2_reprodscen3_3,10000001,246032728064,3575794,3573940,0,2985,scenario3
S2_reprodscen3_3,10000001,246036991744,3460141,3458464,0,2986,scenario3
S2_reprodscen3_3,10000001,246057439744,3642985,3639987,0,2987,scenario3
S2_reprodscen3_3,10000001,246063520768,3402486,3400860,0,2988,scenario3
S2_reprodscen3_3,10000001,246264149504,3743175,3740170,0,2989,scenario3
S2_reprodscen3_3,10000001,246311439360,3426859,3425261,0,2990,scenario3
S2_reprodscen3_3,10000001,246514016512,3957767,3955522,0,2991,scenario3
S2_reprodscen3_3,10000001,246517924352,3743782,3741758,0,2991,scenario3
S2_reprodscen3_3,10000001,246690437632,3633735,3631658,0,2993,scenario3
S2_reprodscen3_3,10000001,246733800192,3807986,3805850,0,2994,scenario3
S2_reprodscen3_3,10000001,246743785984,3528491,3526916,0,2995,scenario3
S2_reprodscen3_3,10000001,246771283712,3600548,3597527,0,2996,scenario3
S2_reprodscen3_3,10000001,246813232896,3398420,3396856,0,2997,scenario3
S2_reprodscen3_3,10000001,246858821120,3655221,3653288,0,2998,scenario3
S2_reprodscen3_3,10000001,246934129152,3608899,3605882,0,2999,scenario3
S2_reprodscen3_3,10000001,246970810880,3820833,3817775,0,3000,scenario3
S2_reprodscen3_3,10000001,247056880128,3678723,3675812,0,3001,scenario3
S2_reprodscen3_3,10000001,247093961728,3598260,3596725,0,3002,scenario3
S2_reprodscen3_3,10000001,247110155264,3400322,3398667,0,3003,scenario3
S2_reprodscen3_3,10000001,247115552768,3440434,3438699,0,3004,scenario3
S2_reprodscen3_3,10000001,247119306240,3569455,3567380,0,3004,scenario3
S2_reprodscen3_3,10000001,247412329216,4035226,4033427,0,3006,scenario3
S2_reprodscen3_3,10000001,247537755648,4016268,4014409,0,3007,scenario3
S2_reprodscen3_3,10000001,247566131968,3889222,3885618,0,3008,scenario3
S2_reprodscen3_3,10000001,247625028096,3589478,3587230,0,3009,scenario3
S2_reprodscen3_3,10000001,247846344192,4514720,4512031,0,3010,scenario3
S2_reprodscen3_3,10000001,247877748480,3711774,3709614,0,3011,scenario3
S2_reprodscen3_3,10000001,247884912384,3727113,3725261,0,3012,scenario3
S2_reprodscen3_3,10000001,247955749632,4251066,4248761,0,3013,scenario3
S2_reprodscen3_3,10000001,247967252224,3411814,3410105,0,3014,scenario3
S2_reprodscen3_3,10000001,247984503808,3444715,3443065,0,3015,scenario3
S2_reprodscen3_3,10000001,247991729664,3433876,3432149,0,3016,scenario3
S2_reprodscen3_3,10000001,248135200768,3370771,3368458,0,3017,scenario3
S2_reprodscen3_3,10000001,248232523776,3528908,3525829,0,3018,scenario3
S2_reprodscen3_3,10000001,248265669120,3399987,3398283,0,3019,scenario3
S2_reprodscen3_3,10000001,248276068352,3407137,3405435,0,3020,scenario3
S2_reprodscen3_3,10000001,248305090304,3924528,3921390,0,3021,scenario3
S2_reprodscen3_3,10000001,248358793984,3360713,3359051,0,3022,scenario3
S2_reprodscen3_3,10000001,248399120640,3373952,3372268,0,3023,scenario3
S2_reprodscen3_3,10000001,248545466368,3364047,3362311,0,3024,scenario3
S2_reprodscen3_3,10000001,248550850560,3358072,3356395,0,3025,scenario3
S2_reprodscen3_3,10000001,248559369984,3486813,3485054,0,3026,scenario3
S2_reprodscen3_3,10000001,248750897152,3592804,3589872,0,3027,scenario3
S2_reprodscen3_3,10000001,248782155008,3569299,3567314,0,3028,scenario3
S2_reprodscen3_3,10000001,248786508544,3706083,3703411,0,3029,scenario3
S2_reprodscen3_3,10000001,248812706048,3667895,3666053,0,3030,scenario3
S2_reprodscen3_3,10000001,248958285568,3584627,3581607,0,3031,scenario3
S2_reprodscen3_3,10000001,249016386560,4177563,4173679,0,3032,scenario3
S2_reprodscen3_3,10000001,249040634880,3424277,3422588,0,3033,scenario3
S2_reprodscen3_3,10000001,249057180672,3833568,3831297,0,3034,scenario3
S2_reprodscen3_3,10000001,249094522624,3774933,3773214,0,3035,scenario3
S2_reprodscen3_3,10000001,249098078208,3363342,3361343,0,3035,scenario3
S2_reprodscen3_3,10000001,249159306752,3849801,3847479,0,3037,scenario3
S2_reprodscen3_3,10000001,249172878336,4144549,4142490,0,3038,scenario3
S2_reprodscen3_3,10000001,249284490752,3593342,3591033,0,3039,scenario3
S2_reprodscen3_3,10000001,249318557184,3313230,3311665,0,3040,scenario3
S2_reprodscen3_3,10000001,249345059072,3480492,3478523,0,3041,scenario3
S2_reprodscen3_3,10000001,249536292608,3390014,3388293,0,3042,scenario3
S2_reprodscen3_3,10000001,249570686720,3467868,3464551,0,3043,scenario3
S2_reprodscen3_3,10000001,249607484416,3917060,3914988,0,3044,scenario3
S2_reprodscen3_3,10000001,249648241408,3733586,3731679,0,3045,scenario3
S2_reprodscen3_3,10000001,249778430464,3445562,3444014,0,3046,scenario3
S2_reprodscen3_3,10000001,249790658304,3448643,3446952,0,3047,scenario3
S2_reprodscen3_3,10000001,249794721280,3336150,3334716,0,3048,scenario3
S2_reprodscen3_3,10000001,249822255872,3375492,3373939,0,3049,scenario3
S2_reprodscen3_3,10000001,249950597376,3401447,3399928,0,3050,scenario3
S2_reprodscen3_3,10000001,250013177088,3601579,3598664,0,3051,scenario3
S2_reprodscen3_3,10000001,250080377344,3391926,3390463,0,3052,scenario3
S2_reprodscen3_3,10000001,250104346368,4031921,4028403,0,3053,scenario3
S2_reprodscen3_3,10000001,250140338944,3980659,3978488,0,3054,scenario3
S2_reprodscen3_3,10000001,250177483776,3773700,3772062,0,3055,scenario3
S2_reprodscen3_3,10000001,250247804928,3659764,3657698,0,3056,scenario3
S2_reprodscen3_3,10000001,250263503360,3359540,3358085,0,3057,scenario3
S2_reprodscen3_3,10000001,250285929984,3387737,3384824,0,3058,scenario3
S2_reprodscen3_3,10000001,250423260928,3405976,3404402,0,3059,scenario3
S2_reprodscen3_3,10000001,250553038592,4044417,4042316,0,3060,scenario3
S2_reprodscen3_3,10000001,250680163072,3930864,3928525,0,3061,scenario3
S2_reprodscen3_3,10000001,250718809344,4144617,4142302,0,3062,scenario3
S2_reprodscen3_3,10000001,250722645760,3669782,3668042,0,3062,scenario3
S2_reprodscen3_3,10000001,250741745920,3470413,3468943,0,3064,scenario3
S2_reprodscen3_3,10000001,250800306688,3806320,3804680,0,3065,scenario3
S2_reprodscen3_3,10000001,250808138496,4243533,4241539,0,3066,scenario3
S2_reprodscen3_3,10000001,250849181952,3985697,3982605,0,3067,scenario3
S2_reprodscen3_3,10000001,250922852864,3349233,3347826,0,3068,scenario3
S2_reprodscen3_3,10000001,250981288704,3511177,3505436,0,3069,scenario3
S2_reprodscen3_3,10000001,250984787200,3363486,3362115,0,3069,scenario3
S2_reprodscen3_3,10000001,251026027520,3749450,3747970,0,3071,scenario3
S2_reprodscen3_3,10000001,251043164672,3530405,3528764,0,3072,scenario3
S2_reprodscen3_3,10000001,251049567232,3850675,3847685,0,3073,scenario3
S2_reprodscen3_3,10000001,251110553344,3675169,3673554,0,3074,scenario3
S2_reprodscen3_3,10000001,251214511360,3306730,3305364,0,3075,scenario3
S2_reprodscen3_3,10000001,251284003072,3343103,3341664,0,3076,scenario3
S2_reprodscen3_3,10000001,251356057344,4003020,4000048,0,3077,scenario3
S2_reprodscen3_3,10000001,251390510080,3352758,3351355,0,3078,scenario3
S2_reprodscen3_3,10000001,251563930624,3501599,3500023,0,3079,scenario3
S2_reprodscen3_3,10000001,251732233472,3362999,3361564,0,3080,scenario3
S2_reprodscen3_3,10000001,251809687808,3444314,3442787,0,3081,scenario3
S2_reprodscen3_3,10000001,251873718528,3482080,3480637,0,3082,scenario3
S2_reprodscen3_3,10000001,251903147520,3336108,3334647,0,3083,scenario3
S2_reprodscen3_3,10000001,251938530816,3503154,3501570,0,3084,scenario3
S2_reprodscen3_3,10000001,251969421824,3357494,3356023,0,3085,scenario3
S2_reprodscen3_3,10000001,251999856384,3459920,3457023,0,3086,scenario3
S2_reprodscen3_3,10000001,252097288960,3705892,3704331,0,3087,scenario3
S2_reprodscen3_3,10000001,252175934208,4041521,4039245,0,3088,scenario3
S2_reprodscen3_3,10000001,252179975424,3837180,3835717,0,3088,scenario3
S2_reprodscen3_3,10000001,252197577984,3381694,3380224,0,3090,scenario3
S2_reprodscen3_3,10000001,252224393472,3678931,3677484,0,3091,scenario3
S2_reprodscen3_3,10000001,252284118272,3598362,3585879,0,3092,scenario3
S2_reprodscen3_3,10000001,252287732992,3450797,3449534,0,3092,scenario3
S2_reprodscen3_3,10000001,252291488000,3643652,3642669,0,3093,scenario3
S2_reprodscen3_3,10000001,252294996736,3399583,3398550,0,3094,scenario3
S2_reprodscen3_3,10000001,252315565312,3872607,3870892,0,3096,scenario3
S2_reprodscen3_3,10000001,252321363968,3653931,3651971,0,3097,scenario3
S2_reprodscen3_3,10000001,252440421888,3342720,3341365,0,3098,scenario3
S2_reprodscen3_3,10000001,252710934016,3693352,3691804,0,3099,scenario3
S2_reprodscen3_3,10000001,252714519552,3440207,3438971,0,3099,scenario3
S2_reprodscen3_3,10000001,252717935360,3306925,3305997,0,3100,scenario3
S2_reprodscen3_3,10000001,252782846208,4082627,4080869,0,3102,scenario3
S2_reprodscen3_3,10000001,252812542208,3440276,3438865,0,3103,scenario3
S2_reprodscen3_3,10000001,252863043328,3746134,3744569,0,3104,scenario3
S2_reprodscen3_3,10000001,252952031488,3390993,3389569,0,3105,scenario3
S2_reprodscen3_3,10000001,252968835584,3746309,3744801,0,3106,scenario3
S2_reprodscen3_3,10000001,252976708352,3432065,3429165,0,3107,scenario3
S2_reprodscen3_3,10000001,253043965184,4278571,4276851,0,3108,scenario3
S2_reprodscen3_3,10000001,253048146688,4035636,4034176,0,3108,scenario3
S2_reprodscen3_3,10000001,253053543680,3714064,3712473,0,3110,scenario3
S2_reprodscen3_3,10000001,253135719168,3459798,3458278,0,3111,scenario3
S2_reprodscen3_3,10000001,253182889216,3373539,3371994,0,3112,scenario3
S2_reprodscen3_3,10000001,253206770432,3989704,3987955,0,3113,scenario3
S2_reprodscen3_3,10000001,253299493376,3359273,3357894,0,3114,scenario3
S2_reprodscen3_3,10000001,253337660160,3358769,3357344,0,3115,scenario3
S2_reprodscen3_3,10000001,253359931648,3407188,3405777,0,3116,scenario3
S2_reprodscen3_3,10000001,253382760448,4002943,4000963,0,3117,scenario3
S2_reprodscen3_3,10000001,253434675968,3568151,3566547,0,3118,scenario3
S2_reprodscen3_3,10000001,253566399744,4144332,4142795,0,3119,scenario3
S2_reprodscen3_3,10000001,253587674368,4022315,4020138,0,3120,scenario3
S2_reprodscen3_3,10000001,253671600128,4967827,4965397,0,3121,scenario3
S2_reprodscen3_3,10000001,253683144704,4282321,4280033,0,3122,scenario3
S2_reprodscen3_3,10000001,253694254848,4154769,4153043,0,3123,scenario3
S2_reprodscen3_3,10000001,253700305408,4079928,4078186,0,3124,scenario3
S2_reprodscen3_3,10000001,253705653504,4090782,4088845,0,3125,scenario3
S2_reprodscen3_3,10000001,253738325760,3646643,3645138,0,3126,scenario3
S2_reprodscen3_3,10000001,253788725504,3698904,3697351,0,3127,scenario3
S2_reprodscen3_3,10000001,253806358528,3353481,3351992,0,3128,scenario3
S2_reprodscen3_3,10000001,253877322240,3834665,3833155,0,3129,scenario3
S2_reprodscen3_3,10000001,254056316672,3724740,3712579,0,3130,scenario3
S2_reprodscen3_3,10000001,254075779840,3908928,3907148,0,3131,scenario3
S2_reprodscen3_3,10000001,254121061120,3459920,3458429,0,3132,scenario3
S2_reprodscen3_3,10000001,254128211456,3772604,3771039,0,3133,scenario3
S2_reprodscen3_3,10000001,254132201728,3620164,3618758,0,3134,scenario3
S2_reprodscen3_3,10000001,254221746176,3626033,3624499,0,3135,scenario3
S2_reprodscen3_3,10000001,254256280832,3941528,3938396,0,3136,scenario3
S2_reprodscen3_3,10000001,254384599040,3915050,3913339,0,3137,scenario3
S2_reprodscen3_3,10000001,254396808960,3832837,3831364,0,3138,scenario3
S2_reprodscen3_3,10000001,254400882944,3623521,3622204,0,3139,scenario3
S2_reprodscen3_3,10000001,254580809472,4202988,4199350,0,3140,scenario3
S2_reprodscen3_3,10000001,254584783872,3868520,3867275,0,3140,scenario3
S2_reprodscen3_3,10000001,254588677888,3768169,3767138,0,3141,scenario3
S2_reprodscen3_3,10000001,254655285760,3942651,3940705,0,3143,scenario3
S2_reprodscen3_3,10000001,254742911744,3321649,3320161,0,3144,scenario3
S2_reprodscen3_3,10000001,254761612032,3866922,3863647,0,3145,scenario3
S2_reprodscen3_3,10000001,254857248512,3526452,3524849,0,3146,scenario3
S2_reprodscen3_3,10000001,254938737408,3370907,3369351,0,3147,scenario3
S2_reprodscen3_3,10000001,254982569216,4054576,4053052,0,3148,scenario3
S2_reprodscen3_3,10000001,254986565376,3863868,3862656,0,3148,scenario3
S2_reprodscen3_3,10000001,254999499776,3429606,3428123,0,3150,scenario3
S2_reprodscen3_3,10000001,255018586112,3358970,3357491,0,3151,scenario3
S2_reprodscen3_3,10000001,255030986752,3392965,3389998,0,3152,scenario3
S2_reprodscen3_3,10000001,255056544000,3763478,3761838,0,3153,scenario3
S2_reprodscen3_3,10000001,255102378240,3335640,3334140,0,3154,scenario3
S2_reprodscen3_3,10000001,255150317312,4084265,4082198,0,3155,scenario3
S2_reprodscen3_3,10000001,255222210304,3757606,3756087,0,3156,scenario3
S2_reprodscen3_3,10000001,255296810752,3793269,3791544,0,3157,scenario3
S2_reprodscen3_3,10000001,255320513280,3354818,3353437,0,3158,scenario3
S2_reprodscen3_3,10000001,255406726656,3332390,3330979,0,3159,scenario3
S2_reprodscen3_3,10000001,255424350464,3895330,3893611,0,3160,scenario3
S2_reprodscen3_3,10000001,255436758528,4079482,4077758,0,3161,scenario3
S2_reprodscen3_3,10000001,255570329344,3350579,3349138,0,3162,scenario3
S2_reprodscen3_3,10000001,255638163200,3950791,3948961,0,3163,scenario3
S2_reprodscen3_3,10000001,255702851840,3334020,3332628,0,3164,scenario3
S2_reprodscen3_3,10000001,255712448512,3529473,3527956,0,3165,scenario3
S2_reprodscen3_3,10000001,255721460224,3433677,3432149,0,3166,scenario3
S2_reprodscen3_3,10000001,255781209088,3560331,3558727,0,3167,scenario3
S2_reprodscen3_3,10000001,255795199488,4139623,4137842,0,3168,scenario3
S2_reprodscen3_3,10000001,255799741696,3914218,3912760,0,3169,scenario3
S2_reprodscen3_3,10000001,255825196032,3866400,3864630,0,3170,scenario3
S2_reprodscen3_3,10000001,255828730880,3408159,3406872,0,3170,scenario3
S2_reprodscen3_3,10000001,255832594176,3772732,3771660,0,3171,scenario3
S2_reprodscen3_3,10000001,255865335296,3626988,3625324,0,3173,scenario3
S2_reprodscen3_3,10000001,255894017792,4059889,4058190,0,3174,scenario3
S2_reprodscen3_3,10000001,255947731968,3323657,3322176,0,3175,scenario3
S2_reprodscen3_3,10000001,256149319680,3647552,3633665,0,3176,scenario3
S2_reprodscen3_3,10000001,256243424768,3393962,3392450,0,3177,scenario3
S2_reprodscen3_3,10000001,256288995840,3944825,3943023,0,3178,scenario3
S2_reprodscen3_3,10000001,256333019904,3549265,3547793,0,3179,scenario3
S2_reprodscen3_3,10000001,256340591616,4044543,4042685,0,3180,scenario3
S2_reprodscen3_3,10000001,256344126720,3346939,3345371,0,3180,scenario3
S2_reprodscen3_3,10000001,256402626816,3362445,3361010,0,3182,scenario3
S2_reprodscen3_3,10000001,256459162624,3645206,3643434,0,3183,scenario3
S2_reprodscen3_3,10000001,256603827968,3775867,3774140,0,3184,scenario3
S2_reprodscen3_3,10000001,256607912448,3600826,3597707,0,3184,scenario3
S2_reprodscen3_3,10000001,256677523968,4030346,4028388,0,3186,scenario3
S2_reprodscen3_3,10000001,256681384448,3720027,3718375,0,3186,scenario3
S2_reprodscen3_3,10000001,256685597184,4099923,4098739,0,3187,scenario3
S2_reprodscen3_3,10000001,256689394944,3700942,3699890,0,3188,scenario3
S2_reprodscen3_3,10000001,256693156352,3652828,3651876,0,3189,scenario3
S2_reprodscen3_3,10000001,256718819072,3319191,3317737,0,3191,scenario3
S2_reprodscen3_3,10000001,256729290496,3611472,3609820,0,3192,scenario3
S2_reprodscen3_3,10000001,256738558208,3706533,3704847,0,3193,scenario3
S2_reprodscen3_3,10000001,256769771008,3713612,3711911,0,3194,scenario3
S2_reprodscen3_3,10000001,256844953600,3848053,3846277,0,3195,scenario3
S2_reprodscen3_3,10000001,256849081856,3954296,3952937,0,3195,scenario3
S2_reprodscen3_3,10000001,256921194496,3809415,3807728,0,3197,scenario3
S2_reprodscen3_3,10000001,256967995904,4349125,4347550,0,3198,scenario3
S2_reprodscen3_3,10000001,256972157696,3995405,3993778,0,3198,scenario3
S2_reprodscen3_3,10000001,256986921216,3771843,3770243,0,3200,scenario3
S2_reprodscen3_3,10000001,257031987200,3623696,3620804,0,3201,scenario3
S2_reprodscen3_3,10000001,257064623360,3999584,3998056,0,3202,scenario3
S2_reprodscen3_3,10000001,257135862784,3906470,3904631,0,3203,scenario3
S2_reprodscen3_3,10000001,257181519616,3440981,3439459,0,3204,scenario3
S2_reprodscen3_3,10000001,257291903232,3447218,3445648,0,3205,scenario3
S2_reprodscen3_3,10000001,257311174400,3429043,3427461,0,3206,scenario3
S2_reprodscen3_3,10000001,257577520128,3405116,3403516,0,3207,scenario3
S2_reprodscen3_3,10000001,257582562816,3342013,3340503,0,3208,scenario3
S2_reprodscen3_3,10000001,257660008704,3432406,3430952,0,3209,scenario3
S2_reprodscen3_3,10000001,257746341376,3427010,3424132,0,3210,scenario3
S2_reprodscen3_3,10000001,257765023232,3890981,3889351,0,3211,scenario3
S2_reprodscen3_3,10000001,257773925888,3563473,3561863,0,3212,scenario3
S2_reprodscen3_3,10000001,257835812608,3975823,3973702,0,3213,scenario3
S2_reprodscen3_3,10000001,257852344576,3485086,3483644,0,3214,scenario3
S2_reprodscen3_3,10000001,257909483520,3377452,3376068,0,3215,scenario3
S2_reprodscen3_3,10000001,257954970368,3585182,3583739,0,3216,scenario3
S2_reprodscen3_3,10000001,257969586176,3908292,3906254,0,3217,scenario3
S2_reprodscen3_3,10000001,257973612032,3568861,3567577,0,3218,scenario3
S2_reprodscen3_3,10000001,258042816256,3524629,3523255,0,3219,scenario3
S2_reprodscen3_3,10000001,258046272768,3288997,3287612,0,3219,scenario3
S2_reprodscen3_3,10000001,258062170368,3360777,3359362,0,3221,scenario3
S2_reprodscen3_3,10000001,258142653440,3544892,3543469,0,3222,scenario3
S2_reprodscen3_3,10000001,258157937664,3547332,3544485,0,3223,scenario3
S2_reprodscen3_3,10000001,258179011328,3326975,3325542,0,3224,scenario3
S2_reprodscen3_3,10000001,258281508352,3475923,3474395,0,3225,scenario3
S2_reprodscen3_3,10000001,258299324672,4061707,4059277,0,3226,scenario3
S2_reprodscen3_3,10000001,258304241152,3688229,3686764,0,3227,scenario3
S2_reprodscen3_3,10000001,258363161856,3392397,3390718,0,3228,scenario3
S2_reprodscen3_3,10000001,258396525056,3458459,3457001,0,3229,scenario3
S2_reprodscen3_3,10000001,258464763392,3407759,3406220,0,3230,scenario3
S2_reprodscen3_3,10000001,258592648448,3910171,3908697,0,3231,scenario3
S2_reprodscen3_3,10000001,258596750336,3985751,3984443,0,3231,scenario3
S2_reprodscen3_3,10000001,258600724992,3854406,3853237,0,3232,scenario3
S2_reprodscen3_3,10000001,258657392640,3714850,3712853,0,3234,scenario3
S2_reprodscen3_3,10000001,258666270720,3545312,3543680,0,3235,scenario3
S2_reprodscen3_3,10000001,258704731904,3737342,3735544,0,3236,scenario3
S2_reprodscen3_3,10000001,258710873600,3808129,3806708,0,3237,scenario3
S2_reprodscen3_3,10000001,258793554944,4173388,4170291,0,3238,scenario3
S2_reprodscen3_3,10000001,258806617600,3940988,3939303,0,3239,scenario3
S2_reprodscen3_3,10000001,258821687552,3840676,3838932,0,3240,scenario3
S2_reprodscen3_3,10000001,258832736000,3730722,3728938,0,3241,scenario3
S2_reprodscen3_3,10000001,258864334848,3905566,3902483,0,3242,scenario3
S2_reprodscen3_3,10000001,258878167808,3559865,3558069,0,3243,scenario3
S2_reprodscen3_3,10000001,258902744320,3978373,3976316,0,3244,scenario3
S2_reprodscen3_3,10000001,258984528128,3352649,3351051,0,3245,scenario3
S2_reprodscen3_3,10000001,258994913792,3584588,3582973,0,3246,scenario3
S2_reprodscen3_3,10000001,259012036864,3428299,3426944,0,3247,scenario3
S2_reprodscen3_3,10000001,259088712960,3755509,3753928,0,3248,scenario3
S2_reprodscen3_3,10000001,259108269056,3891870,3889988,0,3249,scenario3
S2_reprodscen3_3,10000001,259249911808,3414904,3413446,0,3250,scenario3
S2_reprodscen3_3,10000001,259306676224,3839688,3837885,0,3251,scenario3
S2_reprodscen3_3,10000001,259337224704,4151062,4149052,0,3252,scenario3
S2_reprodscen3_3,10000001,259363931904,3700925,3699231,0,3253,scenario3
S2_reprodscen3_3,10000001,259404968192,3414888,3413325,0,3254,scenario3
S2_reprodscen3_3,10000001,259581168896,3418769,3416974,0,3255,scenario3
S2_reprodscen3_3,10000001,259620342016,3357142,3355695,0,3256,scenario3
S2_reprodscen3_3,10000001,259644121088,3811064,3809425,0,3257,scenario3
S2_reprodscen3_3,10000001,259649339136,3703035,3701273,0,3258,scenario3
S2_reprodscen3_3,10000001,259724672512,3697822,3696145,0,3259,scenario3
S2_reprodscen3_3,10000001,259728552448,3724566,3722663,0,3259,scenario3
S2_reprodscen3_3,10000001,259774272768,3823851,3822183,0,3261,scenario3
S2_reprodscen3_3,10000001,259867654912,4023459,4021840,0,3262,scenario3
S2_reprodscen3_3,10000001,259931547136,3465464,3464026,0,3263,scenario3
S2_reprodscen3_3,10000001,259974516736,3308232,3306946,0,3264,scenario3
S2_reprodscen3_3,10000001,260068999168,3607839,3606349,0,3265,scenario3
S2_reprodscen3_3,10000001,260082474496,3893191,3890341,0,3266,scenario3
S2_reprodscen3_3,10000001,260124130816,3362388,3361023,0,3267,scenario3
S2_reprodscen3_3,10000001,260132487680,3501788,3500278,0,3268,scenario3
S2_reprodscen3_3,10000001,260188958720,3756811,3755074,0,3269,scenario3
S2_reprodscen3_3,10000001,260268048640,3574464,3573090,0,3270,scenario3
S2_reprodscen3_3,10000001,260271913728,3711370,3709996,0,3270,scenario3
S2_reprodscen3_3,10000001,260300844800,3784008,3782335,0,3272,scenario3
S2_reprodscen3_3,10000001,260306637824,3421661,3420151,0,3273,scenario3
S2_reprodscen3_3,10000001,260344183552,3749196,3747348,0,3274,scenario3
S2_reprodscen3_3,10000001,260354672384,3901125,3898063,0,3275,scenario3
S2_reprodscen3_3,10000001,260358200832,3378761,3377431,0,3275,scenario3
S2_reprodscen3_3,10000001,260364491008,3381114,3379665,0,3277,scenario3
S2_reprodscen3_3,10000001,260394936832,3567337,3565570,0,3278,scenario3
S2_reprodscen3_3,10000001,260408329216,3531238,3529532,0,3279,scenario3
S2_reprodscen3_3,10000001,260656417536,3403932,3402501,0,3280,scenario3
S2_reprodscen3_3,10000001,260661890560,3762388,3760970,0,3281,scenario3
S2_reprodscen3_3,10000001,260666103040,4054616,4040776,0,3281,scenario3
S2_reprodscen3_3,10000001,260701789952,4312773,4310592,0,3283,scenario3
S2_reprodscen3_3,10000001,260757695488,3759865,3758299,0,3284,scenario3
S2_reprodscen3_3,10000001,260761410048,3570048,3568873,0,3284,scenario3
S2_reprodscen3_3,10000001,260772863744,3404725,3403278,0,3286,scenario3
S2_reprodscen3_3,10000001,260779205120,3392527,3391083,0,3287,scenario3
S2_reprodscen3_3,10000001,260782962432,3625676,3624475,0,3287,scenario3
S2_reprodscen3_3,10000001,260882655488,3572841,3571204,0,3289,scenario3
S2_reprodscen3_3,10000001,260890587648,4275058,4272902,0,3290,scenario3
S2_reprodscen3_3,10000001,260894469120,3763794,3762421,0,3290,scenario3
S2_reprodscen3_3,10000001,260900110848,3616281,3614689,0,3292,scenario3
S2_reprodscen3_3,10000001,260921419776,3688226,3685344,0,3293,scenario3
S2_reprodscen3_3,10000001,261048810496,3856090,3854114,0,3294,scenario3
S2_reprodscen3_3,10000001,261052410368,3461281,3459777,0,3294,scenario3
S2_reprodscen3_3,10000001,261144019456,3597015,3595386,0,3296,scenario3
S2_reprodscen3_3,10000001,261162384896,3934074,3932361,0,3297,scenario3
S2_reprodscen3_3,10000001,261183254784,3356310,3354928,0,3298,scenario3
S2_reprodscen3_3,10000001,261192276736,4246574,4244513,0,3299,scenario3
S2_reprodscen3_3,10000001,261280659200,3405699,3404163,0,3300,scenario3
S2_reprodscen3_3,10000001,261299921664,3373228,3371802,0,3301,scenario3
S2_reprodscen3_3,10000001,261323698176,3842157,3840262,0,3302,scenario3
S2_reprodscen3_3,10000001,261393872128,3721694,3720090,0,3303,scenario3
S2_reprodscen3_3,10000001,261447308288,3866959,3865216,0,3304,scenario3
S2_reprodscen3_3,10000001,261465377024,3957512,3955870,0,3305,scenario3
S2_reprodscen3_3,10000001,261595148800,3341230,3339809,0,3306,scenario3
S2_reprodscen3_3,10000001,261609566464,3426491,3425091,0,3307,scenario3
S2_reprodscen3_3,10000001,261650876416,3472208,3461369,0,3308,scenario3
S2_reprodscen3_3,10000001,261681141760,3385827,3384423,0,3309,scenario3
S2_reprodscen3_3,10000001,261710671360,3641219,3639659,0,3310,scenario3
S2_reprodscen3_3,10000001,261732090624,3691236,3689605,0,3311,scenario3
S2_reprodscen3_3,10000001,261774365184,3840802,3837540,0,3312,scenario3
S2_reprodscen3_3,10000001,261784316160,3484028,3482469,0,3313,scenario3
S2_reprodscen3_3,10000001,261808174336,3993102,3989627,0,3314,scenario3
S2_reprodscen3_3,10000001,261865889792,3370619,3369220,0,3315,scenario3
S2_reprodscen3_3,10000001,261871528448,3657071,3653777,0,3316,scenario3
S2_reprodscen3_3,10000001,261877756416,3835893,3834317,0,3317,scenario3
S2_reprodscen3_3,10000001,261895728896,3394072,3392342,0,3318,scenario3
S2_reprodscen3_3,10000001,261925523200,3960791,3958676,0,3319,scenario3
S2_reprodscen3_3,10000001,261929419776,3736633,3734864,0,3319,scenario3
S2_reprodscen3_3,10000001,261950918144,4133991,4131917,0,3321,scenario3
S2_reprodscen3_3,10000001,261968859136,3655531,3652394,0,3322,scenario3
S2_reprodscen3_3,10000001,262045795840,3375990,3374554,0,3323,scenario3
S2_reprodscen3_3,10000001,262111335424,3517061,3514239,0,3324,scenario3
S2_reprodscen3_3,10000001,262117161984,4173118,4169913,0,3325,scenario3
S2_reprodscen3_3,10000001,262149641728,3403416,3402097,0,3326,scenario3
S2_reprodscen3_3,10000001,262160003328,3482193,3480756,0,3327,scenario3
S2_reprodscen3_3,10000001,262259291392,3710204,3708479,0,3328,scenario3
S2_reprodscen3_3,10000001,262294308608,4120368,4118261,0,3329,scenario3
S2_reprodscen3_3,10000001,262385650688,3317327,3315902,0,3330,scenario3
S2_reprodscen3_3,10000001,262413103616,3452088,3449184,0,3331,scenario3
S2_reprodscen3_3,10000001,262627289856,3314530,3313203,0,3332,scenario3
S2_reprodscen3_3,10000001,262663921920,3660770,3659081,0,3333,scenario3
S2_reprodscen3_3,10000001,262709458688,4110389,4106905,0,3334,scenario3
S2_reprodscen3_3,10000001,262725499136,3797221,3794349,0,3335,scenario3
S2_reprodscen3_3,10000001,262774888960,4055184,4051561,0,3336,scenario3
S2_reprodscen3_3,10000001,262845907456,3854335,3835328,0,3337,scenario3
S2_reprodscen3_3,10000001,262889815296,3505829,3502938,0,3338,scenario3
S2_reprodscen3_3,10000001,262977332736,3778571,3775669,0,3339,scenario3
S2_reprodscen3_3,10000001,262982560256,3531282,3529804,0,3340,scenario3
S2_reprodscen3_3,10000001,263004795136,3885047,3883103,0,3341,scenario3
S2_reprodscen3_3,10000001,263043532032,3428115,3426681,0,3342,scenario3
S2_reprodscen3_3,10000001,263076354048,4053283,4049858,0,3343,scenario3
S2_reprodscen3_3,10000001,263088990976,3488201,3486804,0,3344,scenario3
S2_reprodscen3_3,10000001,263113506048,3577708,3575585,0,3345,scenario3
S2_reprodscen3_3,10000001,263175490560,3435215,3433795,0,3346,scenario3
S2_reprodscen3_3,10000001,263188496128,4186723,4184701,0,3347,scenario3
S2_reprodscen3_3,10000001,263223652352,4091764,4089750,0,3348,scenario3
S2_reprodscen3_3,10000001,263227692032,3857678,3856469,0,3348,scenario3
S2_reprodscen3_3,10000001,263231297024,3482860,3481876,0,3349,scenario3
S2_reprodscen3_3,10000001,263296250880,4018771,4016787,0,3351,scenario3
S2_reprodscen3_3,10000001,263317799680,3464511,3452419,0,3352,scenario3
S2_reprodscen3_3,10000001,263362632192,4038162,4036308,0,3353,scenario3
S2_reprodscen3_3,10000001,263366322688,3534377,3532722,0,3353,scenario3
S2_reprodscen3_3,10000001,263374600960,3347410,3346072,0,3355,scenario3
S2_reprodscen3_3,10000001,263404803328,3326744,3325228,0,3356,scenario3
S2_reprodscen3_3,10000001,263448114176,3382354,3380876,0,3357,scenario3
S2_reprodscen3_3,10000001,263475879936,3727091,3724223,0,3358,scenario3
S2_reprodscen3_3,10000001,263613503232,4178917,4176781,0,3359,scenario3
S2_reprodscen3_3,10000001,263663183616,3470670,3467797,0,3360,scenario3
S2_reprodscen3_3,10000001,263687846912,3808251,3806373,0,3361,scenario3
S2_reprodscen3_3,10000001,263691547904,3570029,3568572,0,3361,scenario3
S2_reprodscen3_3,10000001,263730682880,3415536,3413663,0,3363,scenario3
S2_reprodscen3_3,10000001,263736595200,4115684,4113669,0,3364,scenario3
S2_reprodscen3_3,10000001,263762934016,4165618,4163355,0,3365,scenario3
S2_reprodscen3_3,10000001,263776542976,3537278,3535303,0,3366,scenario3
S2_reprodscen3_3,10000001,263785533696,4210379,4206955,0,3367,scenario3
S2_reprodscen3_3,10000001,263789405952,3704946,3703547,0,3367,scenario3
S2_reprodscen3_3,10000001,263834407168,3602200,3599271,0,3369,scenario3
S2_reprodscen3_3,10000001,263839679744,3458618,3455752,0,3370,scenario3
S2_reprodscen3_3,10000001,263876295424,4119770,4117630,0,3371,scenario3
S2_reprodscen3_3,10000001,263919871488,3415730,3414265,0,3372,scenario3
S2_reprodscen3_3,10000001,263985385216,3421044,3419529,0,3373,scenario3
S2_reprodscen3_3,10000001,263990979072,3725374,3722409,0,3374,scenario3
S2_reprodscen3_3,10000001,264010980352,3591732,3588763,0,3375,scenario3
S2_reprodscen3_3,10000001,264068315136,3712408,3710764,0,3376,scenario3
S2_reprodscen3_3,10000001,264099340032,3412565,3411119,0,3377,scenario3
S2_reprodscen3_3,10000001,264152526080,3462815,3461231,0,3378,scenario3
S2_reprodscen3_3,10000001,264219025664,3608421,3605485,0,3379,scenario3
S2_reprodscen3_3,10000001,264260525568,3812212,3810196,0,3380,scenario3
S2_reprodscen3_3,10000001,264285918208,3878230,3876596,0,3381,scenario3
S2_reprodscen3_3,10000001,264300775936,3643995,3642392,0,3382,scenario3
S2_reprodscen3_3,10000001,264327119360,3773812,3771952,0,3383,scenario3
S2_reprodscen3_3,10000001,264343734272,4194969,4192012,0,3384,scenario3
S2_reprodscen3_3,10000001,264403191808,3391030,3389501,0,3385,scenario3
S2_reprodscen3_3,10000001,264467590912,4446515,4443456,0,3386,scenario3
S2_reprodscen3_3,10000001,264613790208,3593328,3591851,0,3387,scenario3
S2_reprodscen3_3,10000001,264617313536,3360194,3359011,0,3387,scenario3
S2_reprodscen3_3,10000001,264646808064,3351305,3349904,0,3389,scenario3
S2_reprodscen3_3,10000001,264703923968,4093512,4091858,0,3390,scenario3
S2_reprodscen3_3,10000001,264708090880,4021722,4020324,0,3390,scenario3
S2_reprodscen3_3,10000001,264722442752,3380832,3379230,0,3392,scenario3
S2_reprodscen3_3,10000001,264735270656,4035887,4034019,0,3393,scenario3
S2_reprodscen3_3,10000001,264739168512,3768128,3766786,0,3393,scenario3
S2_reprodscen3_3,10000001,264742638592,3297783,3296826,0,3394,scenario3
S2_reprodscen3_3,10000001,264801513984,3611755,3610142,0,3396,scenario3
S2_reprodscen3_3,10000001,264836042240,3788916,3787280,0,3397,scenario3
S2_reprodscen3_3,10000001,264839956736,3717794,3716479,0,3398,scenario3
S2_reprodscen3_3,10000001,264913899264,3367799,3366229,0,3399,scenario3
S2_reprodscen3_3,10000001,264932599808,3739780,3738409,0,3400,scenario3
S2_reprodscen3_3,10000001,265087671040,3564235,3562347,0,3401,scenario3
S2_reprodscen3_3,10000001,265131936000,3508542,3505581,0,3402,scenario3
S2_reprodscen3_3,10000001,265137979392,3536214,3534786,0,3403,scenario3
S2_reprodscen3_3,10000001,265148313856,3365000,3363558,0,3404,scenario3
S2_reprodscen3_3,10000001,265210527744,3436943,3435513,0,3405,scenario3
S2_reprodscen3_3,10000001,265215986432,3754132,3752736,0,3406,scenario3
S2_reprodscen3_3,10000001,265219689472,3562147,3560911,0,3406,scenario3
S2_reprodscen3_3,10000001,265312367872,3621982,3619026,0,3408,scenario3
S2_reprodscen3_3,10000001,265319644160,3818969,3817060,0,3409,scenario3
S2_reprodscen3_3,10000001,265353544960,3345166,3343619,0,3410,scenario3
S2_reprodscen3_3,10000001,265438924544,3345770,3344350,0,3411,scenario3
S2_reprodscen3_3,10000001,265496384000,3625826,3624098,0,3412,scenario3
S2_reprodscen3_3,10000001,265499939072,3409283,3408035,0,3412,scenario3
S2_reprodscen3_3,10000001,265503971328,3796799,3795556,0,3414,scenario3
S2_reprodscen3_3,10000001,265619707904,3355308,3353814,0,3415,scenario3
S2_reprodscen3_3,10000001,265635081472,3342910,3341487,0,3416,scenario3
S2_reprodscen3_3,10000001,265677797120,3922464,3920318,0,3417,scenario3
S2_reprodscen3_3,10000001,265681660928,3758394,3757219,0,3417,scenario3
S2_reprodscen3_3,10000001,265704100608,3765856,3762938,0,3419,scenario3
S2_reprodscen3_3,10000001,265713213184,3675290,3673799,0,3420,scenario3
S2_reprodscen3_3,10000001,265738326784,3494366,3491445,0,3421,scenario3
S2_reprodscen3_3,10000001,265762207232,4156538,4154561,0,3422,scenario3
S2_reprodscen3_3,10000001,265777919744,3608330,3605496,0,3423,scenario3
S2_reprodscen3_3,10000001,265803340544,3725741,3723776,0,3424,scenario3
S2_reprodscen3_3,10000001,265895907840,4010428,3996006,0,3425,scenario3
S2_reprodscen3_3,10000001,265951760384,3533077,3531564,0,3426,scenario3
S2_reprodscen3_3,10000001,265959344128,3711705,3710091,0,3427,scenario3
S2_reprodscen3_3,10000001,265963216640,3725825,3724290,0,3427,scenario3
S2_reprodscen3_3,10000001,265975424000,3473467,3471974,0,3429,scenario3
S2_reprodscen3_3,10000001,266026475776,3340007,3338589,0,3430,scenario3
S2_reprodscen3_3,10000001,266105956864,3374236,3371323,0,3431,scenario3
S2_reprodscen3_3,10000001,266198842368,4166999,4165352,0,3432,scenario3
S2_reprodscen3_3,10000001,266204295680,4146534,4144752,0,3433,scenario3
S2_reprodscen3_3,10000001,266208094976,3667122,3665891,0,3433,scenario3
S2_reprodscen3_3,10000001,266225016576,3813751,3811950,0,3435,scenario3
S2_reprodscen3_3,10000001,266352919296,3390283,3388862,0,3436,scenario3
S2_reprodscen3_3,10000001,266402178304,3385625,3384150,0,3437,scenario3
S2_reprodscen3_3,10000001,266411779072,3559348,3556438,0,3438,scenario3
S2_reprodscen3_3,10000001,266453260800,3782777,3780961,0,3439,scenario3
S2_reprodscen3_3,10000001,266469248512,3485468,3482619,0,3440,scenario3
S2_reprodscen3_3,10000001,266473058560,3615736,3614408,0,3440,scenario3
S2_reprodscen3_3,10000001,266491966464,3949990,3948367,0,3442,scenario3
S2_reprodscen3_3,10000001,266495503616,3396158,3394953,0,3442,scenario3
S2_reprodscen3_3,10000001,266658006272,4482200,4478791,0,3444,scenario3
S2_reprodscen3_3,10000001,266669422080,3749157,3747376,0,3445,scenario3
S2_reprodscen3_3,10000001,266692047104,3913842,3910443,0,3446,scenario3
S2_reprodscen3_3,10000001,266696100352,3910052,3908222,0,3446,scenario3
S2_reprodscen3_3,10000001,266712879872,3456003,3454330,0,3448,scenario3
S2_reprodscen3_3,10000001,266717628160,3551373,3548522,0,3449,scenario3
S2_reprodscen3_3,10000001,266729083648,4025596,4023735,0,3450,scenario3
S2_reprodscen3_3,10000001,266738221312,4090355,4088499,0,3451,scenario3
S2_reprodscen3_3,10000001,266744439296,4125556,4123799,0,3452,scenario3
S2_reprodscen3_3,10000001,266748559872,3989785,3988564,0,3452,scenario3
S2_reprodscen3_3,10000001,266763266304,3410382,3408975,0,3454,scenario3
S2_reprodscen3_3,10000001,266799715328,3729162,3727637,0,3455,scenario3
S2_reprodscen3_3,10000001,266850385920,3785622,3784048,0,3456,scenario3
S2_reprodscen3_3,10000001,266856998144,3515474,3513971,0,3457,scenario3
S2_reprodscen3_3,10000001,266865321472,3635484,3632565,0,3458,scenario3
S2_reprodscen3_3,10000001,266917463808,3399764,3398267,0,3459,scenario3
S2_reprodscen3_3,10000001,266950332928,4067648,4064329,0,3460,scenario3
S2_reprodscen3_3,10000001,267011309824,3622194,3620745,0,3461,scenario3
S2_reprodscen3_3,10000001,267057742848,3960991,3959244,0,3462,scenario3
S2_reprodscen3_3,10000001,267172912640,3927559,3925482,0,3463,scenario3
S2_reprodscen3_3,10000001,267189347328,4047495,4044518,0,3464,scenario3
S2_reprodscen3_3,10000001,267312174336,3809372,3807835,0,3465,scenario3
S2_reprodscen3_3,10000001,267335151360,3479708,3478157,0,3466,scenario3
S2_reprodscen3_3,10000001,267339715072,3490587,3489335,0,3467,scenario3
S2_reprodscen3_3,10000001,267391509760,3377631,3376228,0,3468,scenario3
S2_reprodscen3_3,10000001,267422678016,3317759,3316356,0,3469,scenario3
S2_reprodscen3_3,10000001,267430383616,3868301,3866459,0,3470,scenario3
S2_reprodscen3_3,10000001,267492349440,3428846,3425927,0,3471,scenario3
S2_reprodscen3_3,10000001,267528076544,3786681,3785123,0,3472,scenario3
S2_reprodscen3_3,10000001,267667779328,3356791,3355360,0,3473,scenario3
S2_reprodscen3_3,10000001,267679534336,3859874,3858284,0,3474,scenario3
S2_reprodscen3_3,10000001,267694920704,4027517,4025612,0,3475,scenario3
S2_reprodscen3_3,10000001,267700585216,3541484,3538573,0,3476,scenario3
S2_reprodscen3_3,10000001,267712003072,3693930,3690295,0,3477,scenario3
S2_reprodscen3_3,10000001,267735024640,3374509,3372997,0,3478,scenario3
S2_reprodscen3_3,10000001,267787282688,3367378,3365933,0,3479,scenario3
S2_reprodscen3_3,10000001,267801122304,4083300,4081357,0,3480,scenario3
S2_reprodscen3_3,10000001,267816065280,3827454,3825441,0,3481,scenario3
S2_reprodscen3_3,10000001,267847808512,3420296,3418857,0,3482,scenario3
S2_reprodscen3_3,10000001,267903348992,3575666,3574212,0,3483,scenario3
S2_reprodscen3_3,10000001,268006725888,3559518,3557886,0,3484,scenario3
S2_reprodscen3_3,10000001,268011922176,4209517,4206004,0,3485,scenario3
S2_reprodscen3_3,10000001,268015671040,3620806,3619182,0,3485,scenario3
S2_reprodscen3_3,10000001,268038023424,4089064,4086139,0,3487,scenario3
S2_reprodscen3_3,10000001,268048053504,3894088,3891135,0,3488,scenario3
S2_reprodscen3_3,10000001,268051750144,3558123,3556664,0,3488,scenario3
S2_reprodscen3_3,10000001,268076452352,3983325,3980490,0,3490,scenario3
S2_reprodscen3_3,10000001,268082728192,4225177,4223558,0,3491,scenario3
S2_reprodscen3_3,10000001,268114831104,4003392,4001286,0,3492,scenario3
S2_reprodscen3_3,10000001,268188643840,3566579,3565040,0,3493,scenario3
S2_reprodscen3_3,10000001,268193057024,4249678,4248368,0,3493,scenario3
S2_reprodscen3_3,10000001,268290054144,3408910,3407266,0,3495,scenario3
S2_reprodscen3_3,10000001,268299276288,3408222,3405292,0,3496,scenario3
S2_reprodscen3_3,10000001,268322434048,3306566,3305162,0,3497,scenario3
S2_reprodscen3_3,10000001,268420042240,3619341,3616546,0,3498,scenario3
S2_reprodscen3_3,10000001,268456241152,3499636,3496747,0,3499,scenario3
S2_reprodscen3_3,10000001,268475586304,3561680,3560153,0,3500,scenario3
S2_reprodscen3_3,10000001,268516997120,3791682,3789359,0,3501,scenario3
S2_reprodscen3_3,10000001,268536820736,3311901,3310504,0,3502,scenario3
S2_reprodscen3_3,10000001,268641946624,4073327,4070755,0,3503,scenario3
S2_reprodscen3_3,10000001,268655104768,4176964,4175472,0,3504,scenario3
S2_reprodscen3_3,10000001,268659159808,3934205,3932875,0,3504,scenario3
S2_reprodscen3_3,10000001,268668259840,4024832,4022939,0,3506,scenario3
S2_reprodscen3_3,10000001,268720173312,3793334,3791441,0,3507,scenario3
S2_reprodscen3_3,10000001,268760684032,3988420,3986812,0,3508,scenario3
S2_reprodscen3_3,10000001,268764319488,3491011,3489770,0,3508,scenario3
S2_reprodscen3_3,10000001,268783936000,3740110,3738617,0,3510,scenario3
S2_reprodscen3_3,10000001,268831952896,3483632,3482109,0,3511,scenario3
S2_reprodscen3_3,10000001,268839688960,4033888,4032017,0,3512,scenario3
S2_reprodscen3_3,10000001,268846331904,3457583,3456057,0,3513,scenario3
S2_reprodscen3_3,10000001,268892022272,3802014,3800497,0,3514,scenario3
S2_reprodscen3_3,10000001,268917068032,3508143,3506632,0,3515,scenario3
S2_reprodscen3_3,10000001,268925086976,3445511,3442635,0,3516,scenario3
S2_reprodscen3_3,10000001,268929561856,3473626,3472216,0,3517,scenario3
S2_reprodscen3_3,10000001,268942982656,3787462,3785374,0,3518,scenario3
S2_reprodscen3_3,10000001,268947353088,4057985,4056001,0,3519,scenario3
S2_reprodscen3_3,10000001,268968647168,3984068,3980966,0,3520,scenario3
S2_reprodscen3_3,10000001,268991372800,3533373,3531848,0,3521,scenario3
S2_reprodscen3_3,10000001,269026011136,3863390,3861907,0,3522,scenario3
S2_reprodscen3_3,10000001,269051772416,3524245,3522776,0,3523,scenario3
S2_reprodscen3_3,10000001,269149979904,4404483,4400833,0,3524,scenario3
S2_reprodscen3_3,10000001,269190174208,3459885,3458396,0,3525,scenario3
S2_reprodscen3_3,10000001,269299964160,3663636,3662025,0,3526,scenario3
S2_reprodscen3_3,10000001,269306110464,3976108,3974581,0,3527,scenario3
S2_reprodscen3_3,10000001,269325946880,3345971,3344508,0,3528,scenario3
S2_reprodscen3_3,10000001,269346752768,3771985,3770240,0,3529,scenario3
S2_reprodscen3_3,10000001,269354889984,3845918,3844298,0,3530,scenario3
S2_reprodscen3_3,10000001,269406821888,3324276,3322846,0,3531,scenario3
S2_reprodscen3_3,10000001,269502925056,4244500,4242055,0,3532,scenario3
S2_reprodscen3_3,10000001,269699877120,3822757,3820963,0,3533,scenario3
S2_reprodscen3_3,10000001,269714148608,3950452,3948779,0,3534,scenario3
S2_reprodscen3_3,10000001,269735542016,3984151,3982596,0,3535,scenario3
S2_reprodscen3_3,10000001,269739447296,3742618,3740924,0,3535,scenario3
S2_reprodscen3_3,10000001,269754596864,3573604,3571924,0,3537,scenario3
S2_reprodscen3_3,10000001,269840269568,3890510,3888691,0,3538,scenario3
S2_reprodscen3_3,10000001,269856181248,3481757,3480227,0,3539,scenario3
S2_reprodscen3_3,10000001,269876660480,3785466,3784022,0,3540,scenario3
S2_reprodscen3_3,10000001,269956809216,3807978,3806364,0,3541,scenario3
S2_reprodscen3_3,10000001,269970132992,3819015,3817585,0,3542,scenario3
S2_reprodscen3_3,10000001,270021185280,3423267,3421701,0,3543,scenario3
S2_reprodscen3_3,10000001,270055510016,3570062,3568615,0,3544,scenario3
S2_reprodscen3_3,10000001,270094992896,3788883,3787424,0,3545,scenario3
S2_reprodscen3_3,10000001,270135323904,3849716,3848138,0,3546,scenario3
S2_reprodscen3_3,10000001,270166971392,4063872,4060226,0,3547,scenario3
S2_reprodscen3_3,10000001,270184331776,3356714,3355285,0,3548,scenario3
S2_reprodscen3_3,10000001,270202823168,3515060,3513560,0,3549,scenario3
S2_reprodscen3_3,10000001,270223816448,4147976,4146210,0,3550,scenario3
S2_reprodscen3_3,10000001,270238784512,3941047,3937963,0,3551,scenario3
S2_reprodscen3_3,10000001,270284517120,3396366,3394933,0,3552,scenario3
S2_reprodscen3_3,10000001,270407112192,3562993,3559985,0,3553,scenario3
S2_reprodscen3_3,10000001,270412181760,3357216,3355783,0,3554,scenario3
S2_reprodscen3_3,10000001,270449468928,3491344,3489870,0,3555,scenario3
S2_reprodscen3_3,10000001,270467567616,3412249,3410789,0,3556,scenario3
S2_reprodscen3_3,10000001,270485081344,3618411,3616666,0,3557,scenario3
S2_reprodscen3_3,10000001,270488865792,3652817,3651487,0,3557,scenario3
S2_reprodscen3_3,10000001,270504987136,4023729,4021573,0,3559,scenario3
S2_reprodscen3_3,10000001,270508799232,3687546,3686414,0,3559,scenario3
S2_reprodscen3_3,10000001,270523450880,4092873,4091162,0,3561,scenario3
S2_reprodscen3_3,10000001,270535302912,3617450,3615688,0,3562,scenario3
S2_reprodscen3_3,10000001,270552814336,3952638,3950637,0,3563,scenario3
S2_reprodscen3_3,10000001,270667833088,3614749,3612997,0,3564,scenario3
S2_reprodscen3_3,10000001,270700115200,3919969,3918106,0,3565,scenario3
S2_reprodscen3_3,10000001,270777406720,3950649,3948638,0,3566,scenario3
S2_reprodscen3_3,10000001,270798808064,4017080,4003288,0,3567,scenario3
S2_reprodscen3_3,10000001,270806902784,4068309,4066173,0,3568,scenario3
S2_reprodscen3_3,10000001,270817775872,3629364,3627691,0,3569,scenario3
S2_reprodscen3_3,10000001,270835358208,3843842,3842155,0,3570,scenario3
S2_reprodscen3_3,10000001,270848034560,3397314,3395886,0,3571,scenario3
S2_reprodscen3_3,10000001,270915400448,3604759,3603290,0,3572,scenario3
S2_reprodscen3_3,10000001,270924681216,3638909,3635775,0,3573,scenario3
S2_reprodscen3_3,10000001,270928473856,3676714,3675050,0,3573,scenario3
S2_reprodscen3_3,10000001,270948955904,3426600,3425146,0,3575,scenario3
S2_reprodscen3_3,10000001,270989326848,3577888,3576397,0,3576,scenario3
S2_reprodscen3_3,10000001,271007457792,3427645,3426132,0,3577,scenario3
S2_reprodscen3_3,10000001,271010869248,3260911,3259737,0,3577,scenario3
S2_reprodscen3_3,10000001,271097341184,3963872,3962321,0,3579,scenario3
S2_reprodscen3_3,10000001,271208983808,4313744,4309739,0,3580,scenario3
S2_reprodscen3_3,10000001,271227868928,3744083,3742244,0,3581,scenario3
S2_reprodscen3_3,10000001,271266516992,4428814,4426633,0,3582,scenario3
S2_reprodscen3_3,10000001,271272532224,4313038,4311373,0,3583,scenario3
S2_reprodscen3_3,10000001,271325934848,3361697,3360212,0,3584,scenario3
S2_reprodscen3_3,10000001,271340401408,3691741,3690068,0,3585,scenario3
S2_reprodscen3_3,10000001,271372051456,3844328,3842916,0,3586,scenario3
S2_reprodscen3_3,10000001,271394561536,3311478,3310123,0,3587,scenario3
S2_reprodscen3_3,10000001,271402121984,3504892,3503456,0,3588,scenario3
S2_reprodscen3_3,10000001,271406631936,3592913,3591312,0,3589,scenario3
S2_reprodscen3_3,10000001,271444484864,3316853,3315423,0,3590,scenario3
S2_reprodscen3_3,10000001,271459972608,3425187,3423749,0,3591,scenario3
S2_reprodscen3_3,10000001,271499240192,3541496,3539907,0,3592,scenario3
S2_reprodscen3_3,10000001,271502718464,3322870,3321592,0,3592,scenario3
S2_reprodscen3_3,10000001,271509822720,3407372,3404489,0,3594,scenario3
S2_reprodscen3_3,10000001,271564748032,4284551,4282360,0,3595,scenario3
S2_reprodscen3_3,10000001,271722078208,4386732,4385120,0,3596,scenario3
S2_reprodscen3_3,10000001,271726186240,3977796,3976634,0,3596,scenario3
S2_reprodscen3_3,10000001,271729861888,3540989,3539942,0,3597,scenario3
S2_reprodscen3_3,10000001,271756167680,3696090,3694668,0,3599,scenario3
S2_reprodscen3_3,10000001,271872531200,3678564,3675610,0,3600,scenario3
S2_reprodscen3_3,10000001,271876149760,3452789,3431843,0,3600,scenario3
S2_reprodscen3_3,10000001,271945925120,3602625,3601136,0,3602,scenario3
S2_reprodscen3_3,10000001,271960607232,3905115,3902140,0,3603,scenario3
S2_reprodscen3_3,10000001,271964594176,3868001,3866718,0,3603,scenario3
S2_reprodscen3_3,10000001,271982247680,3452855,3451285,0,3605,scenario3
S2_reprodscen3_3,10000001,272024393472,3403056,3401540,0,3606,scenario3
S2_reprodscen3_3,10000001,272039924992,3566598,3563673,0,3607,scenario3
S2_reprodscen3_3,10000001,272050640128,4115122,4111966,0,3608,scenario3
S2_reprodscen3_3,10000001,272061232128,3463739,3462175,0,3609,scenario3
S2_reprodscen3_3,10000001,272070536448,3533605,3531528,0,3610,scenario3
S2_reprodscen3_3,10000001,272088408320,3970838,3968694,0,3611,scenario3
S2_reprodscen3_3,10000001,272092483840,3955233,3953982,0,3611,scenario3
S2_reprodscen3_3,10000001,272168194560,3329053,3327597,0,3613,scenario3
S2_reprodscen3_3,10000001,272185093376,3774788,3772939,0,3614,scenario3
S2_reprodscen3_3,10000001,272189079808,3631686,3630329,0,3615,scenario3
S2_reprodscen3_3,10000001,272210307840,3675391,3673704,0,3616,scenario3
S2_reprodscen3_3,10000001,272246195456,3417835,3416310,0,3617,scenario3
S2_reprodscen3_3,10000001,272301991936,4000303,3998162,0,3618,scenario3
S2_reprodscen3_3,10000001,272389696256,4304350,4300888,0,3619,scenario3
S2_reprodscen3_3,10000001,272450106624,3337971,3336483,0,3620,scenario3
S2_reprodscen3_3,10000001,272453598976,3356789,3355609,0,3620,scenario3
S2_reprodscen3_3,10000001,272467671808,3592910,3591277,0,3622,scenario3
S2_reprodscen3_3,10000001,272507825664,3611535,3608623,0,3623,scenario3
S2_reprodscen3_3,10000001,272552320512,3832683,3831166,0,3624,scenario3
S2_reprodscen3_3,10000001,272559498496,3750567,3748631,0,3625,scenario3
S2_reprodscen3_3,10000001,272563010560,3376894,3375482,0,3625,scenario3
S2_reprodscen3_3,10000001,272694810880,3664145,3662563,0,3627,scenario3
S2_reprodscen3_3,10000001,272774317824,3978181,3976151,0,3628,scenario3
S2_reprodscen3_3,10000001,272812066304,3378430,3376982,0,3629,scenario3
S2_reprodscen3_3,10000001,272828995584,3912461,3910901,0,3630,scenario3
S2_reprodscen3_3,10000001,272862910464,3553104,3550155,0,3631,scenario3
S2_reprodscen3_3,10000001,272872471040,4024507,4022951,0,3632,scenario3
S2_reprodscen3_3,10000001,272928316416,3523636,3520587,0,3633,scenario3
S2_reprodscen3_3,10000001,272963802880,3597327,3594302,0,3634,scenario3
S2_reprodscen3_3,10000001,272978053888,3607736,3604699,0,3635,scenario3
S2_reprodscen3_3,10000001,273000493056,3791086,3789533,0,3636,scenario3
S2_reprodscen3_3,10000001,273004175872,3519052,3517833,0,3636,scenario3
S2_reprodscen3_3,10000001,273019230720,4175417,4173629,0,3638,scenario3
S2_reprodscen3_3,10000001,273044772096,3468898,3466050,0,3639,scenario3
S2_reprodscen3_3,10000001,273086259968,3571267,3568402,0,3640,scenario3
S2_reprodscen3_3,10000001,273125488640,3570070,3567129,0,3641,scenario3
S2_reprodscen3_3,10000001,273132590080,3426987,3424103,0,3642,scenario3
S2_reprodscen3_3,10000001,273137725696,3316536,3315192,0,3643,scenario3
S2_reprodscen3_3,10000001,273176032000,3546227,3544254,0,3644,scenario3
S2_reprodscen3_3,10000001,273228529920,3648444,3645580,0,3645,scenario3
S2_reprodscen3_3,10000001,273261506304,3365526,3364135,0,3646,scenario3
S2_reprodscen3_3,10000001,273272288000,3898311,3896415,0,3647,scenario3
S2_reprodscen3_3,10000001,273316352256,3815878,3814386,0,3648,scenario3
S2_reprodscen3_3,10000001,273349496320,3560708,3559172,0,3649,scenario3
S2_reprodscen3_3,10000001,273413626624,3467345,3465763,0,3650,scenario3
S2_reprodscen3_3,10000001,273417052672,3255966,3254372,0,3650,scenario3
S2_reprodscen3_3,10000001,273457351680,3427430,3426002,0,3652,scenario3
S2_reprodscen3_3,10000001,273481914880,3706478,3704846,0,3653,scenario3
S2_reprodscen3_3,10000001,273485763328,3700385,3698808,0,3653,scenario3
S2_reprodscen3_3,10000001,273498827776,3319425,3317902,0,3655,scenario3
S2_reprodscen3_3,10000001,273509361664,3714742,3713149,0,3656,scenario3
S2_reprodscen3_3,10000001,273544478464,3531971,3530538,0,3657,scenario3
S2_reprodscen3_3,10000001,273548123904,3460455,3454269,0,3657,scenario3
S2_reprodscen3_3,10000001,273721018112,3423222,3421862,0,3659,scenario3
S2_reprodscen3_3,10000001,273756574720,3755300,3753820,0,3660,scenario3
S2_reprodscen3_3,10000001,273760318720,3568708,3566922,0,3660,scenario3
S2_reprodscen3_3,10000001,273767515136,3419500,3418000,0,3662,scenario3
S2_reprodscen3_3,10000001,273786292736,3949303,3947373,0,3663,scenario3
S2_reprodscen3_3,10000001,273803919104,3410268,3408815,0,3664,scenario3
S2_reprodscen3_3,10000001,273820675840,3913574,3911622,0,3665,scenario3
S2_reprodscen3_3,10000001,273824350464,3523547,3522030,0,3665,scenario3
S2_reprodscen3_3,10000001,273841701888,3422604,3421276,0,3667,scenario3
S2_reprodscen3_3,10000001,273858308608,3717434,3715434,0,3668,scenario3
S2_reprodscen3_3,10000001,273862032384,3591942,3590350,0,3668,scenario3
S2_reprodscen3_3,10000001,273890886656,3993504,3991880,0,3670,scenario3
S2_reprodscen3_3,10000001,273925828096,3715451,3713415,0,3671,scenario3
S2_reprodscen3_3,10000001,273955920896,3545650,3544134,0,3672,scenario3
S2_reprodscen3_3,10000001,273968177408,3489212,3486320,0,3673,scenario3
S2_reprodscen3_3,10000001,273987338752,3366993,3365533,0,3674,scenario3
S2_reprodscen3_3,10000001,274012740608,3531650,3528770,0,3675,scenario3
S2_reprodscen3_3,10000001,274027194624,3667521,3665796,0,3676,scenario3
S2_reprodscen3_3,10000001,274122149376,3443739,3442326,0,3677,scenario3
S2_reprodscen3_3,10000001,274125957120,3645201,3643938,0,3677,scenario3
S2_reprodscen3_3,10000001,274166486784,4210354,4206889,0,3679,scenario3
S2_reprodscen3_3,10000001,274259966464,3429918,3428526,0,3680,scenario3
S2_reprodscen3_3,10000001,274305573632,3719054,3716071,0,3681,scenario3
S2_reprodscen3_3,10000001,274336863744,3641439,3639857,0,3682,scenario3
S2_reprodscen3_3,10000001,274348035840,3651345,3648475,0,3683,scenario3
S2_reprodscen3_3,10000001,274352555520,3753544,3751853,0,3684,scenario3
S2_reprodscen3_3,10000001,274417491456,3492578,3489643,0,3685,scenario3
S2_reprodscen3_3,10000001,274436664832,3480413,3477424,0,3686,scenario3
S2_reprodscen3_3,10000001,274440150784,3331405,3330235,0,3686,scenario3
S2_reprodscen3_3,10000001,274468120320,3627604,3624674,0,3688,scenario3
S2_reprodscen3_3,10000001,274554478848,3804672,3802972,0,3689,scenario3
S2_reprodscen3_3,10000001,274563293952,3410004,3408442,0,3690,scenario3
S2_reprodscen3_3,10000001,274705810432,3561327,3558389,0,3691,scenario3
S2_reprodscen3_3,10000001,274727842560,3316605,3315245,0,3692,scenario3
S2_reprodscen3_3,10000001,274753542912,3639478,3636629,0,3693,scenario3
S2_reprodscen3_3,10000001,274788715520,3794036,3792328,0,3694,scenario3
S2_reprodscen3_3,10000001,274792744960,3859244,3857592,0,3694,scenario3
S2_reprodscen3_3,10000001,274815144192,3806540,3804898,0,3696,scenario3
S2_reprodscen3_3,10000001,274818676992,3309038,3307800,0,3696,scenario3
S2_reprodscen3_3,10000001,274834432768,3664124,3662608,0,3698,scenario3
S2_reprodscen3_3,10000001,274846483968,3306979,3305602,0,3699,scenario3
S2_reprodscen3_3,10000001,274863741184,3391520,3390151,0,3700,scenario3
S2_reprodscen3_3,10000001,274881256704,3636128,3633218,0,3701,scenario3
S2_reprodscen3_3,10000001,274903540992,3850948,3849195,0,3702,scenario3
S2_reprodscen3_3,10000001,274909251072,4152125,4149162,0,3703,scenario3
S2_reprodscen3_3,10000001,275095941888,3697192,3695610,0,3704,scenario3
S2_reprodscen3_3,10000001,275141201664,3687820,3686302,0,3705,scenario3
S2_reprodscen3_3,10000001,275145624576,3546793,3545186,0,3706,scenario3
S2_reprodscen3_3,10000001,275172882944,3614304,3611484,0,3707,scenario3
S2_reprodscen3_3,10000001,275210968576,3461770,3460283,0,3708,scenario3
S2_reprodscen3_3,10000001,275214425088,3293158,3291923,0,3708,scenario3
S2_reprodscen3_3,10000001,275243762688,3727320,3725516,0,3710,scenario3
S2_reprodscen3_3,10000001,275283678720,3372711,3371306,0,3711,scenario3
S2_reprodscen3_3,10000001,275329517568,3820197,3818528,0,3712,scenario3
S2_reprodscen3_3,10000001,275365705984,3743601,3740717,0,3713,scenario3
S2_reprodscen3_3,10000001,275369849856,3995785,3994167,0,3713,scenario3
S2_reprodscen3_3,10000001,275383447040,4046505,4044746,0,3715,scenario3
S2_reprodscen3_3,10000001,275399155968,3399412,3396482,0,3716,scenario3
S2_reprodscen3_3,10000001,275405441536,3358700,3357342,0,3717,scenario3
S2_reprodscen3_3,10000001,275417012992,3837738,3836043,0,3718,scenario3
S2_reprodscen3_3,10000001,275427921408,3385595,3384225,0,3719,scenario3
S2_reprodscen3_3,10000001,275524744448,3943370,3940303,0,3720,scenario3
S2_reprodscen3_3,10000001,275529978624,3662995,3661566,0,3721,scenario3
S2_reprodscen3_3,10000001,275577877760,3553461,3552067,0,3722,scenario3
S2_reprodscen3_3,10000001,275581440512,3398702,3397498,0,3722,scenario3
S2_reprodscen3_3,10000001,275706554112,3533127,3531480,0,3724,scenario3
S2_reprodscen3_3,10000001,275710220544,3528394,3527048,0,3724,scenario3
S2_reprodscen3_3,10000001,275723568640,3557699,3556146,0,3726,scenario3
S2_reprodscen3_3,10000001,275760290304,4082879,4081222,0,3727,scenario3
S2_reprodscen3_3,10000001,275781952768,3376952,3375505,0,3728,scenario3
S2_reprodscen3_3,10000001,275785692928,3599353,3598145,0,3728,scenario3
S2_reprodscen3_3,10000001,275789370880,3566776,3565594,0,3729,scenario3
S2_reprodscen3_3,10000001,275802960640,3361153,3358225,0,3731,scenario3
S2_reprodscen3_3,10000001,275831744256,3973072,3971530,0,3732,scenario3
S2_reprodscen3_3,10000001,275844770048,3598658,3595710,0,3733,scenario3
S2_reprodscen3_3,10000001,275870061312,3972513,3970685,0,3734,scenario3
S2_reprodscen3_3,10000001,275888953344,3585708,3584059,0,3735,scenario3
S2_reprodscen3_3,10000001,275914233600,3595833,3594371,0,3736,scenario3
S2_reprodscen3_3,10000001,275924374016,3444986,3442755,0,3737,scenario3
S2_reprodscen3_3,10000001,275989015296,3830386,3827456,0,3738,scenario3
S2_reprodscen3_3,10000001,276012782592,3371402,3369938,0,3739,scenario3
S2_reprodscen3_3,10000001,276018456064,3907367,3904426,0,3740,scenario3
S2_reprodscen3_3,10000001,276040905728,4144897,4143323,0,3741,scenario3
S2_reprodscen3_3,10000001,276098799872,3658683,3656990,0,3742,scenario3
S2_reprodscen3_3,10000001,276141701888,3463653,3462156,0,3743,scenario3
S2_reprodscen3_3,10000001,276159277056,3698737,3696964,0,3744,scenario3
S2_reprodscen3_3,10000001,276167243520,3494625,3492855,0,3745,scenario3
S2_reprodscen3_3,10000001,276225890304,4016929,4014930,0,3746,scenario3
S2_reprodscen3_3,10000001,276236208896,4081224,4079630,0,3747,scenario3
S2_reprodscen3_3,10000001,276285015808,3544190,3541253,0,3748,scenario3
S2_reprodscen3_3,10000001,276328229120,3438449,3435529,0,3749,scenario3
S2_reprodscen3_3,10000001,276359429120,3408545,3407099,0,3750,scenario3
S2_reprodscen3_3,10000001,276374179840,3819727,3817988,0,3751,scenario3
S2_reprodscen3_3,10000001,276423992320,3415111,3413727,0,3752,scenario3
S2_reprodscen3_3,10000001,276442155008,3316940,3315537,0,3753,scenario3
S2_reprodscen3_3,10000001,276449528064,3455781,3454456,0,3754,scenario3
S2_reprodscen3_3,10000001,276538408192,3952111,3950515,0,3755,scenario3
S2_reprodscen3_3,10000001,276585400576,3851703,3850059,0,3756,scenario3
S2_reprodscen3_3,10000001,276714371072,3334172,3332674,0,3757,scenario3
S2_reprodscen3_3,10000001,276728609792,3341972,3340521,0,3758,scenario3
S2_reprodscen3_3,10000001,276751368704,3765566,3763988,0,3759,scenario3
S2_reprodscen3_3,10000001,276776897024,3922555,3919659,0,3760,scenario3
S2_reprodscen3_3,10000001,276819411456,3318227,3316829,0,3761,scenario3
S2_reprodscen3_3,10000001,276848752128,3342205,3340760,0,3762,scenario3
S2_reprodscen3_3,10000001,276862017792,4328501,4326157,0,3763,scenario3
S2_reprodscen3_3,10000001,276870042624,4059025,4057188,0,3764,scenario3
S2_reprodscen3_3,10000001,276873743616,3560331,3558908,0,3764,scenario3
S2_reprodscen3_3,10000001,276877982976,3880237,3878476,0,3766,scenario3
S2_reprodscen3_3,10000001,276907538944,3947862,3946415,0,3767,scenario3
S2_reprodscen3_3,10000001,276918693632,3788808,3786859,0,3768,scenario3
S2_reprodscen3_3,10000001,276977899264,3942500,3940897,0,3769,scenario3
S2_reprodscen3_3,10000001,277037510656,3367951,3366523,0,3770,scenario3
S2_reprodscen3_3,10000001,277049991680,3575465,3572571,0,3771,scenario3
S2_reprodscen3_3,10000001,277088272896,3492046,3489186,0,3772,scenario3
S2_reprodscen3_3,10000001,277098857472,3856332,3854449,0,3773,scenario3
S2_reprodscen3_3,10000001,277172627968,3576829,3564611,0,3774,scenario3
S2_reprodscen3_3,10000001,277209801216,3411970,3410510,0,3775,scenario3
S2_reprodscen3_3,10000001,277241325568,3535901,3532968,0,3776,scenario3
S2_reprodscen3_3,10000001,277273379328,3381480,3380090,0,3777,scenario3
S2_reprodscen3_3,10000001,277284287744,4147575,4145851,0,3778,scenario3
S2_reprodscen3_3,10000001,277288251904,3847875,3846727,0,3778,scenario3
S2_reprodscen3_3,10000001,277292170240,3767835,3766806,0,3779,scenario3
S2_reprodscen3_3,10000001,277305881344,4102772,4099658,0,3781,scenario3
S2_reprodscen3_3,10000001,277311196160,4042715,4040975,0,3782,scenario3
S2_reprodscen3_3,10000001,277391182848,3985562,3984076,0,3783,scenario3
S2_reprodscen3_3,10000001,277395379712,4030436,4028932,0,3783,scenario3
S2_reprodscen3_3,10000001,277432062976,3500561,3497633,0,3785,scenario3
S2_reprodscen3_3,10000001,277483363072,3510424,3496570,0,3786,scenario3
S2_reprodscen3_3,10000001,277507735552,3414901,3412083,0,3787,scenario3
S2_reprodscen3_3,10000001,277542391296,4102852,4101083,0,3788,scenario3
S2_reprodscen3_3,10000001,277566971392,4424855,4420716,0,3789,scenario3
S2_reprodscen3_3,10000001,277712252928,3534048,3532667,0,3790,scenario3
S2_reprodscen3_3,10000001,277715749632,3353814,3352625,0,3790,scenario3
S2_reprodscen3_3,10000001,277719240704,3398489,3397514,0,3791,scenario3
S2_reprodscen3_3,10000001,277744787968,3389518,3388091,0,3793,scenario3
S2_reprodscen3_3,10000001,277789935872,3357941,3356529,0,3794,scenario3
S2_reprodscen3_3,10000001,277806322688,3397886,3395040,0,3795,scenario3
S2_reprodscen3_3,10000001,277886794240,3546242,3544762,0,3796,scenario3
S2_reprodscen3_3,10000001,277937734656,3360436,3358943,0,3797,scenario3
S2_reprodscen3_3,10000001,277944386304,3610351,3607415,0,3798,scenario3
S2_reprodscen3_3,10000001,277954263808,3359500,3358060,0,3799,scenario3
S2_reprodscen3_3,10000001,277957755392,3344260,3343022,0,3799,scenario3
S2_reprodscen3_3,10000001,278000992000,3725259,3723156,0,3801,scenario3
S2_reprodscen3_3,10000001,278004781312,3618431,3617094,0,3801,scenario3
S2_reprodscen3_3,10000001,278059145472,3463436,3461742,0,3803,scenario3
S2_reprodscen3_3,10000001,278075829760,3911093,3908979,0,3804,scenario3
S2_reprodscen3_3,10000001,278079559680,3579892,3578275,0,3804,scenario3
S2_reprodscen3_3,10000001,278106176256,3912004,3909868,0,3806,scenario3
S2_reprodscen3_3,10000001,278116318208,3801992,3800615,0,3807,scenario3
S2_reprodscen3_3,10000001,278130811648,3792943,3790862,0,3808,scenario3
S2_reprodscen3_3,10000001,278134435584,3435685,3434504,0,3808,scenario3
S2_reprodscen3_3,10000001,278155851776,3673268,3671208,0,3810,scenario3
S2_reprodscen3_3,10000001,278159325440,3324103,3322901,0,3810,scenario3
S2_reprodscen3_3,10000001,278212178176,3380824,3379402,0,3812,scenario3
S2_reprodscen3_3,10000001,278216257792,3913346,3911643,0,3812,scenario3
S2_reprodscen3_3,10000001,278221163520,3864850,3861944,0,3814,scenario3
S2_reprodscen3_3,10000001,278291734784,3390106,3388522,0,3815,scenario3
S2_reprodscen3_3,10000001,278338351616,3771853,3770067,0,3816,scenario3
S2_reprodscen3_3,10000001,278346526720,3471731,3468836,0,3817,scenario3
S2_reprodscen3_3,10000001,278374256128,3948165,3944913,0,3818,scenario3
S2_reprodscen3_3,10000001,278429058816,3672724,3671267,0,3819,scenario3
S2_reprodscen3_3,10000001,278484205056,3431273,3427779,0,3820,scenario3
S2_reprodscen3_3,10000001,278535624192,3520612,3518893,0,3821,scenario3
S2_reprodscen3_3,10000001,278587973888,3813008,3809929,0,3822,scenario3
S2_reprodscen3_3,10000001,278608515328,3959427,3957933,0,3823,scenario3
S2_reprodscen3_3,10000001,278740207616,3393967,3392525,0,3824,scenario3
S2_reprodscen3_3,10000001,278743806464,3460162,3458569,0,3824,scenario3
S2_reprodscen3_3,10000001,278768613888,3323064,3321709,0,3826,scenario3
S2_reprodscen3_3,10000001,278772098560,3345617,3344419,0,3826,scenario3
S2_reprodscen3_3,10000001,278776339968,3404028,3401160,0,3828,scenario3
S2_reprodscen3_3,10000001,278816584704,3389570,3388150,0,3829,scenario3
S2_reprodscen3_3,10000001,278821625088,3429237,3426295,0,3830,scenario3
S2_reprodscen3_3,10000001,278833251328,3790904,3787524,0,3831,scenario3
S2_reprodscen3_3,10000001,278855361536,3666135,3664277,0,3832,scenario3
S2_reprodscen3_3,10000001,278872874752,3972843,3969731,0,3833,scenario3
S2_reprodscen3_3,10000001,278938740480,3617028,3615439,0,3834,scenario3
S2_reprodscen3_3,10000001,278982883072,3509776,3507003,0,3835,scenario3
S2_reprodscen3_3,10000001,279012384256,3749297,3745958,0,3836,scenario3
S2_reprodscen3_3,10000001,279067192832,3319116,3317620,0,3837,scenario3
S2_reprodscen3_3,10000001,279122532864,3343587,3342087,0,3838,scenario3
S2_reprodscen3_3,10000001,279126026752,3343668,3330510,0,3838,scenario3
S2_reprodscen3_3,10000001,279170821120,4107496,4104002,0,3840,scenario3
S2_reprodscen3_3,10000001,279195009024,3900098,3896414,0,3841,scenario3
S2_reprodscen3_3,10000001,279202874624,3796293,3794251,0,3842,scenario3
S2_reprodscen3_3,10000001,279211862272,3488822,3485849,0,3843,scenario3
S2_reprodscen3_3,10000001,279231437824,3756223,3753275,0,3844,scenario3
S2_reprodscen3_3,10000001,279241378304,3529644,3526703,0,3845,scenario3
S2_reprodscen3_3,10000001,279255569152,3412390,3410985,0,3846,scenario3
S2_reprodscen3_3,10000001,279295833856,3374644,3371728,0,3847,scenario3
S2_reprodscen3_3,10000001,279312528384,3643569,3640695,0,3848,scenario3
S2_reprodscen3_3,10000001,279386479104,3460277,3458783,0,3849,scenario3
S2_reprodscen3_3,10000001,279392516096,3411468,3410024,0,3850,scenario3
S2_reprodscen3_3,10000001,279412728832,3317669,3316276,0,3851,scenario3
S2_reprodscen3_3,10000001,279437300480,3670292,3667289,0,3852,scenario3
S2_reprodscen3_3,10000001,279445943808,4112151,4110228,0,3853,scenario3
S2_reprodscen3_3,10000001,279495531776,3345009,3343535,0,3854,scenario3
S2_reprodscen3_3,10000001,279528145152,3631858,3628970,0,3855,scenario3
S2_reprodscen3_3,10000001,279571906560,4083507,4080441,0,3856,scenario3
S2_reprodscen3_3,10000001,279601478912,3485569,3482760,0,3857,scenario3
S2_reprodscen3_3,10000001,279770440192,3308852,3307469,0,3858,scenario3
S2_reprodscen3_3,10000001,279784920320,3380980,3378105,0,3859,scenario3
S2_reprodscen3_3,10000001,279797850624,4048870,4045379,0,3860,scenario3
S2_reprodscen3_3,10000001,279840583424,3695871,3694423,0,3861,scenario3
S2_reprodscen3_3,10000001,279870573312,3325498,3324152,0,3862,scenario3
S2_reprodscen3_3,10000001,279874387968,3695033,3693304,0,3862,scenario3
S2_reprodscen3_3,10000001,279893962752,3340143,3338794,0,3864,scenario3
S2_reprodscen3_3,10000001,279931281408,4202423,4200373,0,3865,scenario3
S2_reprodscen3_3,10000001,279949587456,3390799,3389444,0,3866,scenario3
S2_reprodscen3_3,10000001,280002699264,3356170,3354803,0,3867,scenario3
S2_reprodscen3_3,10000001,280009033472,3488549,3485534,0,3868,scenario3
S2_reprodscen3_3,10000001,280019251456,3407874,3406402,0,3869,scenario3
S2_reprodscen3_3,10000001,280033879552,3601751,3598896,0,3870,scenario3
S2_reprodscen3_3,10000001,280081845504,3320046,3318721,0,3871,scenario3
S2_reprodscen3_3,10000001,280086507264,3522921,3521351,0,3872,scenario3
S2_reprodscen3_3,10000001,280091587072,3454924,3453463,0,3873,scenario3
S2_reprodscen3_3,10000001,280143027200,3859034,3857374,0,3874,scenario3
S2_reprodscen3_3,10000001,280150818304,3463215,3461803,0,3875,scenario3
S2_reprodscen3_3,10000001,280154230016,3259502,3258364,0,3875,scenario3
S2_reprodscen3_3,10000001,280157639936,3332444,3329557,0,3876,scenario3
S2_reprodscen3_3,10000001,280168238080,3392351,3390938,0,3878,scenario3
S2_reprodscen3_3,10000001,280216900096,3847852,3846235,0,3879,scenario3
S2_reprodscen3_3,10000001,280237990912,3698406,3697014,0,3880,scenario3
S2_reprodscen3_3,10000001,280250305536,3630168,3627786,0,3881,scenario3
S2_reprodscen3_3,10000001,280253929984,3505874,3504645,0,3881,scenario3
S2_reprodscen3_3,10000001,280267137280,4088493,4086696,0,3883,scenario3
S2_reprodscen3_3,10000001,280287812608,3381225,3379823,0,3884,scenario3
S2_reprodscen3_3,10000001,280320089088,3461780,3460276,0,3885,scenario3
S2_reprodscen3_3,10000001,280404569088,3686495,3684996,0,3886,scenario3
S2_reprodscen3_3,10000001,280431855104,3653422,3650388,0,3887,scenario3
S2_reprodscen3_3,10000001,280445761792,3342877,3341466,0,3888,scenario3
S2_reprodscen3_3,10000001,280563109120,3317648,3316228,0,3889,scenario3
S2_reprodscen3_3,10000001,280573612800,3651143,3649527,0,3890,scenario3
S2_reprodscen3_3,10000001,280620313856,4016873,4014858,0,3891,scenario3
S2_reprodscen3_3,10000001,280759490304,3794624,3792633,0,3892,scenario3
S2_reprodscen3_3,10000001,280763220992,3584245,3582639,0,3892,scenario3
S2_reprodscen3_3,10000001,280767515392,4157332,4155774,0,3893,scenario3
S2_reprodscen3_3,10000001,280807939072,3412016,3409226,0,3895,scenario3
S2_reprodscen3_3,10000001,280824386816,3488514,3485520,0,3896,scenario3
S2_reprodscen3_3,10000001,280887610112,3500250,3498486,0,3897,scenario3
S2_reprodscen3_3,10000001,280899771392,3450139,3448700,0,3898,scenario3
S2_reprodscen3_3,10000001,280918345728,3853684,3851673,0,3899,scenario3
S2_reprodscen3_3,10000001,280922043136,3525704,3524257,0,3899,scenario3
S2_reprodscen3_3,10000001,280926986752,3797017,3794954,0,3901,scenario3
S2_reprodscen3_3,10000001,280930846976,3764788,3763312,0,3901,scenario3
S2_reprodscen3_3,10000001,280969825024,3535756,3534118,0,3903,scenario3
S2_reprodscen3_3,10000001,281011998976,3341517,3340058,0,3904,scenario3
S2_reprodscen3_3,10000001,281027619840,3675495,3672534,0,3905,scenario3
S2_reprodscen3_3,10000001,281031643136,3427831,3426567,0,3906,scenario3
S2_reprodscen3_3,10000001,281125798912,3360753,3359305,0,3907,scenario3
S2_reprodscen3_3,10000001,281151419904,3649372,3646445,0,3908,scenario3
S2_reprodscen3_3,10000001,281192737792,3903043,3900959,0,3909,scenario3
S2_reprodscen3_3,10000001,281217416704,3345205,3343774,0,3910,scenario3
S2_reprodscen3_3,10000001,281245779712,3346128,3344703,0,3911,scenario3
S2_reprodscen3_3,10000001,281281056512,3322442,3321020,0,3912,scenario3
S2_reprodscen3_3,10000001,281289391616,3341539,3340076,0,3913,scenario3
S2_reprodscen3_3,10000001,281319692032,3529791,3528107,0,3914,scenario3
S2_reprodscen3_3,10000001,281359145728,3671718,3669812,0,3915,scenario3
S2_reprodscen3_3,10000001,281409911296,4103139,4101153,0,3916,scenario3
S2_reprodscen3_3,10000001,281428133120,4090766,4088663,0,3917,scenario3
S2_reprodscen3_3,10000001,281432056576,3767404,3765700,0,3917,scenario3
S2_reprodscen3_3,10000001,281450044416,3511006,3508089,0,3919,scenario3
S2_reprodscen3_3,10000001,281457695488,3895768,3893713,0,3920,scenario3
S2_reprodscen3_3,10000001,281492031744,3993432,3991225,0,3921,scenario3
S2_reprodscen3_3,10000001,281495880960,3689671,3687860,0,3921,scenario3
S2_reprodscen3_3,10000001,281509755392,3453473,3450581,0,3923,scenario3
S2_reprodscen3_3,10000001,281562252288,3721732,3719625,0,3924,scenario3
S2_reprodscen3_3,10000001,281637420544,3459025,3456055,0,3925,scenario3
S2_reprodscen3_3,10000001,281748698112,3568828,3567216,0,3926,scenario3
S2_reprodscen3_3,10000001,281753795840,4141191,4139105,0,3927,scenario3
S2_reprodscen3_3,10000001,281795307008,3564085,3562578,0,3928,scenario3
S2_reprodscen3_3,10000001,281816539136,3596328,3593449,0,3929,scenario3
S2_reprodscen3_3,10000001,281835878400,3778747,3776929,0,3930,scenario3
S2_reprodscen3_3,10000001,281846869760,3564262,3562865,0,3931,scenario3
S2_reprodscen3_3,10000001,281857581568,3899998,3897907,0,3932,scenario3
S2_reprodscen3_3,10000001,281863600640,3720317,3718812,0,3933,scenario3
S2_reprodscen3_3,10000001,281867146496,3404944,3403633,0,3933,scenario3
S2_reprodscen3_3,10000001,281872974592,3821168,3819244,0,3935,scenario3
S2_reprodscen3_3,10000001,281883261440,3809092,3807157,0,3936,scenario3
S2_reprodscen3_3,10000001,281919525888,3817531,3815761,0,3937,scenario3
S2_reprodscen3_3,10000001,281956384000,4445390,4442715,0,3938,scenario3
S2_reprodscen3_3,10000001,281984920320,3678848,3676862,0,3939,scenario3
S2_reprodscen3_3,10000001,282015227392,3617293,3615490,0,3940,scenario3
S2_reprodscen3_3,10000001,282025235712,3398688,3397375,0,3941,scenario3
S2_reprodscen3_3,10000001,282052699392,3679338,3677363,0,3942,scenario3
S2_reprodscen3_3,10000001,282077941248,3611487,3609702,0,3943,scenario3
S2_reprodscen3_3,10000001,282094456576,3960600,3958774,0,3944,scenario3
S2_reprodscen3_3,10000001,282123339008,3473648,3472176,0,3945,scenario3
S2_reprodscen3_3,10000001,282163442432,3363625,3362098,0,3946,scenario3
S2_reprodscen3_3,10000001,282181570560,4097199,4093901,0,3947,scenario3
S2_reprodscen3_3,10000001,282195982336,3389255,3387779,0,3948,scenario3
S2_reprodscen3_3,10000001,282234521600,3511993,3510435,0,3949,scenario3
S2_reprodscen3_3,10000001,282282044416,3867407,3864361,0,3950,scenario3
S2_reprodscen3_3,10000001,282285576960,3362988,3361724,0,3950,scenario3
S2_reprodscen3_3,10000001,282325036288,3406359,3404925,0,3952,scenario3
S2_reprodscen3_3,10000001,282329045760,3867054,3865863,0,3952,scenario3
S2_reprodscen3_3,10000001,282356172544,3994344,3991400,0,3954,scenario3
S2_reprodscen3_3,10000001,282407089664,3698538,3697106,0,3955,scenario3
S2_reprodscen3_3,10000001,282418445312,3755525,3752478,0,3956,scenario3
S2_reprodscen3_3,10000001,282427440128,3455358,3452438,0,3957,scenario3
S2_reprodscen3_3,10000001,282507518464,3320480,3319051,0,3958,scenario3
S2_reprodscen3_3,10000001,282619327744,3665107,3661732,0,3959,scenario3
S2_reprodscen3_3,10000001,282764340736,3480721,3477789,0,3960,scenario3
S2_reprodscen3_3,10000001,282768136960,3661521,3660339,0,3960,scenario3
S2_reprodscen3_3,10000001,282774602752,3360506,3359087,0,3962,scenario3
S2_reprodscen3_3,10000001,282778859776,4101757,4100480,0,3962,scenario3
S2_reprodscen3_3,10000001,282806799872,3978533,3975435,0,3964,scenario3
S2_reprodscen3_3,10000001,282829408512,3355068,3353641,0,3965,scenario3
S2_reprodscen3_3,10000001,282862721024,3312551,3311128,0,3966,scenario3
S2_reprodscen3_3,10000001,282987094016,3419098,3416157,0,3967,scenario3
S2_reprodscen3_3,10000001,282996925440,4108215,4106489,0,3968,scenario3
S2_reprodscen3_3,10000001,283021597952,3336491,3333637,0,3969,scenario3
S2_reprodscen3_3,10000001,283036852736,3421815,3418880,0,3970,scenario3
S2_reprodscen3_3,10000001,283057019904,3366644,3365203,0,3971,scenario3
S2_reprodscen3_3,10000001,283084474112,3414709,3411868,0,3972,scenario3
S2_reprodscen3_3,10000001,283106659584,3307279,3305860,0,3973,scenario3
S2_reprodscen3_3,10000001,283125115904,3470253,3467478,0,3974,scenario3
S2_reprodscen3_3,10000001,283143170304,3324149,3322781,0,3975,scenario3
S2_reprodscen3_3,10000001,283194767104,3467098,3465603,0,3976,scenario3
S2_reprodscen3_3,10000001,283209275136,3823606,3821429,0,3977,scenario3
S2_reprodscen3_3,10000001,283284252928,3524973,3523473,0,3978,scenario3
S2_reprodscen3_3,10000001,283316519168,3435838,3434365,0,3979,scenario3
S2_reprodscen3_3,10000001,283348566016,3316575,3315126,0,3980,scenario3
S2_reprodscen3_3,10000001,283359319552,3857347,3855692,0,3981,scenario3
S2_reprodscen3_3,10000001,283385228288,3437776,3434761,0,3982,scenario3
S2_reprodscen3_3,10000001,283402226432,3350218,3348769,0,3983,scenario3
S2_reprodscen3_3,10000001,283409792768,3461297,3458394,0,3984,scenario3
S2_reprodscen3_3,10000001,283424030464,3332255,3330737,0,3985,scenario3
S2_reprodscen3_3,10000001,283441365760,3489208,3486330,0,3986,scenario3
S2_reprodscen3_3,10000001,283445845248,3531966,3530488,0,3987,scenario3
S2_reprodscen3_3,10000001,283466408192,4110481,4108262,0,3988,scenario3
S2_reprodscen3_3,10000001,283476360448,3809339,3807564,0,3989,scenario3
S2_reprodscen3_3,10000001,283483749632,3947441,3945659,0,3990,scenario3
S2_reprodscen3_3,10000001,283514525440,3453252,3451785,0,3991,scenario3
S2_reprodscen3_3,10000001,283518052608,3389870,3375824,0,3991,scenario3
S2_reprodscen3_3,10000001,283595160576,3644023,3641607,0,3993,scenario3
S2_reprodscen3_3,10000001,283764314880,3600478,3598990,0,3994,scenario3
S2_reprodscen3_3,10000001,283768337152,3884312,3882638,0,3994,scenario3
S2_reprodscen3_3,10000001,283782097664,3874391,3872402,0,3996,scenario3
S2_reprodscen3_3,10000001,283785665792,3428305,3426956,0,3996,scenario3
S2_reprodscen3_3,10000001,283789355264,3563837,3562836,0,3997,scenario3
S2_reprodscen3_3,10000001,283792865536,3388118,3387135,0,3998,scenario3
S2_reprodscen3_3,10000001,283814012160,3967059,3963978,0,4000,scenario3
S2_reprodscen3_3,10000001,283837000704,3773029,3771420,0,4001,scenario3
S2_reprodscen3_3,10000001,283848960256,3456264,3454729,0,4002,scenario3
S2_reprodscen3_3,10000001,283923962880,4059474,4056424,0,4003,scenario3
S2_reprodscen3_3,10000001,283942346240,3307784,3306482,0,4004,scenario3
S2_reprodscen3_3,10000001,283976533248,3342244,3340814,0,4005,scenario3
S2_reprodscen3_3,10000001,284044702720,4268576,4266467,0,4006,scenario3
S2_reprodscen3_3,10000001,284055054592,3456595,3454919,0,4007,scenario3
S2_reprodscen3_3,10000001,284066562304,3571252,3569610,0,4008,scenario3
S2_reprodscen3_3,10000001,284227485184,4208360,4205389,0,4009,scenario3
S2_reprodscen3_3,10000001,284270291456,3577209,3574272,0,4010,scenario3
S2_reprodscen3_3,10000001,284296284672,3438484,3436912,0,4011,scenario3
S2_reprodscen3_3,10000001,284322534144,4268721,4265730,0,4012,scenario3
S2_reprodscen3_3,10000001,284326276608,3632710,3631354,0,4012,scenario3
S2_reprodscen3_3,10000001,284338364928,3552138,3549221,0,4014,scenario3
S2_reprodscen3_3,10000001,284378292992,3306800,3305398,0,4015,scenario3
S2_reprodscen3_3,10000001,284416645888,3419123,3417678,0,4016,scenario3
S2_reprodscen3_3,10000001,284462689280,4181331,4178164,0,4017,scenario3
S2_reprodscen3_3,10000001,284483356928,3613142,3599953,0,4018,scenario3
S2_reprodscen3_3,10000001,284517419264,3348681,3347311,0,4019,scenario3
S2_reprodscen3_3,10000001,284537718528,3317159,3315759,0,4020,scenario3
S2_reprodscen3_3,10000001,284568050944,3417946,3416513,0,4021,scenario3
S2_reprodscen3_3,10000001,284571593728,3336518,3335234,0,4021,scenario3
S2_reprodscen3_3,10000001,284612800000,3599630,3596725,0,4023,scenario3
S2_reprodscen3_3,10000001,284653461248,3377074,3375565,0,4024,scenario3
S2_reprodscen3_3,10000001,284656943360,3339148,3337893,0,4024,scenario3
S2_reprodscen3_3,10000001,284664911360,4030563,4027356,0,4026,scenario3
S2_reprodscen3_3,10000001,284668495872,3484349,3483091,0,4026,scenario3
S2_reprodscen3_3,10000001,284811942656,3509893,3507082,0,4028,scenario3
S2_reprodscen3_3,10000001,284839269120,3487171,3484120,0,4029,scenario3
S2_reprodscen3_3,10000001,284842724608,3291352,3290161,0,4029,scenario3
S2_reprodscen3_3,10000001,284872359424,3958658,3955587,0,4031,scenario3
S2_reprodscen3_3,10000001,284914094592,3582654,3579754,0,4032,scenario3
S2_reprodscen3_3,10000001,284922345728,3704875,3703331,0,4033,scenario3
S2_reprodscen3_3,10000001,284981338368,3312844,3311425,0,4034,scenario3
S2_reprodscen3_3,10000001,285049835008,3496578,3494792,0,4035,scenario3
S2_reprodscen3_3,10000001,285053387776,3375511,3374175,0,4035,scenario3
S2_reprodscen3_3,10000001,285154012928,3376767,3375360,0,4037,scenario3
S2_reprodscen3_3,10000001,285170633216,3888385,3886670,0,4038,scenario3
S2_reprodscen3_3,10000001,285218418176,3400848,3397974,0,4039,scenario3
S2_reprodscen3_3,10000001,285224534528,3363773,3362348,0,4040,scenario3
S2_reprodscen3_3,10000001,285231835648,3416784,3404613,0,4041,scenario3
S2_reprodscen3_3,10000001,285278095872,3376749,3375120,0,4042,scenario3
S2_reprodscen3_3,10000001,285282522112,3374244,3372640,0,4043,scenario3
S2_reprodscen3_3,10000001,285292295168,4022194,4018947,0,4044,scenario3
S2_reprodscen3_3,10000001,285307340800,3586451,3583437,0,4045,scenario3
S2_reprodscen3_3,10000001,285326984960,4129339,4126017,0,4046,scenario3
S2_reprodscen3_3,10000001,285330663168,3564005,3562729,0,4046,scenario3
S2_reprodscen3_3,10000001,285341479168,4035708,4033981,0,4048,scenario3
S2_reprodscen3_3,10000001,285391279104,3547785,3544946,0,4049,scenario3
S2_reprodscen3_3,10000001,285415490304,3568816,3565900,0,4050,scenario3
S2_reprodscen3_3,10000001,285452613888,3481415,3478514,0,4051,scenario3
S2_reprodscen3_3,10000001,285501952512,3385004,3383538,0,4052,scenario3
S2_reprodscen3_3,10000001,285517643776,3944444,3942494,0,4053,scenario3
S2_reprodscen3_3,10000001,285576468992,3357858,3356431,0,4054,scenario3
S2_reprodscen3_3,10000001,285598622464,3307291,3305895,0,4055,scenario3
S2_reprodscen3_3,10000001,285605084416,3354685,3353262,0,4056,scenario3
S2_reprodscen3_3,10000001,285635506688,3495514,3493776,0,4057,scenario3
S2_reprodscen3_3,10000001,285646641408,3311869,3310507,0,4058,scenario3
S2_reprodscen3_3,10000001,285660775936,3548799,3547153,0,4059,scenario3
S2_reprodscen3_3,10000001,285664548096,3653255,3652075,0,4059,scenario3
S2_reprodscen3_3,10000001,285668070400,3407133,3406140,0,4060,scenario3
S2_reprodscen3_3,10000001,285790771968,3897080,3894209,0,4062,scenario3
S2_reprodscen3_3,10000001,285794113536,3227880,3226791,0,4062,scenario3
S2_reprodscen3_3,10000001,285844769792,3316795,3315325,0,4064,scenario3
S2_reprodscen3_3,10000001,285851910400,3320788,3319331,0,4065,scenario3
S2_reprodscen3_3,10000001,285881465600,3505889,3503134,0,4066,scenario3
S2_reprodscen3_3,10000001,285887534080,3361847,3360378,0,4067,scenario3
S2_reprodscen3_3,10000001,285911997952,3514501,3511590,0,4068,scenario3
S2_reprodscen3_3,10000001,285931418368,3687002,3683852,0,4069,scenario3
S2_reprodscen3_3,10000001,285949396736,3423937,3422414,0,4070,scenario3
S2_reprodscen3_3,10000001,285954167808,3652203,3649167,0,4071,scenario3
S2_reprodscen3_3,10000001,285973218560,3596567,3593676,0,4072,scenario3
S2_reprodscen3_3,10000001,286005385216,3537243,3535792,0,4073,scenario3
S2_reprodscen3_3,10000001,286021528320,3348537,3346928,0,4074,scenario3
S2_reprodscen3_3,10000001,286074017536,3584366,3581366,0,4075,scenario3
S2_reprodscen3_3,10000001,286086298368,3739676,3737961,0,4076,scenario3
S2_reprodscen3_3,10000001,286141485824,3553139,3550193,0,4077,scenario3
S2_reprodscen3_3,10000001,286148880640,3729371,3727280,0,4078,scenario3
S2_reprodscen3_3,10000001,286189541888,4096196,4093971,0,4079,scenario3
S2_reprodscen3_3,10000001,286193347072,3660353,3659052,0,4079,scenario3
S2_reprodscen3_3,10000001,286295471872,3511646,3510118,0,4081,scenario3
S2_reprodscen3_3,10000001,286299718912,3496478,3495143,0,4082,scenario3
S2_reprodscen3_3,10000001,286327056896,3611761,3609905,0,4083,scenario3
S2_reprodscen3_3,10000001,286357091328,3365929,3364458,0,4084,scenario3
S2_reprodscen3_3,10000001,286373480704,3436150,3433020,0,4085,scenario3
S2_reprodscen3_3,10000001,286388712960,3473897,3472123,0,4086,scenario3
S2_reprodscen3_3,10000001,286430462976,3888894,3886990,0,4087,scenario3
S2_reprodscen3_3,10000001,286435981312,4091003,4089159,0,4088,scenario3
S2_reprodscen3_3,10000001,286440878592,3686193,3684494,0,4089,scenario3
S2_reprodscen3_3,10000001,286468706560,3317607,3316201,0,4090,scenario3
S2_reprodscen3_3,10000001,286561012992,3363091,3360164,0,4091,scenario3
S2_reprodscen3_3,10000001,286602322432,3321366,3319756,0,4092,scenario3
S2_reprodscen3_3,10000001,286621856000,3719623,3718061,0,4093,scenario3
S2_reprodscen3_3,10000001,286657791744,3340732,3339167,0,4094,scenario3
S2_reprodscen3_3,10000001,286674063616,3319604,3318107,0,4095,scenario3
S2_reprodscen3_3,10000001,286802330880,3342681,3341164,0,4096,scenario3
S2_reprodscen3_3,10000001,286813985792,3639739,3638117,0,4097,scenario3
S2_reprodscen3_3,10000001,286817601536,3489658,3488309,0,4097,scenario3
S2_reprodscen3_3,10000001,286850313472,3322157,3320687,0,4099,scenario3
S2_reprodscen3_3,10000001,286872868864,3652360,3650713,0,4100,scenario3
S2_reprodscen3_3,10000001,286883717376,3363297,3361805,0,4101,scenario3
S2_reprodscen3_3,10000001,286906167808,3374354,3372905,0,4102,scenario3
S2_reprodscen3_3,10000001,286920820480,3685937,3684278,0,4103,scenario3
S2_reprodscen3_3,10000001,286924998144,3993949,3992176,0,4103,scenario3
S2_reprodscen3_3,10000001,286950186240,3766647,3765040,0,4105,scenario3
S2_reprodscen3_3,10000001,286965123072,3329738,3328268,0,4106,scenario3
S2_reprodscen3_3,10000001,287027237120,3342940,3341241,0,4107,scenario3
S2_reprodscen3_3,10000001,287082445824,3331671,3330155,0,4108,scenario3
S2_reprodscen3_3,10000001,287091961856,3606791,3604946,0,4109,scenario3
S2_reprodscen3_3,10000001,287123151872,3340895,3339390,0,4110,scenario3
S2_reprodscen3_3,10000001,287145675520,3702245,3700053,0,4111,scenario3
S2_reprodscen3_3,10000001,287154519808,3364852,3363359,0,4112,scenario3
S2_reprodscen3_3,10000001,287184062976,3504067,3502585,0,4113,scenario3
S2_reprodscen3_3,10000001,287223494656,3561089,3556838,0,4114,scenario3
S2_reprodscen3_3,10000001,287270034176,3871303,3868224,0,4115,scenario3
S2_reprodscen3_3,10000001,287283942144,3609009,3607435,0,4116,scenario3
S2_reprodscen3_3,10000001,287289227776,3680996,3677817,0,4117,scenario3
S2_reprodscen3_3,10000001,287293293056,3519313,3518056,0,4118,scenario3
S2_reprodscen3_3,10000001,287318467328,3307469,3306027,0,4119,scenario3
S2_reprodscen3_3,10000001,287375727104,3352253,3350627,0,4120,scenario3
S2_reprodscen3_3,10000001,287397098240,3414890,3413324,0,4121,scenario3
S2_reprodscen3_3,10000001,287421653760,3556628,3553684,0,4122,scenario3
S2_reprodscen3_3,10000001,287433884160,3487936,3486428,0,4123,scenario3
S2_reprodscen3_3,10000001,287463801600,3314301,3312799,0,4124,scenario3
S2_reprodscen3_3,10000001,287535485696,3438369,3436724,0,4125,scenario3
S2_reprodscen3_3,10000001,287539106560,3478770,3477390,0,4125,scenario3
S2_reprodscen3_3,10000001,287614696448,3312206,3310753,0,4127,scenario3
S2_reprodscen3_3,10000001,287621373696,3860728,3858518,0,4128,scenario3
S2_reprodscen3_3,10000001,287693130240,3344761,3343223,0,4129,scenario3
S2_reprodscen3_3,10000001,287809126656,4022685,4019120,0,4130,scenario3
S2_reprodscen3_3,10000001,287830216192,3941623,3938596,0,4131,scenario3
S2_reprodscen3_3,10000001,287924100864,3411330,3409675,0,4132,scenario3
S2_reprodscen3_3,10000001,287937374464,3491438,3489598,0,4133,scenario3
S2_reprodscen3_3,10000001,287965714432,3370634,3369099,0,4134,scenario3
S2_reprodscen3_3,10000001,287974023936,3559779,3556612,0,4135,scenario3
S2_reprodscen3_3,10000001,288002180096,3537470,3535856,0,4136,scenario3
S2_reprodscen3_3,10000001,288032714240,3567842,3566163,0,4137,scenario3
S2_reprodscen3_3,10000001,288036202752,3339984,3338603,0,4137,scenario3
S2_reprodscen3_3,10000001,288084235264,3653220,3651574,0,4139,scenario3
S2_reprodscen3_3,10000001,288116905728,3812856,3810440,0,4140,scenario3
S2_reprodscen3_3,10000001,288158663424,3312474,3310954,0,4141,scenario3
S2_reprodscen3_3,10000001,288222042624,3609444,3607828,0,4142,scenario3
S2_reprodscen3_3,10000001,288305599488,3827740,3825656,0,4143,scenario3
S2_reprodscen3_3,10000001,288309305088,3516218,3514661,0,4143,scenario3
S2_reprodscen3_3,10000001,288322562816,3383413,3381779,0,4145,scenario3
S2_reprodscen3_3,10000001,288342449408,3651546,3649558,0,4146,scenario3
S2_reprodscen3_3,10000001,288346076928,3459777,3458131,0,4146,scenario3
S2_reprodscen3_3,10000001,288368638208,3451623,3448600,0,4148,scenario3
S2_reprodscen3_3,10000001,288390155520,3795689,3793307,0,4149,scenario3
S2_reprodscen3_3,10000001,288425074688,3355417,3353821,0,4150,scenario3
S2_reprodscen3_3,10000001,288450052352,3917687,3915543,0,4151,scenario3
S2_reprodscen3_3,10000001,288467799552,3427097,3425352,0,4152,scenario3
S2_reprodscen3_3,10000001,288483900672,3418596,3416969,0,4153,scenario3
S2_reprodscen3_3,10000001,288523945472,3803372,3800202,0,4154,scenario3
S2_reprodscen3_3,10000001,288527466240,3375422,3374084,0,4154,scenario3
S2_reprodscen3_3,10000001,288595929088,3359226,3357689,0,4156,scenario3
S2_reprodscen3_3,10000001,288603322368,3347115,3345550,0,4157,scenario3
S2_reprodscen3_3,10000001,288625494528,4196456,4194033,0,4158,scenario3
S2_reprodscen3_3,10000001,288629414912,3755298,3753429,0,4158,scenario3
S2_reprodscen3_3,10000001,288633292032,3738263,3737244,0,4159,scenario3
S2_reprodscen3_3,10000001,288665091328,3360270,3358670,0,4161,scenario3
S2_reprodscen3_3,10000001,288807649536,3528665,3525661,0,4162,scenario3
S2_reprodscen3_3,10000001,288814753536,3482406,3480854,0,4163,scenario3
S2_reprodscen3_3,10000001,288909831680,4121684,4119385,0,4164,scenario3
S2_reprodscen3_3,10000001,288922319104,3455069,3453348,0,4165,scenario3
S2_reprodscen3_3,10000001,289063225600,3746812,3743985,0,4166,scenario3
S2_reprodscen3_3,10000001,289068977152,4206354,4203802,0,4167,scenario3
S2_reprodscen3_3,10000001,289072756736,3614930,3613423,0,4167,scenario3
S2_reprodscen3_3,10000001,289078264832,3444262,3442446,0,4169,scenario3
S2_reprodscen3_3,10000001,289117198080,3618697,3615482,0,4170,scenario3
S2_reprodscen3_3,10000001,289158587904,3943307,3940634,0,4171,scenario3
S2_reprodscen3_3,10000001,289162910464,4092749,4090297,0,4171,scenario3
S2_reprodscen3_3,10000001,289168751616,3738486,3736415,0,4173,scenario3
S2_reprodscen3_3,10000001,289172316416,3397631,3396080,0,4173,scenario3
S2_reprodscen3_3,10000001,289192211968,3555095,3552021,0,4175,scenario3
S2_reprodscen3_3,10000001,289211292672,3393365,3391626,0,4176,scenario3
S2_reprodscen3_3,10000001,289234631936,3316092,3314427,0,4177,scenario3
S2_reprodscen3_3,10000001,289256832768,4218510,4214692,0,4178,scenario3
S2_reprodscen3_3,10000001,289300364288,3579319,3577261,0,4179,scenario3
S2_reprodscen3_3,10000001,289304356096,3770935,3768695,0,4179,scenario3
S2_reprodscen3_3,10000001,289341805056,3488552,3486801,0,4181,scenario3
S2_reprodscen3_3,10000001,289363075840,3459957,3456804,0,4182,scenario3
S2_reprodscen3_3,10000001,289434341888,3318705,3317100,0,4183,scenario3
S2_reprodscen3_3,10000001,289440803584,3729719,3727826,0,4184,scenario3
S2_reprodscen3_3,10000001,289444791808,3789263,3787299,0,4184,scenario3
S2_reprodscen3_3,10000001,289468018944,3412915,3411205,0,4186,scenario3
S2_reprodscen3_3,10000001,289573548544,3471590,3469722,0,4187,scenario3
S2_reprodscen3_3,10000001,289577444096,3746772,3745193,0,4187,scenario3
S2_reprodscen3_3,10000001,289581042944,3470148,3468971,0,4188,scenario3
S2_reprodscen3_3,10000001,289588072192,3408515,3405446,0,4190,scenario3
S2_reprodscen3_3,10000001,289637468416,3443231,3440082,0,4191,scenario3
S2_reprodscen3_3,10000001,289655359488,4177580,4175559,0,4192,scenario3
S2_reprodscen3_3,10000001,289844226816,3454678,3453053,0,4193,scenario3
S2_reprodscen3_3,10000001,289859313152,3411474,3409823,0,4194,scenario3
S2_reprodscen3_3,10000001,289888782848,3622486,3619446,0,4195,scenario3
S2_reprodscen3_3,10000001,289907014656,3551379,3548307,0,4196,scenario3
S2_reprodscen3_3,10000001,289912431872,3654223,3651274,0,4197,scenario3
S2_reprodscen3_3,10000001,289924075776,3946820,3945326,0,4198,scenario3
S2_reprodscen3_3,10000001,289952778752,3424777,3421693,0,4199,scenario3
S2_reprodscen3_3,10000001,290001086720,3453313,3451616,0,4200,scenario3
S2_reprodscen3_3,10000001,290009252096,3436710,3434977,0,4201,scenario3
S2_reprodscen3_3,10000001,290074680064,3384200,3369843,0,4202,scenario3
S2_reprodscen3_3,10000001,290079480320,3808396,3806644,0,4203,scenario3
S2_reprodscen3_3,10000001,290085409536,3810970,3809230,0,4204,scenario3
S2_reprodscen3_3,10000001,290131386368,3497529,3494646,0,4205,scenario3
S2_reprodscen3_3,10000001,290138500096,3309759,3308122,0,4206,scenario3
S2_reprodscen3_3,10000001,290162781184,3379541,3377864,0,4207,scenario3
S2_reprodscen3_3,10000001,290167991296,3870126,3868418,0,4208,scenario3
S2_reprodscen3_3,10000001,290210067712,3929825,3928111,0,4209,scenario3
S2_reprodscen3_3,10000001,290230716928,3307763,3306250,0,4210,scenario3
S2_reprodscen3_3,10000001,290330481664,3808804,3805854,0,4211,scenario3
S2_reprodscen3_3,10000001,290408086016,4030465,4028724,0,4212,scenario3
S2_reprodscen3_3,10000001,290411797760,3534390,3532771,0,4212,scenario3
S2_reprodscen3_3,10000001,290482424064,3927348,3925705,0,4214,scenario3
S2_reprodscen3_3,10000001,290493166080,3357772,3356216,0,4215,scenario3
S2_reprodscen3_3,10000001,290505674240,3589230,3586164,0,4216,scenario3
S2_reprodscen3_3,10000001,290523662336,3316281,3314686,0,4217,scenario3
S2_reprodscen3_3,10000001,290538363648,3557931,3554947,0,4218,scenario3
S2_reprodscen3_3,10000001,290595585024,3538413,3536509,0,4219,scenario3
S2_reprodscen3_3,10000001,290704715776,3473679,3471942,0,4220,scenario3
S2_reprodscen3_3,10000001,290873915392,3397040,3395351,0,4221,scenario3
S2_reprodscen3_3,10000001,290894332160,3433714,3431987,0,4222,scenario3
S2_reprodscen3_3,10000001,290990491904,3314086,3312468,0,4223,scenario3
S2_reprodscen3_3,10000001,291073296128,3742457,3740623,0,4224,scenario3
S2_reprodscen3_3,10000001,291105031168,3389167,3387491,0,4225,scenario3
S2_reprodscen3_3,10000001,291125271552,3364628,3362862,0,4226,scenario3
S2_reprodscen3_3,10000001,291151323648,3992888,3990346,0,4227,scenario3
S2_reprodscen3_3,10000001,291204126976,3534965,3532978,0,4228,scenario3
S2_reprodscen3_3,10000001,291223550464,3541336,3538205,0,4229,scenario3
S2_reprodscen3_3,10000001,291280709888,3324245,3322521,0,4230,scenario3
S2_reprodscen3_3,10000001,291321510656,3869914,3867704,0,4231,scenario3
S2_reprodscen3_3,10000001,291325678336,3765683,3764147,0,4232,scenario3
S2_reprodscen3_3,10000001,291358272768,3856345,3853841,0,4233,scenario3
S2_reprodscen3_3,10000001,291367359744,3686212,3684230,0,4234,scenario3
S2_reprodscen3_3,10000001,291394108928,3774335,3771027,0,4235,scenario3
S2_reprodscen3_3,10000001,291397604608,3325827,3324278,0,4235,scenario3
S2_reprodscen3_3,10000001,291429993728,3318965,3317163,0,4237,scenario3
S2_reprodscen3_3,10000001,291444488192,3432129,3430086,0,4238,scenario3
S2_reprodscen3_3,10000001,291462668032,3380317,3378492,0,4239,scenario3
S2_reprodscen3_3,10000001,291472067328,3375449,3373670,0,4240,scenario3
S2_reprodscen3_3,10000001,291497414912,3492959,3491080,0,4241,scenario3
S2_reprodscen3_3,10000001,291527796992,3388725,3386924,0,4242,scenario3
S2_reprodscen3_3,10000001,291545386752,3607057,3603767,0,4243,scenario3
S2_reprodscen3_3,10000001,291601453056,3380320,3378530,0,4244,scenario3
S2_reprodscen3_3,10000001,291630715648,3353347,3351524,0,4245,scenario3
S2_reprodscen3_3,10000001,291665143808,3381017,3379184,0,4246,scenario3
S2_reprodscen3_3,10000001,291833516800,4278954,4276020,0,4247,scenario3
S2_reprodscen3_3,10000001,291907028480,3559321,3557211,0,4248,scenario3
S2_reprodscen3_3,10000001,291911530752,3630054,3626845,0,4249,scenario3
S2_reprodscen3_3,10000001,291957655808,3564838,3562949,0,4250,scenario3
S2_reprodscen3_3,10000001,291984006656,3483941,3480692,0,4251,scenario3
S2_reprodscen3_3,10000001,292119334656,3618339,3616475,0,4252,scenario3
S2_reprodscen3_3,10000001,292144641536,3429184,3427349,0,4253,scenario3
S2_reprodscen3_3,10000001,292167131136,3686801,3684834,0,4254,scenario3
S2_reprodscen3_3,10000001,292172376832,3446221,3444388,0,4255,scenario3
S2_reprodscen3_3,10000001,292200717312,3767145,3765265,0,4256,scenario3
S2_reprodscen3_3,10000001,292256834816,3452584,3450768,0,4257,scenario3
S2_reprodscen3_3,10000001,292391266048,3434437,3432627,0,4258,scenario3
S2_reprodscen3_3,10000001,292457554176,3406518,3404659,0,4259,scenario3
S2_reprodscen3_3,10000001,292492965888,3536568,3534624,0,4260,scenario3
S2_reprodscen3_3,10000001,292536219136,3374880,3373022,0,4261,scenario3
S2_reprodscen3_3,10000001,292553274624,4028377,4025811,0,4262,scenario3
S2_reprodscen3_3,10000001,292558361088,3808418,3806524,0,4263,scenario3
S2_reprodscen3_3,10000001,292580259840,3414318,3412515,0,4264,scenario3
S2_reprodscen3_3,10000001,292591203072,3735896,3733783,0,4265,scenario3
S2_reprodscen3_3,10000001,292594838272,3418255,3416177,0,4265,scenario3
S2_reprodscen3_3,10000001,292602576384,3558791,3555598,0,4267,scenario3
S2_reprodscen3_3,10000001,292609796864,3468349,3466125,0,4268,scenario3
S2_reprodscen3_3,10000001,292622903296,3354163,3352311,0,4269,scenario3
S2_reprodscen3_3,10000001,292920190464,3347723,3345927,0,4270,scenario3
S2_reprodscen3_3,10000001,292936988160,3923009,3919568,0,4271,scenario3
S2_reprodscen3_3,10000001,292944103424,3665398,3663476,0,4272,scenario3
S2_reprodscen3_3,10000001,292958576896,3711004,3707837,0,4273,scenario3
S2_reprodscen3_3,10000001,292962147840,3421839,3420310,0,4273,scenario3
S2_reprodscen3_3,10000001,293012142848,3679143,3677170,0,4275,scenario3
S2_reprodscen3_3,10000001,293101186048,4545518,4543018,0,4276,scenario3
S2_reprodscen3_3,10000001,293195587072,4731818,4728172,0,4277,scenario3
S2_reprodscen3_3,10000001,293233593344,3405256,3403671,0,4278,scenario3
S2_reprodscen3_3,10000001,293247865088,3616560,3615189,0,4279,scenario3
S2_reprodscen3_3,10000001,293282828544,3306413,3305022,0,4280,scenario3
S2_reprodscen3_3,10000001,293304213504,3436292,3434901,0,4281,scenario3
S2_reprodscen3_3,10000001,293428669696,3607497,3606075,0,4282,scenario3
S2_reprodscen3_3,10000001,293454242048,3641662,3638824,0,4283,scenario3
S2_reprodscen3_3,10000001,293458342400,3446591,3445151,0,4284,scenario3
S2_reprodscen3_3,10000001,293595720704,3575163,3572227,0,4285,scenario3
S2_reprodscen3_3,10000001,293618597376,3307696,3306266,0,4286,scenario3
S2_reprodscen3_3,10000001,293630337280,3687472,3685959,0,4287,scenario3
S2_reprodscen3_3,10000001,293633945856,3477745,3476470,0,4287,scenario3
S2_reprodscen3_3,10000001,293672546816,3356472,3354902,0,4289,scenario3
S2_reprodscen3_3,10000001,293856915456,3395339,3393825,0,4290,scenario3
S2_reprodscen3_3,10000001,293873033728,3314573,3313072,0,4291,scenario3
S2_reprodscen3_3,10000001,294014660096,3574208,3571327,0,4292,scenario3
S2_reprodscen3_3,10000001,294019035392,3428485,3426972,0,4293,scenario3
S2_reprodscen3_3,10000001,294076988416,3330251,3328697,0,4294,scenario3
S2_reprodscen3_3,10000001,294092440064,3458116,3455155,0,4295,scenario3
S2_reprodscen3_3,10000001,294230889728,3657963,3656486,0,4296,scenario3
S2_reprodscen3_3,10000001,294234529024,3459536,3458191,0,4296,scenario3
S2_reprodscen3_3,10000001,294259182080,3350110,3348652,0,4298,scenario3
S2_reprodscen3_3,10000001,294270894592,3771175,3768261,0,4299,scenario3
S2_reprodscen3_3,10000001,294321113600,3638187,3636559,0,4300,scenario3
S2_reprodscen3_3,10000001,294340804096,4044622,4041625,0,4301,scenario3
S2_reprodscen3_3,10000001,294344733440,3757025,3755764,0,4301,scenario3
S2_reprodscen3_3,10000001,294543638272,3358548,3357048,0,4303,scenario3
S2_reprodscen3_3,10000001,294559003904,3413566,3411955,0,4304,scenario3
S2_reprodscen3_3,10000001,294690576640,3728160,3725006,0,4305,scenario3
S2_reprodscen3_3,10000001,294880731648,3436878,3433941,0,4306,scenario3
S2_reprodscen3_3,10000001,295048906752,3358047,3356406,0,4307,scenario3
S2_reprodscen3_3,10000001,295112316416,3358462,3356837,0,4308,scenario3
S2_reprodscen3_3,10000001,295131548672,3346733,3345014,0,4309,scenario3
S2_reprodscen3_3,10000001,295206955264,3423322,3421478,0,4310,scenario3
S2_reprodscen3_3,10000001,295227440128,3448571,3446806,0,4311,scenario3
S2_reprodscen3_3,10000001,295241219584,4124864,4122542,0,4312,scenario3
S2_reprodscen3_3,10000001,295303044864,3623231,3621260,0,4313,scenario3
S2_reprodscen3_3,10000001,295357138944,3377229,3375479,0,4314,scenario3
S2_reprodscen3_3,10000001,295531289856,3965817,3962443,0,4315,scenario3
S2_reprodscen3_3,10000001,295553355008,3567772,3564564,0,4316,scenario3
S2_reprodscen3_3,10000001,295684490496,3529523,3527096,0,4317,scenario3
S2_reprodscen3_3,10000001,295688123904,3418937,3416982,0,4317,scenario3
S2_reprodscen3_3,10000001,296133783040,3375920,3374102,0,4319,scenario3
S2_reprodscen3_3,10000001,296156604928,3864592,3862511,0,4320,scenario3
S2_reprodscen3_3,10000001,296164478208,3498976,3495932,0,4321,scenario3
S2_reprodscen3_3,10000001,296189908736,3487409,3484203,0,4322,scenario3
S2_reprodscen3_3,10000001,296229186048,3425340,3423613,0,4323,scenario3
S2_reprodscen3_3,10000001,296239886592,3600591,3597431,0,4324,scenario3
S2_reprodscen3_3,10000001,296361680896,3387492,3385649,0,4325,scenario3
S2_reprodscen3_3,10000001,296390475520,3512107,3508909,0,4326,scenario3
S2_reprodscen3_3,10000001,296397750784,3481775,3479906,0,4327,scenario3
S2_reprodscen3_3,10000001,296586235136,3782819,3780597,0,4328,scenario3
S2_reprodscen3_3,10000001,296626397184,3568308,3565114,0,4329,scenario3
S2_reprodscen3_3,10000001,296884436480,3419868,3417777,0,4330,scenario3
S2_reprodscen3_3,10000001,296991790336,3325436,3323670,0,4331,scenario3
S2_reprodscen3_3,10000001,297110770176,3782459,3780542,0,4332,scenario3
S2_reprodscen3_3,10000001,297120116992,3962161,3959956,0,4333,scenario3
S2_reprodscen3_3,10000001,297149790976,3348816,3346955,0,4334,scenario3
S2_reprodscen3_3,10000001,297240472576,3324270,3322434,0,4335,scenario3
S2_reprodscen3_3,10000001,297356129536,3831275,3829138,0,4336,scenario3
S2_reprodscen3_3,10000001,297655765504,3369251,3367304,0,4337,scenario3
S2_reprodscen3_3,10000001,297941454592,3553095,3549839,0,4338,scenario3
S2_reprodscen3_3,10000001,298017599744,3398606,3396786,0,4339,scenario3
S2_reprodscen3_3,10000001,298059940864,3364857,3362938,0,4340,scenario3
S2_reprodscen3_3,10000001,298164392960,3351890,3350050,0,4341,scenario3
S2_reprodscen3_3,10000001,298212248064,4085060,4082552,0,4342,scenario3
S2_reprodscen3_3,10000001,298497139456,3556211,3553030,0,4343,scenario3
S2_reprodscen3_3,10000001,298727684352,3865570,3862353,0,4344,scenario3
S2_reprodscen3_3,10000001,298872208640,3373498,3372056,0,4345,scenario3
S2_reprodscen3_3,10000001,299113634560,3461296,3459860,0,4346,scenario3
S2_reprodscen3_3,10000001,299196892160,3447680,3446163,0,4347,scenario3
S2_reprodscen3_3,10000001,299523875840,4119054,4117570,0,4348,scenario3
S2_reprodscen3_3,10000001,299617570048,3465658,3464206,0,4349,scenario3
S2_reprodscen3_3,10000001,300176306688,3923268,3921408,0,4350,scenario3
S2_reprodscen3_3,10000001,300224403712,3855039,3853173,0,4351,scenario3
S2_reprodscen3_3,10000001,300254554368,3488661,3485755,0,4352,scenario3
S2_reprodscen3_3,10000001,300372760320,3599377,3597861,0,4353,scenario3
S2_reprodscen3_3,10000001,300729718528,3651995,3649768,0,4354,scenario3
